0.0
0.0029973313387177992
0.003319554568769808
0.003579308555351865
0.00513574798132087
0.0071148798158117265
0.0110932649793408
0.012474517975439131
0.012493169289887964
0.01307741440916422
0.013465939726976349
0.016628639906332295
0.02029909726754415
0.020610223360653088
0.023982420914027087
0.025238824241376787
0.026438198278863165
0.027316284997491835
0.028100994554713675
0.029582776221438678
0.03385617032074275
0.0345290794481957
0.03527374988270348
0.035580417842577566
0.04147603575971488
0.042200787294762794
0.0422979412172148
0.04579505066604627
0.04717333088576459
0.0480539002654728
0.04856106008524479
0.050609131496427866
0.054791436929650834
0.05557402524468518
0.05671686204774765
0.05728686561340846
0.05730715315418682
0.0628804711393918
0.06474567122401727
0.06685173416831319
0.06799098642366203
0.06972314735143645
0.07218266138980346
0.07265333731526252
0.07445082673971037
0.07466508467131368
0.07629310541552542
0.07733864701807583
0.08040995555659584
0.08283101267420512
