-2.7755575615628914e-17
0.0025558388272348756
0.007284154710309338
0.008386419346856433
0.012669548920938635
0.018948946483498853
0.01896749716870432
0.025047279524663082
0.02730635340326676
0.02797093590810721
0.03392556001579581
0.03609552763663671
0.03616879674930541
0.04078949581839237
0.04402141152497268
0.05264733009906856
0.055582222164149354
0.05842047909530806
0.05915356035968241
0.06300510401436343
0.064660055872859
0.06537948704163216
0.0683999724311055
0.06962133849294352
0.07010793977717075
0.07340306479629452
0.07659158508334658
0.0793694510402995
0.079846934483629
0.09001879109780873
0.09254701350339432
0.0958522311412961
0.09638526108731724
0.09972384730500843
0.10893453036984456
0.10938608121578453
0.1101828452647176
0.11176379324110841
0.11674070359314252
0.11696870865906127
0.11852787530931948
0.1268579576291341
0.12753805066277815
0.13711025371382274
0.13718694648670032
0.13834025414214546
0.14145126425523163
0.14480633060101455
0.14605511451635989
0.1469636501921166
