-8.673617379884035e-18
0.0009089163263870034
0.0023746083280090317
0.0029037310418549237
0.004867472323583826
0.005398470741252926
0.005697838866934866
0.008195259727584643
0.01129592138109157
0.01177364867563427
0.01325403652764094
0.01472056851566529
0.016615083058299285
0.018638585757608774
0.018933055943652292
0.019111920170167322
0.02151048687055885
0.022952583678718046
0.024316766726008465
0.02480134704208714
0.026980832359154668
0.027689494741237212
0.028861707511819955
0.03040199401974629
0.03226068800404936
0.0332874791071367
0.03345462068052385
0.036152015810406606
0.03780735136969786
0.038659808268077626
0.03957184764850499
0.042543777557760676
0.04477312536679933
0.04571530305922478
0.047147421348073586
0.0486262202000339
0.050404553519457655
0.051096924833368286
0.05252096151202695
0.05435991180902131
0.055019443215390255
0.05694720132608013
0.05708710281260312
0.05889492581666906
0.05978453239507583
0.061917834837982626
0.06492747735916023
0.0652986175761817
0.06630186784555528
0.0681100229634813
