2.6020852139652106e-17
0.0022588555189292665
0.002976872566670166
0.006308569438808269
0.006684888563682373
0.007340195137442556
0.008585471097418461
0.008949711444841248
0.010748057437604852
0.01087252450761344
0.011842307746794815
0.012490252661062082
0.013197208166064423
0.013969398129374736
0.014546193125885837
0.014777050067605017
0.015027020725091772
0.015253591576414751
0.01572520057611026
0.01655484937793688
0.018995595588445408
0.020172560153964292
0.021080922654200245
0.022110311882148473
0.025187920476593892
0.026924232243921063
0.02779566191608556
0.029024124123228877
0.030768673273727877
0.03136981973216189
0.03630677254581081
0.0394743309538074
0.0409718013614527
0.04156215427717079
0.04344966397087102
0.04500904988372943
0.04562613385628024
0.04644223393148888
0.04677316222051771
0.04830395350621457
0.04922597006998355
0.0507848784845208
0.05093728818678679
0.05513916171518934
0.0580491482263183
0.05983044662378117
0.061211919769365776
0.06240629787118857
0.06495626475028064
0.06572558100447189
