1.734723475976807e-18
0.00016165378344389775
0.0003312494306593073
0.0010180402283876174
0.0014027015261741608
0.001806207982427574
0.003318491283253115
0.0033593778394475915
0.005052017432931965
0.0059926421444412865
0.007666492212154036
0.009813363396834947
0.010495711146165322
0.011446880452958984
0.01338592574438688
0.015476638910412758
0.015971494142285207
0.01957508526806235
0.0200205917870609
0.02422507471163017
0.02507014363204936
0.028351298822548603
0.02886930153294278
0.032863304072444054
0.034108806848437256
0.039264221304154044
0.041862899745274885
0.043354614364031985
0.04598072700815362
0.048820440004203526
0.04997999774543985
0.0540287750904447
0.05656377458069755
0.059416636361803284
0.05965204147384812
0.06255604971910071
0.06283550126091351
0.06463119863475299
0.06513329369870614
0.06625456891071003
0.06772577961174693
0.06900239672097311
0.0690321514732873
0.06977883913509585
0.07017304753519951
0.07044682410646992
0.07166653884967049
0.07181131531305206
0.07216004704330391
0.07244890503073916
