-5.204170427930421e-18
0.0015235909522267332
0.0018886725650594828
0.004496831693582453
0.006025021722124621
0.007548010172584647
0.008711147259280303
0.009136228326305685
0.009918422233423761
0.010045023698790333
0.010987186555960515
0.01171456036041474
0.01199008882341532
0.012393007156470072
0.01286479302044107
0.013317677056453132
0.01423433489768741
0.014764001822859458
0.01497077018902932
0.0151838086158809
0.015577081553366094
0.016265609580337154
0.016469764237356757
0.018985364971392395
0.02030122922324682
0.02353791222032285
0.023894370639143084
0.025094852116628957
0.026230103441501326
0.028237088598599143
0.02833567396202103
0.030650691578162963
0.03527461715437085
0.03600093075796113
0.03767027061299557
0.03839353324132225
0.041534350676498404
0.042291446890014836
0.04304121542253274
0.04310097957401888
0.04411475737161377
0.045543200394383226
0.04777079194530573
0.04922852657671068
0.04978183777825703
0.050534185432061854
0.05311843434231648
0.055319185783143286
0.05740381664158139
0.05977656316654242
