-3.469446951953614e-18
0.002831480434167191
0.002832814543276668
0.004080732126683331
0.004151842642375987
0.006903969730678338
0.0069078334832727035
0.00709758027692046
0.007098934631237239
0.011066233668148873
0.01107202841349979
0.01528138053801129
0.015285673112149881
0.016140699367602047
0.016143471972391556
0.016296990122358725
0.016577838013031337
0.019134677003242173
0.01915164006890535
0.019507894109077925
0.01951886665122588
0.024279626381556334
0.0242824971791743
0.02758915471815146
0.0275963613249489
0.028304709516710054
0.028314933469350843
0.028975014248283318
0.028983278234426743
0.0315371325316841
0.0315401850890373
0.03656981704344292
0.03719414509789302
0.03944598615309269
0.03951895693220746
0.04014840879006391
0.040199346762742075
0.04164438652690391
0.04165487543114545
0.04233170973203873
0.04235893803416482
0.04309305393013178
0.04309627453985473
0.04768825202804892
0.04771210066815648
0.04790534198066997
0.04792335378035213
0.048869725891870074
0.048881569716427334
0.052962628290538986
