1.734723475976807e-18
0.001561402079826111
0.004157300336051979
0.005871099072416055
0.007592033107864273
0.008050428278449125
0.008839186933720789
0.010508924350087661
0.010920915898664554
0.011711051097828993
0.016167808000195953
0.01885803594716113
0.019411245739209493
0.019550149364966816
0.021827505976685396
0.022831045783594628
0.023219946005463024
0.027130846494593776
0.02771745100318921
0.030338334986527153
0.031215449434262417
0.031451645238414365
0.0349692447828074
0.03642321077218716
0.03654174438107661
0.03801302383127381
0.04005856269374204
0.042500677332988554
0.04400666279297397
0.04517101838278539
0.04623986218856112
0.0474059271610173
0.04750527456149293
0.05023249893666659
0.05226395216542075
0.05472395817420255
0.0554733558602362
0.057045925246659
0.05973519494008737
0.06263688635470539
0.06273425330328208
0.06460086032048291
0.0656156433538169
0.06703606288130773
0.06946606089070191
0.0695995106026901
0.06966067507669856
0.07361738627848509
0.07450528600883821
0.075770664198889
