0.0
0.00041866190622261504
0.0004817012284800172
0.0005528889734302649
0.0010723378115970982
0.0014809059976529267
0.0014876462493258677
0.0015835893353510731
0.001614506130362835
0.0021085979084971337
0.002717134531276576
0.0028037675795816123
0.003068621336904262
0.003145663776775951
0.0031617539390285266
0.0033381130518241615
0.003837649002879452
0.004593118021283496
0.004692924314750472
0.004701021668451391
0.004893473910684221
0.005176799631233565
0.005281074539469544
0.0053539777644241865
0.005611485880691864
0.005930081708330122
0.006927871604504575
0.006989578330543032
0.00705823083884125
0.007173526651433426
0.007229386073473875
0.007483013593419229
0.007776966871536653
0.008048703629220345
0.008070391168118063
0.008482831859153392
0.008605240938215354
0.009190254305147241
0.009461971032971079
0.00980473592634728
0.010008483476541265
0.010176816471206574
0.010211246559149898
0.010370253393575985
0.010575129162416897
0.010983001387585066
0.01103960485748466
0.011126699027751189
0.011356957530965673
0.011398665403469318
