1.734723475976807e-18
0.0022545282104877717
0.004885855722003172
0.005961658501826247
0.009730872552623405
0.011987381172466246
0.015946728662271613
0.017788936747049226
0.020213815281105774
0.022167651091396567
0.02523792676151536
0.025794283129600394
0.026788638354768766
0.02743288803681631
0.03217711199242116
0.03221765743504332
0.03522731877137818
0.03569934767732435
0.037637670702952965
0.0378880115664713
0.04026737029410754
0.044393650856842506
0.044619560985423405
0.04917329174271484
0.051801924798807596
0.0526487614963197
0.05666141013626618
0.059995139915564634
0.060890451101316516
0.06330488163914828
0.06399440424954525
0.06464665839648241
0.06838888978827486
0.06970911218186185
0.07311153046259145
0.07555681885443107
0.075573545425946
0.07645356349873277
0.07721708291214896
0.07855134521223321
0.08250361160271821
0.08337867094528402
0.08517302953324637
0.08629669141104965
0.08760782169715145
0.0894043454482609
0.0919933194694802
0.09612857698421991
0.0963055031628703
0.09754518751547682
