-1.8561541192951836e-16
0.05914768241208857
0.059148576422343925
0.08993152536953138
0.16451608243225324
0.16452936166161214
0.22794912678298518
0.2411136937316996
0.24112383600454418
0.3135208387468598
0.31354197724969923
0.4315576235324497
0.4315743448481885
0.4466194823561097
0.47904239937475124
0.4790594464492218
0.5054890975115327
0.5055188408793819
0.649654401180247
0.6497410814393383
0.7149884834655162
0.7150135580055565
0.740025719131236
0.7400553243663842
0.811112051686217
0.8111476157214631
0.8378057717588436
0.8928090741345056
0.892856706929888
1.016451973472094
1.0164870565694883
1.0624524498130565
1.062532735708051
1.0972370416261905
1.1618012652096388
1.161845774594478
1.2131761339294374
1.2133005845055262
1.2550043688870751
1.2550871174058456
1.3333981715663128
1.3335442489720368
1.4576972332475693
1.4577658624010559
1.4936171583263063
1.4937906479876208
1.5673690720436981
1.5674271344085666
1.6711594501637381
1.6713605184370024
