8.673617379884035e-18
0.000894755748990797
0.003578937422186214
0.007994741067013372
0.008901232422520557
0.009802306348309532
0.010595315402492164
0.013821673428383854
0.013916803345728064
0.013939176817335473
0.01908945690070702
0.020097802778716513
0.02098338256312713
0.025949485086611462
0.027467142511442555
0.029027377164523208
0.03346519732172352
0.03430697718093353
0.03438521638695678
0.034658626982382146
0.035103242140444094
0.03754209448727426
0.03844134819559416
0.03878303479339115
0.04054513517075489
0.04229612515727077
0.04388965798965893
0.04473321278281942
0.04886952417954079
0.049338155258888884
0.049806856760866575
0.05334709532325025
0.05453754396123817
0.0571905826471816
0.06071958102568139
0.06257228677791689
0.06561840207125177
0.06619775158972525
0.06719031614410798
0.07262503865493096
0.07581856797177948
0.07650455803253295
0.0777156909386559
0.07777392874457759
0.07878066865741766
0.08050877726861717
0.08064251180346771
0.08076416551197667
0.08372783799267913
0.0856031691155094
