2.2551405187698492e-17
0.0009111697519155124
0.003188273487709295
0.005621162692690109
0.007762608350311508
0.007790154878546987
0.009334290832795458
0.011020819058954889
0.011495481046960602
0.014140041802869785
0.01659050439194857
0.017807844726902534
0.019931052336746517
0.024323788236663632
0.026008204723307907
0.0272682146379818
0.02769810307195153
0.028496167943008008
0.02994818589030994
0.030352443470210662
0.032200526691767116
0.032974577476850966
0.03462349878420998
0.03604490064680747
0.037003320262994244
0.03729151527801374
0.04031962203557808
0.04225656678089008
0.042901271455046665
0.04554535279317089
0.04744961060036338
0.050845794739302334
0.05106109092591227
0.05267025499407362
0.05575032772029779
0.058346503133634826
0.06076620898187483
0.06101974814692487
0.061579047745367814
0.0628161969526745
0.06508239048002201
0.0652646875351501
0.06573800280550206
0.06626454734881164
0.06911266457158922
0.07081502764484264
0.07227845578474634
0.07450628348569097
0.07643254287550702
0.07763167613976528
