-1.734723475976807e-17
0.0004590447324865181
0.000753628776358763
0.0011076751061870165
0.0015334926522581893
0.0016394108836960998
0.0019198014451755306
0.0024456531661961687
0.0024527692076372325
0.0029528841436180075
0.0032435964184065053
0.0034005264887565275
0.0039982425402230615
0.004491742067665805
0.004572570802960968
0.004815700391861962
0.005018823287226701
0.005767235421114776
0.006511654592760147
0.006559650204218727
0.0069249695919143175
0.007181920733981781
0.007301001151197363
0.00733775197720486
0.007398860431086335
0.0076892098027800514
0.007962572812204005
0.00807660348700215
0.008493717754286341
0.009611182301424217
0.009880817504883342
0.010245248504836909
0.010376905219703756
0.010541970958639296
0.011435602196240338
0.011623012424787539
0.01231944887696766
0.012671177185794904
0.012711635046057176
0.012929002055445912
0.013018122315904263
0.013670625107970463
0.014013001333912272
0.014081665812956992
0.014421140003241411
0.014498087005273828
0.014688067336009322
0.015287903565097535
0.015471651259537424
0.015747462821046526
