2.42861286636753e-17
0.0005166887948833115
0.0006537581660970102
0.0007369980447267995
0.0014334677871535688
0.0017655047146152448
0.0019307114122996735
0.0020265455826316593
0.002411325617110313
0.002991614180282643
0.0034577957284749727
0.0034615224626653295
0.0037989768378678956
0.0038969188355977343
0.004444661492122052
0.00481017708814723
0.005430336345342747
0.005459976838902548
0.005544603155657878
0.0059035582451820254
0.00636197668538784
0.0063905197178596145
0.00655870310953806
0.007808435105645021
0.007906633573539814
0.00807962619044937
0.00833526305680946
0.00847103973094288
0.008587470708745803
0.009137542761808668
0.0093887432833201
0.009734371289854717
0.009832901353351941
0.01002613998844309
0.0109733156370842
0.01141702156476507
0.011620348965286314
0.011746624491626651
0.012025017347920759
0.012496112274713833
0.012836869729617692
0.012988058802822547
0.013335944552245753
0.013488553286892134
0.013644613531176469
0.013975999719443756
0.014102018064619795
0.01500643723126002
0.015445825846191934
0.015495638956673207
