-3.469446951953614e-18
0.002190911708990677
0.003875230285692954
0.003885251457247307
0.008023030697582296
0.010016633026936577
0.010022427170698957
0.010652641054618333
0.013265514206608825
0.013377531879568272
0.014403817353247464
0.017841971556600035
0.017869829436919865
0.0187873567526127
0.018901929892640577
0.025995618216280783
0.02604106145630821
0.027554020551497103
0.031005203045013446
0.031110113507402434
0.03337269310454316
0.033401565101751046
0.033558753205633854
0.03359834418996991
0.034893505124133486
0.039103615577509646
0.03931025497932498
0.0394584419647058
0.04204384521433198
0.04656835990020805
0.04665265753356761
0.048201816903308735
0.048979797699446194
0.051832658497733816
0.051907732735819494
0.05485902419738949
0.056504884028589906
0.0570772179657277
0.057361088738616735
0.05753752061074643
0.05821836817291178
0.05921796855571166
0.06269431079156403
0.06338682580464695
0.06363172118967136
0.06640932746270287
0.06782500742395603
0.06815775794982838
0.07349551957091488
0.07357203138473536
