-1.5612511283791264e-17
0.0005396627282337058
0.0006952094051923437
0.0018596411733560192
0.00224049931080722
0.002747386525334886
0.005516618497862419
0.006211767773106265
0.010020130195022734
0.01190937920367944
0.01581131453140215
0.015953385618829627
0.016187212616235423
0.022332366403738542
0.02400009481048853
0.027366937413979116
0.02916460898592276
0.029883420332145215
0.031584964131475324
0.03633865510231649
0.041850531006740604
0.04229194734448771
0.046205018535895655
0.046763181746317224
0.05209761718964442
0.05299010639592067
0.05330751392309006
0.055517246142408834
0.05862772282669316
0.059106328601580806
0.059808412613052246
0.06076285759909777
0.06085534559696771
0.06152177664824592
0.06175144133322661
0.06204297608091489
0.06224066534025461
0.06648701890644654
0.06759716397420987
0.06793554763024445
0.06838476986323458
0.07142934845861514
0.07297491059284264
0.07357001230081774
0.07773933388619379
0.0814658871573974
0.08205206454825434
0.08280249438834061
0.08380695435251248
0.08598815042509761
