2.949029909160572e-17
0.004554160159313224
0.0073940010967139345
0.007469547739075136
0.015635086656795104
0.015725157650251335
0.017102604168258644
0.02349089084083531
0.025078000299909455
0.03186287851824732
0.03222495557850085
0.032973321470381914
0.03450679951984431
0.0376436790099583
0.050834315898119015
0.0511552578458361
0.05206709399257977
0.05470609486761121
0.054734866674182696
0.05663657156368573
0.058442445485101975
0.06335256042551773
0.06383110032137006
0.07932739423222747
0.08016374158662662
0.08091397407955739
0.08409562341565074
0.08615545107488187
0.08692033481391664
0.08751593504246748
0.08753890539570507
0.08932238433635774
0.09934583689896574
0.10633599797947639
0.10843461736675358
0.11358277639306966
0.11405937076138008
0.11630613989698384
0.11963974004754103
0.12084085076041622
0.121166005011715
0.12298912801681076
0.13431777431479824
0.1352264936366324
0.13529048795861545
0.14438578135360106
0.15057400618976785
0.15134404322274225
0.15160315841908842
0.1521594815667517
