-3.469446951953614e-18
0.0010991948468649024
0.0013735252750090646
0.0023125659587888703
0.0030242671255376625
0.0035540001331298334
0.004936604580573704
0.005398070748941731
0.006064083452016958
0.006204771395783423
0.006758264903083877
0.00851277721181805
0.00893363082133976
0.009999172724847754
0.010415313476107366
0.011203903547852735
0.01212220556901288
0.012615551153686318
0.013580958870143338
0.014070680591786183
0.014473518409816541
0.01581554585828001
0.01622068595485112
0.016756821140773225
0.016785613158176095
0.017755287060162758
0.0196145877822939
0.019792871816104604
0.020417814062729356
0.020817440208437253
0.02227117814789127
0.02286366201949263
0.024158110419880238
0.024304356060406068
0.02502508145653176
0.026339163220254293
0.026735501736015833
0.02707798095947768
0.02899967467487608
0.029617784555434387
0.03069356754884872
0.03138575235981113
0.03192224023435826
0.032131855363492154
0.03297584070155281
0.03332384794119382
0.0343737134747953
0.034935352029549165
0.035219525922332795
0.03622214278529924
