-5.204170427930421e-18
0.0010801480645651965
0.0026020887214527194
0.0037600640573858413
0.004437623329721377
0.004874244022856326
0.006974040795472697
0.0070278189077707925
0.009318930243738211
0.010800958016148813
0.011452263566659219
0.012783175793005199
0.013999998707699133
0.014920518414962737
0.015249997831093124
0.01704335801422263
0.01911692012955725
0.019694747506247855
0.020797952658721225
0.022344069122548153
0.02378223868365159
0.025545287652462216
0.0257916373937309
0.02724143909323267
0.027918456272744453
0.030816637139405467
0.031097231134705187
0.03205833154911385
0.033789420837908896
0.033915990347422105
0.0353157738038927
0.03613145455738351
0.03791498671332838
0.038381608703882235
0.04047657586458637
0.0423065223398892
0.04325819081735443
0.04540185524249392
0.04592652743673574
0.04752025577883043
0.0496875527349901
0.05027510070306936
0.050331685720055024
0.05102584362584323
0.05296414647385277
0.05394793989795666
0.0557129258567925
0.05573116710491575
0.05643057254915922
0.058665561850138805
