8.673617379884035e-18
0.0014557696527271093
0.002174946467659266
0.003474777329657378
0.004906728032423995
0.0053874600353592
0.007223702563595781
0.009754073278590568
0.010070767018186605
0.011673337494721785
0.01188894406140597
0.014359743413153521
0.015288254850204798
0.016061671090373757
0.01703731726293442
0.017339418275703927
0.023109502714289437
0.023384110603494684
0.024187783064269053
0.024345958276883413
0.025177816550847505
0.02627869784861067
0.026601651930050492
0.027760221916985413
0.030041108716663677
0.033212824983967444
0.03328806696502289
0.033368596925615744
0.034280511871238054
0.03815847235970263
0.038359213110516946
0.0403296334151825
0.041160629222820246
0.04176668171452091
0.043110507846656126
0.04322707155195319
0.04432128041915178
0.04439651695293026
0.04687388234102873
0.0488936224600485
0.05072356070349515
0.05113729205719902
0.052302234246455435
0.05318463061121639
0.05364021108771503
0.05545815142868999
0.05566972115664232
0.058608389723610106
0.05907433416959041
0.06188960730234085
