3.122502256758253e-17
0.0012119101689725496
0.0016511260127211654
0.0023648230957134305
0.0032081130017792957
0.004135197707659683
0.005799249697560604
0.006296748414105149
0.0069231789858883366
0.007840712306578642
0.008349145428083534
0.010104969598972233
0.010476142433708485
0.011013250888048465
0.011722803464641765
0.012192791723633729
0.013575357461263404
0.01413341517893882
0.015907258819401804
0.01591522812276506
0.016685712302945778
0.018559014959932583
0.019114833172421755
0.020028229778829197
0.0206663531485253
0.022001458217246514
0.02244872368973396
0.02254185341655253
0.023117325104983107
0.02424765895954567
0.025208775505276095
0.025876788528018065
0.027676563313499894
0.028625506741828205
0.029457706140079483
0.030198631848020692
0.030721968578800052
0.0330257439561593
0.03402916963855656
0.035279737291268196
0.0358541913609334
0.03627379906790494
0.03708228090142594
0.03739921062513497
0.03773124860422058
0.03834889972268098
0.03928875365548401
0.040394981147970535
0.040687074423805404
0.04178661751998781
