3.2959746043559335e-17
0.005617666862231013
0.019084431352876394
0.01908947830578269
0.021948469561582494
0.036790048790288375
0.03688659437256381
0.04175790229568477
0.059747157602574534
0.05975351942549816
0.06487650287234278
0.06534672330413688
0.08204373762163315
0.08639708013292473
0.0882394946772132
0.10185794390610287
0.1018899996912149
0.11818410052939528
0.11994986038702667
0.11995512034225274
0.12712892646724688
0.12714560078397077
0.12870826221099327
0.12908674477839754
0.16595901862974724
0.17414421448626527
0.17425762950290183
0.19058903674387045
0.19088295425731083
0.19569233140691286
0.19571660874014665
0.19977897467580544
0.19978508464530687
0.21189114759953828
0.21637047912921964
0.21638459690790104
0.22329445159135136
0.22405542311029014
0.23899662934663723
0.23966078266788785
0.2634267415980169
0.26405016938968556
0.28302793893668304
0.29189484601036514
0.2950018793157165
0.29717107361139616
0.2972315252230728
0.29878198064614353
0.2988153176841009
0.29922487084722377
