-1.0755285551056204e-16
0.0004667857197094231
0.002007825606241803
0.004616333472352088
0.00793215912971743
0.011424407197192793
0.01461076749377759
0.017084932143897655
0.01875921306911904
0.0204159036974323
0.02223798324261992
0.0236994170522545
0.024882724316211358
0.026221881769534973
0.02730716374265489
0.028080182124353537
0.028627331889437183
0.02909171909758953
0.029847441246969045
0.03306457923402137
0.038778662167237764
0.04273965537437114
0.04676370634060747
0.05069696581537189
0.053250685360128884
0.05720520336667614
0.06611062236314302
0.07624470316471257
0.08183400735164521
0.08991378705428817
0.0919778752567287
0.09534164384645036
0.1061856459161691
0.11672878880070335
0.12056042842883881
0.12387555434750981
0.1319720754028327
0.14207379285064164
0.14449902669264908
0.1467930464611702
0.15105549723094838
0.15282734865162437
0.15687875882920763
0.16078526220157538
0.16540037328758406
0.16902767833917137
0.17187949771510536
0.1743083456334527
0.1752303842684693
0.17874199479665195
