-1.8561541192951836e-16
0.025832142539967136
0.0586019224453787
0.06958414277357325
0.0933468671796103
0.13318206498139615
0.16364721396371157
0.18376426638730126
0.20706296049138706
0.2207666586682946
0.2465549618357849
0.2600784423846877
0.31942631899686946
0.34043614022950675
0.3431509808886065
0.4025551112122061
0.43937895411729055
0.45906261982682095
0.4727339888691299
0.48695900322839525
0.4982754473047043
0.512560045216816
0.546470726218954
0.5644055547956476
0.6076337739644481
0.6183112217091283
0.6653310719277633
0.680906947491075
0.7065593727755585
0.710589430559641
0.7353626073434425
0.781189164299882
0.7978430036879132
0.8154533452092855
0.8505155609419252
0.880088483660068
0.8848371455257115
0.8926682648205199
0.9238433307817795
0.9620902166496531
0.9998862008133853
1.0407074746398695
1.0494904731039734
1.0867278456226237
1.119216427300124
1.1490491601626223
1.1754566987451036
1.1970294083868729
1.2230886533344678
1.2403382613109137
