3.3306690738754696e-16
0.02680818201414128
0.05937067793877641
0.07212475343919672
0.09198106667384559
0.1338364505701346
0.16560593510413926
0.18923463474841049
0.21441368197044594
0.2201464906696774
0.24358154746865912
0.28539246925502787
0.3171188196828443
0.3469388136370712
0.34925097488067786
0.42214483858722246
0.4398828350278256
0.4665660819896656
0.4722022169093531
0.48153852340046066
0.4989234179366594
0.5215958049102551
0.5481806652457688
0.5692714670153689
0.6170378035527244
0.6261381941431399
0.6876929198742108
0.6882970397802558
0.7267943766287575
0.7311427013180674
0.7449834474409752
0.751526708514914
0.8031346288927665
0.8428483616267938
0.8761771799853756
0.8960129157361401
0.9016179361048329
0.9231949468380005
0.9260040388217097
0.9937000878991868
1.0283534356796808
1.0776802740215154
1.0797737753687826
1.1136408057780376
1.1207678108095378
1.1321085360121375
1.1731977131648519
1.1808317969129287
1.2317669269794516
1.260654269232257
