5.204170427930421e-18
0.0013685814019088645
0.001682280558078099
0.0018614150010906449
0.004361539139844472
0.004549399681540717
0.005312403276813883
0.0056454319125087814
0.005658823721688829
0.008091896569695995
0.0087949369540529
0.009537820344572978
0.010313534231137638
0.011078829480677435
0.011865890475702677
0.012198621876138961
0.01409506825768137
0.01470071372690389
0.016208142325169435
0.016525483656990782
0.01664871974664566
0.017080807656505208
0.017618738707084122
0.018970138668166825
0.019320841517837944
0.02118681253183314
0.021643631827204378
0.023941246290527955
0.025084133305754458
0.025405828583285585
0.025595457062603078
0.026081425536222724
0.02698233002471679
0.02777083320972372
0.029122307522019074
0.029326459613727478
0.030439205554634308
0.03269172466287319
0.03407319344797311
0.03448466941030319
0.0356285194911837
0.035858953519231726
0.03603615296676665
0.036976529860834356
0.037082186760801016
0.037932854016456755
0.03837200826797431
0.04025696815897316
0.04077015176174465
0.042293064980083554
