-5.898059818321144e-17
0.0028614138461497234
0.0029541283193159976
0.011267519151309793
0.011504231464614998
0.0242827413052574
0.024965223115872417
0.04085601434591968
0.04176214040768368
0.05796371735149517
0.060061108084040866
0.06533628585050102
0.06777155416247028
0.06843729318868545
0.07509961579928628
0.07706048417764555
0.07811885761653559
0.08090737623238738
0.09082566236749215
0.09087649871181988
0.09212347253882665
0.09730447142289766
0.10159308062694193
0.10782411184209303
0.10940346881775145
0.11198566376771972
0.11308411328277423
0.1153254403131898
0.12027946218429421
0.12406198511947623
0.1281346644028883
0.13195200766098708
0.13299040199370007
0.1497730660446201
0.15130972802803316
0.15699825580500165
0.16073672073809406
0.1686755912951995
0.1733475651822294
0.17618751615518333
0.18509913773199976
0.18542487229323862
0.19014820477611716
0.1934374642670091
0.19814088087373216
0.2062850286181897
0.20832753398567316
0.21811991643590137
0.22414354364647673
0.23159866397967904
