-7.112366251504909e-17
0.00573389700768199
0.006162234659094627
0.022913525103378407
0.023978194730214043
0.050706832097713275
0.05197428347731207
0.08410751891462603
0.08709679815950262
0.08729295838297206
0.08765320671959279
0.09342020411179332
0.0938523594386305
0.09507221830867363
0.1000295698799038
0.11051815525205164
0.11385672925129744
0.11439962467203775
0.12399783114436759
0.13056585695514533
0.1364381626332309
0.14298950276088213
0.1467264554857147
0.1516841423005749
0.15805700632056258
0.1806820171388786
0.18915480686071423
0.19152727528785235
0.19349696034530078
0.1992960284665248
0.2022301532690973
0.24399815889345727
0.2465959429583815
0.24756454363873193
0.24778368791558797
0.2614302304086577
0.2639930674892344
0.3053033450864825
0.308885503293155
0.31374346220395477
0.3138678369690636
0.3267936260619702
0.33075831455027294
0.3387109434930584
0.34334432425007577
0.3524799467708822
0.35354488977734383
0.35393209362105194
0.35821690891053676
0.3672144772516984
