1.734723475976807e-18
0.0018619212352330664
0.001863634738791772
0.007349379880400563
0.007356912696821623
0.014858294967405873
0.017807039896131506
0.018268932353899675
0.019539230755396625
0.019547063356683242
0.022463917930818138
0.023395764131355634
0.023407995316320283
0.025888877438202063
0.025911898506204505
0.028699055621644348
0.028711629847162308
0.031074645664209456
0.031094216809856176
0.031154404777071175
0.03455449674170419
0.0382863884862957
0.04169405783522672
0.04172508899913584
0.045797070859846904
0.04581222385489907
0.04610557555725187
0.05444018244221067
0.05449059813635614
0.05604692179518266
0.06135640962533894
0.06138731142431492
0.06787470052610566
0.06805438072892375
0.07551273521859148
0.07554175949607556
0.07717283271240127
0.07806247376062636
0.0780923353205124
0.0798877173980304
0.07993400569449484
0.08008216819397508
0.08304808824809978
0.08308796489824362
0.08491840415582017
0.08510108814587021
0.08513278876092858
0.08795694724276297
0.09009033055842595
0.0901287064068377
