-2.0816681711721685e-17
0.004793008653820768
0.004798194642039424
0.008950226643168727
0.013413624822579349
0.013418557166045586
0.014408067114029385
0.019122429789059904
0.019153091889540612
0.025596111881582825
0.02561568871978416
0.03555942739428985
0.035582125025965236
0.036218066795430146
0.036253913029955634
0.037272907694180846
0.04122642188496014
0.041237971335175684
0.04167400346170478
0.05596679498300421
0.05598335514226497
0.05896255454549281
0.059016023268775274
0.06018978273012613
0.060214223496675275
0.06205305056773585
0.06214945840138882
0.08002744200303587
0.08019969134589525
0.0802373372196128
0.0824096409872324
0.08246859312553763
0.08573121926305968
0.0857757977193636
0.09127531468708376
0.09137536768283333
0.09147291798572413
0.09157900994888597
0.09393209837058089
0.10785737991088795
0.10787968028099576
0.10820346631121217
0.10825738585320212
0.1161750235579659
0.11618297962409822
0.12558887540950878
0.1256801630936101
0.12609026649118413
0.1261753270504995
0.13117302673911202
