3.9898639947466563e-17
0.0006764994261209672
0.0025210516049835145
0.00518378465123496
0.009588009386725682
0.01184477671348084
0.012884617011301542
0.014399930946490511
0.015010850730483692
0.0168609691757714
0.018363549712415057
0.02025130454034451
0.021278945497888738
0.02259675586131349
0.026319958022477323
0.02803323750491095
0.03160233278669468
0.03314132528145461
0.03392856949705963
0.03573210663469751
0.03790709855608006
0.038278279580120075
0.040983538515859536
0.04279812123776974
0.04429402905385007
0.04556240474803349
0.04714449062854237
0.047800537582134435
0.05050939963427875
0.0515349617534061
0.05233509835764101
0.052719338041367476
0.054411482887895414
0.056414858266455904
0.05934102488203865
0.06022704925913256
0.06140152444686458
0.06235724131754896
0.06463240197663418
0.06549524387836737
0.06917751902936518
0.0717743660461721
0.07296463811009407
0.07381366346217115
0.0747552183297837
0.07699906180409534
0.0794458507652237
0.08235092959332321
0.0857149088825644
0.08795894977259544
