-1.214306433183765e-17
0.00023039131631531588
0.000273071615805226
0.000997191206705366
0.001023445240041573
0.002194924766613128
0.0023370522995334302
0.003983298266521924
0.004058218511597132
0.006152874730010532
0.0063991112790240685
0.008941394826909302
0.009171985422708988
0.012160527546553527
0.012492582887779166
0.01256901731117876
0.012569802801965803
0.01592489699053337
0.016234332008611914
0.016385723039006907
0.016395666030091773
0.016621542997171022
0.016623917434571887
0.018780253337112633
0.01878174403791269
0.0201709950100889
0.020291557763807908
0.020294261466697903
0.020484307394263664
0.0215064074748789
0.021510656910604345
0.023159838508780596
0.023167680848699024
0.02489542113063615
0.025033960879766337
0.025040563139762342
0.025267294867391273
0.027607198504496305
0.027613062024109243
0.030081941076756595
0.03026622543169205
0.030271126679644156
0.030476407521479627
0.030480617491846704
0.030574898306302875
0.03188858631264934
0.031889970798203424
0.032525893386110886
0.03253385437071678
0.034492533604384305
