3.469446951953614e-18
0.00023890891002288465
0.0002397654747629107
0.0009431394308472545
0.0009744124444067588
0.002147626817480073
0.0021485984956195366
0.0037475678328752118
0.0038507688461507476
0.005835152210452261
0.005981239831502267
0.008482734470514156
0.008486702316196507
0.011374591166706064
0.011570592781177448
0.01479303130426072
0.014843704108311857
0.01683063872281447
0.016977236685143476
0.01699417287307106
0.01723188008006548
0.0183572631545603
0.01885709445713136
0.018968339748566487
0.01952806760009554
0.020762409252856086
0.021273515253424774
0.02179958187103602
0.021887419874429152
0.022921270423448277
0.023001930998001165
0.0234371120826304
0.024306266816220036
0.02652263220482226
0.026797709157588195
0.027586070656169893
0.028346885294605335
0.029598598237793157
0.030218507749195066
0.030269379766816276
0.03072970161342324
0.031121611553616077
0.03118535122381233
0.031415240095098045
0.03155462276947494
0.03277988002727462
0.03296101813665825
0.03298941735442671
0.03354354864740032
0.03388777511950912
