-1.214306433183765e-17
0.0007579447649104093
0.002700973845246925
0.0049489585132995745
0.006616672148203948
0.008499164576563084
0.009967571747783047
0.013498030978311414
0.017474897792463855
0.01943259432983519
0.022178136842089767
0.024421529879745878
0.026850096243603523
0.02805365332041515
0.0316651434911519
0.0324338542316399
0.0352851193631759
0.037477488204176415
0.03884204166927194
0.039205804153388965
0.0402942815409316
0.04107195518748141
0.0437046239306449
0.04526007918795079
0.04651039546534077
0.04844590250722554
0.052132841262060296
0.05665425078503542
0.06114027534109922
0.0627036548468688
0.06495501134503616
0.0666137270488169
0.06712876222732615
0.0686726598809473
0.07126541822887635
0.0721689085361643
0.07250071381469823
0.07455150558157149
0.07583789819859506
0.07811952475101189
0.0790657737936499
0.08007763097682859
0.08199208653975566
0.08455470084522994
0.08600445552688792
0.0868037273452018
0.09015756734793028
0.09120252873506275
0.09365783665099425
0.09639907493586952
