1.734723475976807e-18
0.005053755986858102
0.007062018053112995
0.008282374074735135
0.016052237359094425
0.01929866174792018
0.02007102068893961
0.022944376740602013
0.02417847520232288
0.033358859123402286
0.03831392532416854
0.03935330146036646
0.039930406852683294
0.04323389525401444
0.04648497465208093
0.048578370533648774
0.06029067310688823
0.06116227939218665
0.06536219393804245
0.0662094477763544
0.06847689787145879
0.07035608535328565
0.07403753042399479
0.07723303946378231
0.08299363367598502
0.09212953604041355
0.09545123186220487
0.09702358002805053
0.09770119567936904
0.09942022257535212
0.10519224562368275
0.10718480917361577
0.10842232111848549
0.11502969439744577
0.11684824485515886
0.12227385369955034
0.13181017237644996
0.13430376442798142
0.1350339944899408
0.13709318877586416
0.13951420535882522
0.14480787392374914
0.14674071704378172
0.14909092234445223
0.1516343439592016
0.15709094818179592
0.15999637653746288
0.16699332354474128
0.1725422733840493
0.17499604721489243
