3.8163916471489756e-17
0.006438847954866092
0.006908710901578496
0.007210802626302771
0.018187974750025614
0.020102671777419326
0.02022481761079859
0.021779983711651525
0.022434232678024177
0.03608162986229213
0.03876650386609488
0.03967738135610306
0.04084840472881427
0.04235221688803067
0.0437571851737148
0.04542161699842602
0.060657943157105036
0.0636845828773884
0.06497537496087556
0.06570049779552514
0.06777309959205943
0.0692903588967711
0.07229982145163236
0.07369455591262214
0.07681922075651529
0.08957493663930888
0.09396200309393545
0.09644033795318903
0.09725544747149048
0.09959710693779637
0.10173079025011836
0.10319600152076173
0.1074598650842764
0.10805468761312385
0.11131119460024068
0.11452392391078614
0.12649902944042693
0.12900470478047757
0.13481547308084763
0.13533102995423357
0.13823638730109206
0.1395332557328389
0.1424398805822616
0.14253343983247682
0.14728686321729445
0.1504763866406703
0.1515682546356516
0.155034186141576
0.15940811099793006
0.166694647857819
