-5.204170427930421e-18
0.001040553943337092
0.0013472898715470635
0.0032640092424420473
0.004367449736330917
0.006074555096814338
0.0070174756511340395
0.009670187819799192
0.010601643965568964
0.013261787822361834
0.016068565266349574
0.01766142612693275
0.019528676215886234
0.020403278473622465
0.025150847640125026
0.027452683611112874
0.029107807757356545
0.03219226139510691
0.03268036328106498
0.03657829805052673
0.03850338219693802
0.039640004634416165
0.04379799512741206
0.0439674747152651
0.046453383011846594
0.04904745435380372
0.05006317285793589
0.051025626321143644
0.051887558233672644
0.05457396510056826
0.05511833173260048
0.05887202738452845
0.06008144262323347
0.06041789168743567
0.06281472070179155
0.06307065681641089
0.06519419845961744
0.06676163943566037
0.06923005043794635
0.06974766092007659
0.07051326406322748
0.07129642114676313
0.07297464795726295
0.07451400936279055
0.07597424465483857
0.07888914215143313
0.07945225443505867
0.07995198920176506
0.08337374262261457
0.08443242670174791
