-6.938893903907228e-18
0.006266312617518472
0.006346141577135778
0.006992690971888272
0.01756453889625642
0.018596818167708716
0.019524027133356436
0.020072290626151373
0.022239577040265274
0.03484431642232079
0.035754182651707225
0.038699544740452084
0.039299936422235546
0.04064023247050661
0.04187773087788073
0.042527163325459784
0.05644077331123488
0.05935711607765674
0.06357244923243774
0.0640700453152479
0.0659001333846966
0.06650296437278558
0.06750908973529698
0.07034394861857982
0.07264531461638077
0.08393401466772664
0.08862080365812956
0.0926731026008931
0.09460262035457621
0.09712388022818787
0.09755271700218382
0.09867442559395091
0.10279328224681326
0.10345238890767411
0.10357792402458087
0.10720878635353998
0.11551069350760802
0.12238367091417963
0.12718741779796067
0.12894277650455935
0.13321088355663685
0.1345071925201109
0.13668451466789266
0.13778172437599837
0.13894874625346704
0.14078150915816023
0.1425016012730284
0.14638840207234646
0.14834739378879425
0.15693439668327636
