3.469446951953614e-18
0.002145391648885501
0.002188334235808359
0.007811907393989103
0.008248689506442647
0.01588712532631257
0.016069272546064432
0.01679888487990814
0.016988729110302588
0.018709927736267583
0.01910222120743306
0.019353665837853536
0.019411121553824733
0.025874212782236228
0.026298163603473278
0.02641194796804653
0.027036415202358388
0.028140642579752996
0.028238053026804974
0.036804843097349084
0.037058975655115976
0.038951374552732385
0.04051949384861565
0.04314161787831947
0.04386049398177934
0.05101270374593603
0.0512100598352763
0.05415785420232571
0.05484721366885236
0.06445140512949907
0.06527874259073302
0.0655421456566191
0.0658516582003325
0.06617238583088883
0.06655675479405451
0.06720893692867888
0.06778629099285888
0.06851109898125596
0.07121451691254235
0.0720295660925955
0.07233282908137204
0.07409571578049233
0.07528035258092908
0.0754295098600925
0.0765316810727819
0.08636504826752828
0.08711458644820799
0.08783673082319031
0.08834753640056248
0.08837811381041588
