3.469446951953614e-18
0.00017221641667438704
0.0007166235505966408
0.0008258822895911531
0.0021391650922088553
0.00214966118354204
0.002769368423506729
0.003275921480528304
0.0038108021462823563
0.004256283828647657
0.0044460571158503
0.0050316998680894325
0.00581772354601256
0.0059247739810681915
0.006364905266317436
0.006570961186231567
0.007324372633707834
0.00846776137993137
0.009218268520479267
0.009401172439231031
0.009947692146081709
0.010479838451499251
0.011052493596709944
0.011314831340649817
0.011413739285033907
0.012430583433538136
0.014310927004665975
0.014533371266417962
0.014901475939071067
0.014966368319929346
0.015289066681635667
0.015781472249563902
0.015961748312200465
0.01633331493630833
0.016665780104475517
0.01750819619502593
0.017830308375451347
0.018093699489421
0.019334984989747672
0.019472705185384964
0.01967942018628417
0.02094462329863321
0.020954799665483255
0.02147702013032446
0.021760814520372998
0.023497756371583786
0.02363861596609545
0.023738935854738
0.024329583757531505
0.02496262409819207
