6.938893903907228e-18
0.0002636087565564063
0.0002652529709852233
0.0010468232603999539
0.0010501888388600063
0.0023379097245652507
0.0023503558818923943
0.003992994711778105
0.004014497064593328
0.005204475487708329
0.008652598717141585
0.010322284914514179
0.010383610088633014
0.013440871672786141
0.01353262637348959
0.017329635821531755
0.01734915700490222
0.021444494372589273
0.021534945038461067
0.02506517360089565
0.027551429990490622
0.031399329732876076
0.031570998229779136
0.03657247865205188
0.03674729341660764
0.04222522986998914
0.04242321761438407
0.04749728814647184
0.04775722124033035
0.05124421003527418
0.05303206488123249
0.053195502028001336
0.05362698418064891
0.053753639490371964
0.05383353456893756
0.05399614371950485
0.05439218195078648
0.05459167507366141
0.05471816062312134
0.05509804137657124
0.056260115981409974
0.05689586079571989
0.056964457687010785
0.057480364745751376
0.057532256571830566
0.06022210728558227
0.060352590656827264
0.06049665843587541
0.06068673732682487
0.06073938921830601
