8.170547571850761e-16
0.1413703106285484
0.26156971322665945
0.35423341250497387
0.39909677536305477
0.5929090818515762
0.8145151896301397
0.9338731672888659
0.9343942184374865
0.9988672522858462
1.3002489720965522
1.5385321026647691
1.5480706412418317
1.5729058604680832
1.838572793552227
1.9906297705644944
2.0030024332526017
2.194692645630192
2.3653036480557366
2.4126094072727624
2.4663867102923334
2.5705527538173722
2.85944110832298
2.8769918537369388
2.963329139987178
3.0814761468136647
3.320777176965157
3.496663422879163
3.5338459197873626
3.617413643804353
3.6851066685224687
3.7362083482119313
3.915823189643611
4.09818193990154
4.309606615628262
4.439215098274974
4.628939243634529
4.705963890064097
4.735444035389618
4.957117256670562
5.044241897393194
5.186950566849572
5.214768293468456
5.396385153720103
5.397604756664584
5.528737960791982
5.7394238327016724
5.974216688108802
6.128801481525155
6.153989088258669
