-1.1431827706687159e-15
0.09326401473488834
0.41241967552145153
0.7867988175433086
0.9701296561362274
1.2001419387865193
1.3620539831574223
1.5690148346237347
1.607606663853264
1.7360429723190602
1.9970910603178236
2.194075676911034
2.55257395303189
2.729302932833815
2.8767039202318774
2.975040564693734
3.4047188037095037
3.5878242103743405
3.876047736464728
3.941997251528658
4.5841385639378105
4.824249953796856
5.0518928090787245
5.131813954181702
5.141251738608475
5.338467328168586
5.391193182741726
5.682266126335145
5.872079299065486
6.09034632719491
6.094821631701107
6.390642783143177
6.60885030500823
6.706080525186356
6.841974256427513
6.909049624703515
7.311987135781126
7.778057914923689
7.956808436434537
8.18419225875578
8.410302986808391
8.671688521334417
8.882534015919942
9.376801108394101
9.401855757478982
9.797670818236742
9.983352236444805
10.001141861255656
10.328896296146763
10.584872120655836
