-8.673617379884035e-18
0.0028477673017746237
0.0030658375878661794
0.0048561306023878915
0.006958410899898378
0.007162668161507594
0.0100732561577973
0.010151346304752696
0.010298135465567045
0.011256166861387308
0.012700317870471893
0.013022096426159554
0.013667899310712056
0.015281121363488517
0.018610255460012055
0.02006007359814472
0.020900577566795503
0.02409531572158491
0.024731615555488383
0.025581432890741662
0.02700249913671547
0.02862088437905288
0.031684434936021084
0.03216296095591773
0.03343330391331161
0.03859900390238916
0.040394130271750255
0.04112513340109483
0.042126500262462584
0.04891628976658302
0.05072089507378248
0.05281656623631389
0.05411236798893842
0.05472970455970123
0.0573553383258836
0.060955944471061764
0.062132933626453744
0.0630987320375863
0.06480086999847828
0.06879390644156257
0.07087500608431643
0.07147240685365482
0.07339186807831444
0.0747674439612962
0.078341697656899
0.0805006737077205
0.08215725685215501
0.08297271257697615
0.08525571976620828
0.08783505484056224
