1.9081958235744878e-17
0.0013363395393963442
0.0014029263679591723
0.005211437223912355
0.005684232447680798
0.011306304159431338
0.0123491599352613
0.012612743636726856
0.012722650706486175
0.017815950181686364
0.017880152932048872
0.020416150432600075
0.02088492189677886
0.021626699079411227
0.02202374417119498
0.023621294745456767
0.023631652738951445
0.02735948385261524
0.02828737295050468
0.03341617421193103
0.034090636499314014
0.034124671834342535
0.03446680243737891
0.034845693448688354
0.03509368190312394
0.039951111571975145
0.04200554669685563
0.0438844701261608
0.04410029346607425
0.044214320477338094
0.04525253191336092
0.04876274983983318
0.0495633898266886
0.05343781706049238
0.053817846915487806
0.055052020005973736
0.05615027616580446
0.05677105302703394
0.05681396435497408
0.06514643489992578
0.0663797529175135
0.06769181543775107
0.06792756065832357
0.06865560432571884
0.06909224224484213
0.07043440881800518
0.07093195400204501
0.07426646212956658
0.07448265738591656
0.07649899010313424
