-5.204170427930421e-18
0.000254258076018676
0.0003892135451681652
0.0004942766672562174
0.0007389731460366467
0.0009358485884402475
0.001228333253309578
0.0013247379949851597
0.0014585619441332826
0.001625880132634162
0.001952885874050049
0.002184671396692055
0.0022771441220841033
0.002389587951294731
0.0028052340105715855
0.0029513390236464414
0.003045677867374426
0.003106830432745058
0.003311168065079447
0.0036366850943965728
0.003659824295975944
0.004056752520140943
0.00413639574132546
0.00436399948662413
0.004617066019483385
0.004746270243175284
0.004838717921967663
0.005032165063023845
0.00517510701380554
0.005313649671476966
0.005470583703200808
0.005584513976162544
0.005793509960832969
0.006156745947361491
0.0062614440287927595
0.0063050300189949875
0.0065577109102389185
0.0067555274215202205
0.007148377167871504
0.0072664470595599755
0.007495186242795217
0.007574967730482577
0.007602221997437564
0.007791706054829083
0.008021738954015327
0.008238688455545052
0.008285630333539412
0.008448912640822743
0.008661596619357703
0.009101096760555203
