1.0581813203458523e-16
0.00254885959206347
0.007704530084305107
0.012901169598055645
0.015990884176343333
0.01803561437451342
0.027835948080722768
0.0332448660532284
0.03431790779718783
0.04473976383514073
0.045464162116614755
0.04821100341007597
0.05313645601852308
0.059487380049546075
0.0662921115590569
0.07443266540172844
0.07636503246798215
0.0795817113820374
0.08706859198767318
0.09186044216260911
0.09190121750178142
0.09271239034963996
0.10160644943661346
0.11009211144648932
0.114557927317228
0.11972640198659339
0.1264990323521939
0.12917829680914758
0.13637816926916502
0.14117683386871752
0.14131788749063845
0.1418191240380087
0.14754454545078988
0.14931233768718732
0.15199289684100054
0.15237704325943022
0.15742840962528945
0.16013892502824073
0.16159093203891373
0.17994411442127103
0.18423043515519533
0.19135866377701924
0.19374316654853002
0.19429767679989493
0.19602612213976242
0.2019767405844952
0.217688655669229
0.22051854763029935
0.2213401574957933
0.22463363813851706
