-3.469446951953614e-18
0.004735714848824521
0.004740656854439867
0.007058687720526242
0.013425589295502976
0.013426794258865346
0.017937479137112862
0.01793845466492714
0.01970948675284271
0.025986763222920976
0.026003166881997275
0.03229769540396617
0.03230649081922402
0.037432763015756654
0.038156810768886995
0.03818402871036689
0.042370543122714585
0.04239868802259102
0.04998827256541676
0.05001764608805082
0.059882396474846146
0.0604053738044442
0.06042410136112824
0.06096302113579553
0.06098383356861851
0.06518817089337585
0.06596651337779834
0.07070268607892534
0.07074439592905765
0.08616027390755282
0.0862230930581503
0.08767230014944837
0.0877112149923056
0.08852841856383765
0.08854424185993852
0.09052596043176303
0.09396336589153487
0.09530833870278907
0.09531827228158267
0.1015213063408056
0.11453217036907247
0.11460816426266049
0.11509789204328409
0.11513830595788642
0.12071306262336935
0.12076885340255188
0.12370930777623233
0.1237970031082523
0.12801135720731407
0.12805684463913872
