0.0
0.001121186745111094
0.0014567916048736276
0.0017171878217242652
0.0034660506735114775
0.0038766253175867137
0.004329602293032765
0.0047832013692764245
0.005669405955051917
0.007227642478241781
0.007818884908219194
0.00858238039565721
0.009261093764467486
0.00981758127934094
0.010892731948505244
0.011203164578165165
0.011956161039382495
0.012628860613552383
0.013903805036870777
0.014270558080117414
0.015006020872635742
0.015153425640044354
0.01565658923353569
0.01763444039734781
0.017875113521680523
0.018284951170432717
0.018501569736178718
0.020596324310108237
0.021836314534106928
0.022198593416541283
0.022406428467657696
0.02293008592643679
0.02378619871992775
0.02406879761080532
0.025564200424934826
0.026395646102073497
0.02723182178780508
0.027615051884327176
0.028885184817858865
0.02965181862174117
0.0301128419052418
0.0306712272417176
0.03130491529627542
0.03245093305276768
0.03279932165670947
0.03367947004072504
0.034093843474688384
0.03469069594713984
0.035860629361782095
0.036868563161014486
