1.3877787807814457e-17
0.0005224031019808728
0.0006517343070087632
0.001717064166132612
0.0017783109265958174
0.0022261402077978568
0.002493681412443667
0.003203758282215084
0.0035878662139457573
0.0037860703779613557
0.004113079976873692
0.004439811688437103
0.005283492455087571
0.006543914721211122
0.0066158731373774215
0.007883482196976517
0.008380221203836436
0.00839713529111614
0.008695252401727803
0.008830750070058511
0.009026698529024097
0.009633186866214167
0.00967486778251087
0.010755487620984742
0.01090901491928766
0.011947539797142118
0.012034430397750448
0.01238761106351186
0.01303383771395251
0.01315223568674616
0.013809313839238281
0.0139256937454129
0.014672010644944179
0.015482893173182142
0.015638609343592465
0.01629126392998447
0.017483680960292597
0.01766957393325077
0.018115649402049322
0.018578772195535623
0.01901077727703828
0.019084190306660878
0.01978662314967529
0.0205675296270537
0.02147632208139609
0.021658211396210852
0.021834281906979093
0.021899059236360624
0.021986744596340015
0.022582777914831306
