4.163336342344337e-17
8.69039165736496e-05
0.0001026740812508399
0.00011718939469389233
0.0001590224459896896
0.00020313899834386272
0.00025105132008710306
0.0002603890006931415
0.0003326472450734738
0.0003692624260366994
0.00045963459174102814
0.0005368743735576741
0.0005754288539885043
0.0006042133890385732
0.0006487954900628399
0.0007847590959107979
0.0008846836253120684
0.0009218791007375143
0.0009688542556666787
0.0010172346430308947
0.001076211931501923
0.001155882969485704
0.0012016551040585632
0.0012169385208526846
0.0012952397322017143
0.0013247043287271873
0.001328363758987058
0.0013601499388637625
0.0013608009492074215
0.0014082730080514395
0.0014388547078045856
0.0015096764508194319
0.001629654324311624
0.0017413425882681823
0.001805506735490148
0.0018743259663530562
0.001891355465911116
0.0019603719297565225
0.001977123828470387
0.0020413571440814904
0.002104303769295896
0.00215285196578306
0.002290177296542727
0.002302931341286462
0.002303813304189044
0.0024678806290173577
0.002624885884439399
0.0026900579813966576
0.002745604746625904
0.0027667988390495425
