-1.5612511283791264e-17
0.0005299069322492762
0.0009303296721957614
0.0015157162549722328
0.0036422283567934706
0.0036541505483805893
0.008182693755360236
0.009101288917160515
0.011556870029115275
0.014454829908796056
0.014689171682388197
0.01601940246036543
0.019733272475587177
0.020444147293032934
0.020665036296280567
0.020817936148231297
0.021001623212957288
0.022431947043140048
0.024172953244814117
0.024873481040888386
0.02492334239858792
0.0255732845077674
0.02585380212164931
0.02660759117251587
0.03203862786814784
0.032097110738106296
0.03345096521211433
0.033928545177900137
0.034702286427179964
0.035295994299744865
0.03862793080181384
0.03876285671084867
0.04282806896709631
0.044729869020214516
0.04621707303024826
0.046360151515540994
0.05053602954144783
0.05276827926516681
0.05346015826731785
0.054459689725174835
0.059751803792660756
0.06001402201551565
0.06176521650387549
0.06216254544412015
0.06543925069409151
0.06578999002626464
0.06680702211526088
0.06721052330868402
0.0692505463241104
0.06944155620844632
