-5.204170427930421e-18
0.002672700548937621
0.004852673667916465
0.004875867368034338
0.007680720986821864
0.011206759440481788
0.011322148065894924
0.012374809641797808
0.015415857757689591
0.01546733036237839
0.02139747347018793
0.02150577854164381
0.024094039696535507
0.025524595194677764
0.025542832546734957
0.027569998742481866
0.031028221037055305
0.037629330906477285
0.03765937314995462
0.041954386057442575
0.042793389520456526
0.04294706376650206
0.0437967481622855
0.04396583904670404
0.0446797004101417
0.044840948330675125
0.0526853602555192
0.05319809599336341
0.05991532877989398
0.06345898507971619
0.06377465604336933
0.06407986490871408
0.0654326787226006
0.06558169554198309
0.0710167441541813
0.07109999064274337
0.07497663089871627
0.07523106898689158
0.07718200656526067
0.08006584204006595
0.08018343133533012
0.08232685818826983
0.08247283176438365
0.08314908293383565
0.09103149550581072
0.09119206661193927
0.09179268517308506
0.09289415822965398
0.09299442640140969
0.09514139920246885
