2.5326962749261384e-16
0.015173564728989024
0.031186296955532655
0.07480525059674122
0.09859466564247531
0.12012876988598635
0.15945715016189582
0.2351253482708392
0.2630426075585988
0.36015915233597623
0.3658259119211058
0.3956452352301084
0.43970594596395723
0.5100592567707373
0.5257578372538233
0.5691128426354067
0.5909906694337618
0.628024322817449
0.6379238216597926
0.6714189248858006
0.6913887822700974
0.7380290794874117
0.7516454191245658
0.8126548971470539
0.8205910313953886
0.8266042026610945
0.829391443771606
0.8834106492219904
0.9317970182578658
0.9437280650618968
0.9719459923042073
0.9817636853166992
1.0303226582926974
1.0672739848028199
1.1308346681136134
1.1655573519255071
1.1912125372243174
1.230577434979693
1.2909783250952576
1.3189062365198916
1.3304709381366089
1.3534408121089758
1.3824977220391157
1.4235628743223039
1.4720024018578326
1.4985473197460237
1.5529071272790658
1.6166376198243377
1.6536216115024611
1.6670820327133204
