-3.9898639947466563e-17
0.00024412207218052137
0.0008027939870325594
0.0014255634654557654
0.00181630117300342
0.003248986683192392
0.004781228319940149
0.006086905772325917
0.00683485758480931
0.00733720054335932
0.008650501467927058
0.011678036212702721
0.017747069130292982
0.018849801452118294
0.020484971976648912
0.020632307609486332
0.02212302705415317
0.024311432805236184
0.027732554069955048
0.03978576292720797
0.04001801148273323
0.04081496785136205
0.044188336614949066
0.045093382842187515
0.050315803181824756
0.06281095398931671
0.0634363229607772
0.0654764601338725
0.06731016918956474
0.07165742695738887
0.07200412458319942
0.07405248882490245
0.0752519036143957
0.0820499001204196
0.08248968766339797
0.08805453316033046
0.09007910876210255
0.09140800604722657
0.09872921773915068
0.10504885343513819
0.10888680109458979
0.11127330195854526
0.11451419740657015
0.120207594193299
0.13052285197181487
0.1361781224648363
0.13900421598632268
0.140023778889649
0.14381758163498748
0.14787564801235753
