-1.3877787807814457e-17
0.0006443335937469895
0.0027276751581108323
0.006426268459938886
0.011745439563571195
0.018044233904220608
0.018539702707359704
0.019007300247742692
0.02657026715150245
0.028542018249779963
0.028608130521953976
0.031247460154492368
0.03148147510463239
0.035362980909365835
0.03571460146733795
0.03618905912837925
0.04184485535360421
0.04256475406626144
0.044690145650547
0.049531854277852796
0.05059330740835162
0.05343376166457007
0.05445923480631707
0.05514066212474291
0.0586471326355996
0.0601238150223209
0.06714106401967179
0.06872607506678483
0.07069058003845842
0.07964998445803063
0.08105824845095709
0.08209504363624037
0.09174843786051885
0.09352117887487192
0.0970069360691368
0.10364198417127637
0.1040681901894019
0.10534606190745309
0.10691343432173343
0.11073462561739299
0.11090959588632493
0.11300221078373748
0.11356649897783336
0.11379692453206801
0.11746123820658226
0.11795408558245642
0.11994396673703613
0.12166686504280917
0.12300141472343261
0.12378440555032917
