1.214306433183765e-17
0.0005376718752990433
0.002023967217647705
0.004676488856312059
0.005036578557844949
0.0050916345850265145
0.007520491689446377
0.007551125447100642
0.008112393321612127
0.009124990209727993
0.009160927894553033
0.012426368858294816
0.012460304621681297
0.012674814877632239
0.016049453844317677
0.016107376965464486
0.017995493304840682
0.0180341627632591
0.018151083550337017
0.0209714682236875
0.021060393785931594
0.022370503749950144
0.022487586327335718
0.024130859910101513
0.027116848955195713
0.027201264997867708
0.028066209020752998
0.028206153296483606
0.030508052475374414
0.030559554958512446
0.03123822601308593
0.03353701948825228
0.03366865069094399
0.03471370005106101
0.034835020828907284
0.03856799151769527
0.038847519686805054
0.03898117087074193
0.03935421715682951
0.039506954278085926
0.04191419711268976
0.04207248300800026
0.04505012774886478
0.045189391312656875
0.046415464928078555
0.046549996253326016
0.047308825333921924
0.050277830002307046
0.050452210724529566
0.052181656833052696
