-6.938893903907228e-18
0.00039706862999392203
0.0004041982668345021
0.0012091877017983352
0.0012295062478709737
0.0012327532627350833
0.0024435295666260046
0.002525875328711232
0.0037851824635970963
0.0038173494388636497
0.00440599195768886
0.004458495598725704
0.005291316819673842
0.005312339405182094
0.005482571018743972
0.005788583797818424
0.005966341726740971
0.006283057997065326
0.006323164879442679
0.006408432245341928
0.006733711743775612
0.006745706403135236
0.007239124844675036
0.007593557616395729
0.008026352266973858
0.008041795628262864
0.00821454454064558
0.008654125368015698
0.008679072458001246
0.008982866162774784
0.00898669916388098
0.009113329991658274
0.009154835202813452
0.00955184215646142
0.009968808536039856
0.009996122252477055
0.010549060182384612
0.010600024426316258
0.010687284518460316
0.010906818760513524
0.010966780238102986
0.011061669678078178
0.011733988460527844
0.011914037440798211
0.012014639019820863
0.013025684831250732
0.01413524888703129
0.014249891303747807
0.014448339416192986
0.014765482830480821
