-1.734723475976807e-18
0.0033625966354903364
0.007939608920499665
0.007951774085845251
0.011878648821592749
0.021385428725314057
0.039252997787981046
0.04642576471301943
0.046461649023200935
0.05004354460291783
0.0565363136777926
0.07120606091323557
0.07121882819042903
0.07264586091304878
0.07318626820059121
0.07772950929019688
0.07774989329109945
0.09486329706590516
0.09488612268003328
0.09973156512271536
0.1012843604557914
0.10128833181070218
0.10472469036164664
0.10840221496729958
0.12606211442140564
0.126097538440538
0.13291163849511797
0.14613534717373056
0.1477370587613455
0.15613935625891237
0.15620154913777948
0.16319217335737057
0.16578128140849324
0.16584955292937265
0.17934855392819327
0.1819837945428835
0.1996887405415617
0.19975305776666105
0.20633749758916972
0.2137781998487279
0.21381468263407657
0.21489940074558173
0.23826688483149866
0.2383047563069883
0.24396401038840188
0.25005664311397324
0.2569484698095636
0.2570403908503891
0.2591735829564915
0.2594865427698684
