2.42861286636753e-17
0.0031035099257290116
0.003128998062133532
0.010806078479276471
0.01154643747309706
0.01925560566688908
0.02113384489329862
0.022121018106038816
0.02338135112281716
0.02385315067018773
0.02410222194301049
0.02744583526954844
0.02801452279730908
0.0318635282822952
0.033935805524054855
0.035836120079685126
0.03769489588228658
0.040525095605071684
0.0431806573060983
0.046083163897510285
0.05060813792210654
0.05252471988767709
0.055192889004281605
0.06009611982914297
0.065551839398568
0.06837720864901808
0.07040799016449481
0.07194493281524701
0.07605900077335224
0.07857115498152747
0.08397105801951323
0.08588982114611549
0.08691997647255498
0.0892077978384238
0.08982049902828038
0.09037955072621429
0.09266174438364415
0.09492749692092425
0.09578206524717701
0.09723093461199467
0.09808435586272796
0.10069638283569332
0.10126371788628218
0.10295551581780059
0.1060507390930316
0.1105578096998297
0.11848785950199921
0.11929817406249345
0.12092124917274345
0.12214461540498105
