6.071532165918825e-17
0.0007305929302414901
0.004457117986046824
0.00582480820479645
0.0058318126274086775
0.012527835385563525
0.018392517156838678
0.019293471301328517
0.02545521998365937
0.030698556042020035
0.036086895534875665
0.03685109880253194
0.03776955942337877
0.03902550862532874
0.04643492197992777
0.04934590030749063
0.053870665947091646
0.05458439704411693
0.05482486732180011
0.056226688089671566
0.05919014301869114
0.0667700897014886
0.07058991496831783
0.0733734937635292
0.0735783010989579
0.07628201365127349
0.07971017290864178
0.08339948466860252
0.08665670613793122
0.08830223779944396
0.09559164035033718
0.09630323912311313
0.10289338227260783
0.10573747871907216
0.11282303035819159
0.11314961763900239
0.11337531023654925
0.11677096191735663
0.1172505452755729
0.11794281500459368
0.12150966565268988
0.12707680669738158
0.130870155811939
0.1361638191450821
0.13647816828793244
0.1378415877040028
0.14158273202419006
0.1429428361917493
0.1430314962603046
0.144818276426824
