1.0408340855860843e-17
0.0030481738362651122
0.0031841288126288527
0.01081592040137294
0.011495054957973058
0.019270395651896755
0.021649042479275737
0.022020497370290812
0.02299583596753252
0.023443531060220346
0.024412724638255362
0.027263162239721625
0.028178941738470353
0.03200668789932146
0.034024820782486885
0.03550324213798979
0.03781032661051531
0.040812644922737035
0.04266383871528276
0.04676651857769159
0.05022985294198274
0.05211069895355243
0.05569474412564888
0.05976200022550574
0.06543963275152956
0.0678591728969702
0.0711949780104832
0.07226746315694922
0.07604330982217354
0.07823745707950244
0.08402979745110878
0.08544240796709439
0.0865715302090764
0.08849192275701599
0.09026546852955908
0.09130072521475832
0.09296710882475814
0.09499270046529565
0.09618112235284239
0.09714258014847413
0.09758600856540148
0.10064115298891177
0.10098850717491725
0.1021569693696456
0.10583278807541935
0.11112451466210323
0.1190304583058742
0.12069595095079429
0.12089528065076587
0.12226031485923554
