3.2959746043559335e-17
0.0006281458806117208
0.0014918081288597222
0.0032770885599429193
0.0042894227802601406
0.005197418968833514
0.006204662588990493
0.007163662826418922
0.007735167892536426
0.008387811608525983
0.00946761612070998
0.00988938557097221
0.011174256576363806
0.011809922186425703
0.013675659339975518
0.014289316982731433
0.015039534096408074
0.01583880287410929
0.016264464884239195
0.017996559596874594
0.019337287155672442
0.020544342484307143
0.020671187362847968
0.02227891715352502
0.022661465068598965
0.023312003307453866
0.024440391678428125
0.02567889428324404
0.026475789830041764
0.02671256350604842
0.026887844385682584
0.02775603777150735
0.029990712161152802
0.030569574552841372
0.031293979840244276
0.03169077635081406
0.03267937388332682
0.0328441930852563
0.03472099693035008
0.034908423059567595
0.036462132929181226
0.03698919961944141
0.037897208214508184
0.038093265990850375
0.039728598181585154
0.041525138803721245
0.04178207216413344
0.04266325089480328
0.043760256517838374
0.044702848749374455
