1.734723475976807e-18
0.001301493746724395
0.0021835701542073597
0.002185362075309616
0.002660990474679742
0.0047197164234313235
0.006056587663221475
0.006060547790851625
0.006560020341971307
0.00656635656122175
0.008743070283577537
0.010857592071886068
0.01086229377375108
0.012605472765597836
0.012694461282160402
0.013348793260629902
0.013385705924396895
0.014612849679872782
0.017060872353115715
0.017069355813162913
0.018919258143269314
0.01906275337401253
0.021133134608396942
0.02150118808383881
0.021510634195037057
0.02197009102221858
0.022027900245445833
0.02512483228120333
0.026029543379897484
0.026056071144239926
0.027864639002000778
0.02802023503899248
0.03068639011415946
0.030714714872409128
0.030809133811606416
0.03303450718096084
0.03304174965751828
0.03362359237580942
0.034402790227590165
0.03778686273511876
0.037790948650338586
0.039893873172709114
0.040096151710652735
0.041025779103675976
0.041100210825217635
0.04185362085188924
0.04191732409651732
0.04231066050211143
0.04560871915815394
0.04565875276439827
