1.3877787807814457e-17
0.0013882743211125342
0.0022830309961930587
0.0023033227708200675
0.002659919027036141
0.005176576492647579
0.006591739293020727
0.0065969195005538914
0.006777089999789704
0.006844389939527221
0.009513891289240498
0.01234205733484023
0.012405406253291828
0.013186642754099745
0.013275532701982755
0.014237622856173875
0.014269929951883758
0.015075557577538515
0.019266695938331233
0.01941807214534147
0.021410853537708413
0.021870649462875
0.02209342908891733
0.022225083814929728
0.022380166920421878
0.023897403899590143
0.024242011500465926
0.027276798751196825
0.02776349575346323
0.028108458928334315
0.0311128560317813
0.03181789725387891
0.03208857470472969
0.033862253768663586
0.03466019982138999
0.0348615707701836
0.03500986689265984
0.03537029173297582
0.035606081982089845
0.03834009459888676
0.03853794715025092
0.042816515704862855
0.04332581107301397
0.04378676257841613
0.044903480156129015
0.045705562818612974
0.04678447756872045
0.046854352696427716
0.04827071457473808
0.04854763994862776
