-1.734723475976807e-18
0.00039926646151310086
0.001356614326827382
0.0013589489507070448
0.001922903278380973
0.002025358029268544
0.002026250650133418
0.0034169402527025033
0.004348262572918109
0.004369362027763763
0.004372495404964347
0.004464305063576483
0.005501441934289801
0.005516792037430647
0.006063256939239434
0.006358934635987192
0.006365915382902447
0.008505310913217446
0.008858466573318942
0.008886584484881844
0.008911458256443178
0.008926991014451364
0.009545016707024493
0.009562947486565878
0.010982141125138364
0.01098265682857792
0.011113329000790298
0.011224260941018674
0.01247717140121647
0.013084018119210063
0.013101781990760864
0.01449585665431343
0.014597725620190223
0.014776769665540422
0.014786718984913355
0.014958151235125542
0.015067663054271587
0.01671473706729308
0.017159642257177407
0.01720592075370947
0.018169243788083093
0.018172671828506265
0.01828681808909876
0.018290326063574155
0.018922996604828053
0.019196644697053976
0.021259345675130416
0.021698166958223505
0.02173809731549322
0.021968831447299747
