-1.3357370765021415e-16
0.06826881202630566
0.0708325128867586
0.13587949470282526
0.20257781343554118
0.20397571465510006
0.29938728454737634
0.32370097848074986
0.4202220814774989
0.4819980725690233
0.48578364486484976
0.5598881820043684
0.5978390229064072
0.6287170563463682
0.6443297212573109
0.6859099725299151
0.7803508517839696
0.8557509080050346
0.8635705742437784
0.8993072831429946
0.9399005184005582
0.9744201426658049
1.0626901939604045
1.074843443842972
1.0959181945600838
1.1741759186809588
1.1976495199988837
1.2372385879274939
1.2648013369685134
1.5400918613313879
1.5405125872280039
1.5798245740832981
1.5962578002732473
1.6087317388008784
1.615221416311658
1.6267820309986438
1.63202106568537
1.675871097514482
1.7917687539886622
1.8189191128510858
1.9706532032877453
2.071055670677875
2.104087796955724
2.1387749302884047
2.1940312995208924
2.215051306808258
2.2276987939179738
2.229226996264398
2.251769838337639
2.2584634767525475
