0.0
0.0015534338009359147
0.0017091036781383233
0.002667252335965124
0.004025295049670615
0.005284059665545926
0.0063358924971700665
0.006881198306061155
0.007108062648273164
0.009028675933006795
0.009221046845640077
0.011350234327310015
0.012217647147444126
0.013325438571678833
0.013714890345511403
0.014211546212287892
0.014708934443635196
0.01624308229745086
0.01777169708137718
0.01943476653207718
0.019855178215690952
0.020006477330732776
0.021995351285538492
0.02271587329557407
0.023291769040740998
0.023915267405079002
0.024140931624148265
0.026331322822278777
0.028352701573304752
0.028472137977416455
0.02964800282354256
0.03011008476255453
0.0306777123422571
0.03211384692599379
0.032800335492208316
0.033122192299442146
0.035566944258674675
0.036640269654211514
0.03684479918981777
0.03766021323411369
0.0393465832511049
0.03940396197941277
0.041979203113630854
0.04249682301092464
0.04261904757086984
0.043081178343526566
0.0438250677792107
0.04418044078039526
0.04580553013500659
0.04790786511235016
