3.469446951953614e-18
0.00041379982541964525
0.0013915598483950336
0.0013978177744551363
0.001991259616915644
0.0020579895394936387
0.002064621512143025
0.003515990589376879
0.0045015109290091285
0.0045094411419467455
0.004565571915068482
0.004595110773787256
0.0055265739959845395
0.005528139917644151
0.006293364869138429
0.006488602758993689
0.006523002050403006
0.008948665349815177
0.00897906364270166
0.00913160923088585
0.009149578627637484
0.009362221849779683
0.009883321395987915
0.010040367693486056
0.010986147013226593
0.010990140354203504
0.011288990940641489
0.011327110442594992
0.01298535559978171
0.013337980358505577
0.013432367878390026
0.015055234339120675
0.015281392319362213
0.015388888154862697
0.015420350831522598
0.015482985078022862
0.015564620629567203
0.01720707640280727
0.01772201265806854
0.017893073315202603
0.0182328399301349
0.01826922939441998
0.018294684709587256
0.018297953512758466
0.01939041027504073
0.019468547494850927
0.022050155369252054
0.022508105764173947
0.022643246253693246
0.022707718124318488
