1.9081958235744878e-17
0.0009477881626107597
0.0018527012072593104
0.0032844149123474765
0.0038240289656610547
0.0067034456115604765
0.006959950655940078
0.007873670668150189
0.009721109931826484
0.011640238450312252
0.012012825886543671
0.014770026470115534
0.016266238070551886
0.020970843883260974
0.023602103254855643
0.02466875914912804
0.025740954408627198
0.028608715184921682
0.028772119176438897
0.03065960441018429
0.031156780071000596
0.032367272138884365
0.03349182580171183
0.036981368817657505
0.03759688083294606
0.03906570442335166
0.040486139315966285
0.04192486492407154
0.044057966081791175
0.04450304472952255
0.04528303754438017
0.046910407057232546
0.049988584330162546
0.050789023322171126
0.051772781969883344
0.05330678245125361
0.05461752331744763
0.05747192012525653
0.05832421931761713
0.05949745397750896
0.06121565075666036
0.061525563990348024
0.06297526224369707
0.06415048794387629
0.0646348522596692
0.06699551592458244
0.0678859528842752
0.06833576268632124
0.06916770505711363
0.07037184896661156
