-3.469446951953614e-18
0.01299155036184062
0.013499795095075892
0.024890519304727285
0.03331117818913748
0.03354910667743444
0.04176925998081873
0.058141338539731156
0.05859745095446662
0.058855981918733265
0.059512919938617174
0.08813618656352856
0.08843552465317649
0.10623493400993436
0.11697281094435781
0.12007691152448967
0.12124145926693052
0.12175198402119496
0.12394537888418965
0.12662961073654255
0.13737482100877685
0.15629681500004608
0.15665298647434034
0.17128799203930972
0.1813960763959573
0.18878646884872297
0.1889403319659046
0.19086603653390014
0.19627136184514454
0.1968700902112957
0.19798670646094305
0.20121771872940677
0.20443889583159158
0.2297355408351
0.23248536891125693
0.2521247859383784
0.25939340226933844
0.267161568436269
0.27424246073398434
0.27705080089336315
0.2865378527923985
0.2957574737179447
0.31085371224979846
0.31173756806070174
0.31513342662483523
0.31898480704574605
0.3280796761561105
0.3290138493780236
0.3455931475643033
0.3529092383833638
