5.0306980803327406e-17
0.0013777179619708715
0.004700168967104276
0.00991480930141851
0.016979944475277155
0.022364671237904414
0.02993854833325591
0.03252127812045499
0.0338755395010825
0.044161146199467524
0.048219674533120434
0.048845677569645016
0.05076806070199452
0.05280077089353321
0.05762987135058375
0.06141769781763349
0.0643310126009041
0.06656244797328771
0.07418876803597645
0.07568319713147201
0.08283164667733675
0.08370583582480919
0.08544545231533125
0.09260497870546495
0.09561111121034659
0.09910026715108908
0.1038951338081263
0.10903753602755877
0.11529479286850665
0.1214136586580573
0.13043111996355053
0.13288622900483218
0.13535578004863363
0.14008493737790312
0.1441935584860877
0.14953974377129736
0.1540402648731925
0.16427513625111861
0.1684195096279184
0.1737050212101699
0.17692051468188655
0.1799085367035715
0.18075712972463764
0.18272944684889517
0.18456131963617403
0.19047001647953343
0.1925818108124727
0.19374776164826368
0.19422076551605133
0.20101254538734367
