-5.724587470723463e-17
0.0032393593774631985
0.01112945472446976
0.02384124874997018
0.041512475303415584
0.04623930926349161
0.06419346484040588
0.06931166570544463
0.08456985158871913
0.09189697603364833
0.10512928736662823
0.1216611865993434
0.12454031394211816
0.14297217740877396
0.1607690534199874
0.1617946206451009
0.17744581325559336
0.19247220537817403
0.20497196699474785
0.2085983326765997
0.22231762115720613
0.23383584006965924
0.25045157041983845
0.2530064539875881
0.26404662925748834
0.285885646053999
0.29285785450780033
0.3050980473024694
0.30729766900139316
0.32857118277346103
0.3421934856858665
0.35594991564502176
0.36703881904429336
0.36751257455901387
0.3940326292445232
0.40143665521289845
0.4045558208411253
0.42387548501193945
0.43230887755716824
0.4402647895666746
0.44439882458727487
0.4598572964744666
0.4754947375825264
0.481674044256408
0.5024319097753137
0.5104310918881225
0.5229869773449324
0.527022610085421
0.5413687076651623
0.5526080415140684
