-1.5612511283791264e-17
0.001241521680730136
0.0013707353731065748
0.0014544387576618436
0.00350297126736002
0.003911557032897639
0.004087266803897104
0.00442193883173426
0.004586239954764031
0.007296705402843476
0.007370526564147691
0.008006047997181692
0.008184318305518823
0.008588832317218987
0.0090370557904639
0.009087567466310622
0.011805261646616215
0.012709055484164811
0.013075071471041344
0.013373248551478709
0.013568405899068365
0.01412845116572953
0.014525439857153882
0.01499671225326458
0.015254977890826303
0.0177092447805512
0.01896637227209426
0.01916184554761864
0.01987338276166036
0.02002179060671913
0.020732968124626647
0.02102276473984801
0.021185860893333915
0.02187872339314481
0.022613384019718845
0.022961106790878934
0.02516120317036228
0.025920255757797377
0.02682598771175134
0.027307940515205582
0.027895958728403072
0.028320719955745394
0.029350640377670822
0.029373748187572976
0.02974208135225493
0.029893475000836382
0.03016004787153713
0.03189686656901639
0.03207762738196071
0.033825206742191694
