-1.5785983631388945e-16
0.16751011894420229
0.2510302416489381
0.2511422499201397
0.5536528406350257
0.7031616398704635
0.7034706932791547
0.9805031084622167
0.9807614119023179
1.2044805595653196
1.3448044292413421
1.345207086551601
1.514374154052767
1.5149923682003956
1.8493838854828988
1.8500291467987635
1.9677640092839221
2.1727115961022174
2.1741900526942315
2.17564268205089
2.175978528642132
2.869609271116716
2.870098756367397
2.9653339774627496
3.185836218238353
3.187971341946725
3.2128864281640688
3.2138524952338963
3.217700896245246
3.2185767354329835
4.070816491684746
4.0729741394148515
4.259657353688766
4.260059019579528
4.269807343006978
4.383299889824936
4.384508755200768
4.5103887038999355
4.511810790065306
4.658204724996265
4.65874609364968
5.17524079910723
5.177888540826911
5.45440545083247
5.457140849338672
5.574532563405246
5.750264591433948
5.751310734891136
5.76228205052968
5.764072658767097
