7.962380754733545e-16
0.15739109799758472
0.21980164486728337
0.21987621317101314
0.4933624527441838
0.6140031757844326
0.6141370774799766
0.8765053587357811
0.8767177462632194
1.084512748860903
1.172395565678075
1.1730861076546397
1.4437472665001319
1.444100205860038
1.629553100801466
1.6299347717650907
1.7984881689370118
1.8929369345014166
1.8934205744110952
1.9682973077066164
1.968571755154503
2.52390145771286
2.52506091326649
2.666820013621366
2.7735546423850175
2.7737135992290516
2.840774610376202
2.8416216561206653
2.939519804023665
2.940173465107885
3.578400498381656
3.57899828527402
3.811715986754188
3.81385947653532
3.8547465956062132
3.898402829798611
3.899341286596658
4.090846737555429
4.092173536282429
4.196569761637429
4.198524963172942
4.790958779650618
4.79147198729388
4.858475356982553
4.860111387466726
5.008153338597537
5.010829130948732
5.086426372833009
5.178543293711296
5.1789919860758395
