-1.9081958235744878e-17
0.014727473453950203
0.0176514787978206
0.03597526708722656
0.04028509639621083
0.04900989762531473
0.057390146028456386
0.0785945480210176
0.0848776668359014
0.08786270147072221
0.09701537408966356
0.10961414879711454
0.1160245837064549
0.12579606875726235
0.13191329286764947
0.14164349866356646
0.14688451395240876
0.16581878485475762
0.17508559287487127
0.1808023886234931
0.19753573711309108
0.2019280881887976
0.20230733721908725
0.21491237923326026
0.21956972501420485
0.2343233888314404
0.24984272713103167
0.26235694030746826
0.26353721693632937
0.2740321518679984
0.28549123525454995
0.2902603991546026
0.3020955781272876
0.30791149430223524
0.31142734061464017
0.3374677758067455
0.3435400987728223
0.34613263587343346
0.3590121709706967
0.3647443641145583
0.3794627434106757
0.3951808464240707
0.39806539019482473
0.3994970442987494
0.4174431436925815
0.42029537456226573
0.42411430854188703
0.4314943657829888
0.452164669769426
0.46478082736034726
