-6.938893903907228e-18
0.00521274597331042
0.005642073652092306
0.01076946288319973
0.011022020023989993
0.021326723575101757
0.022284607715310496
0.026039530999817373
0.027381961928559455
0.02788765701558653
0.02842081365414837
0.042193939584028645
0.04501809009733481
0.048061567809241375
0.04896608853703004
0.05151321075330323
0.05459346122929679
0.0548515838636462
0.05851266777687807
0.06779485162026969
0.06928703320622648
0.07221115300843081
0.07407837779566691
0.08297871231383168
0.08689158795324325
0.08781852022327508
0.09071751847799063
0.09242341482187516
0.09522499478446991
0.09921756895245863
0.1011774135509427
0.10403414993505164
0.10815939010331997
0.10841735662567852
0.11649136536446962
0.1291689022357939
0.12999030837638617
0.1306194118025109
0.13384498763654074
0.13452276980735792
0.13695196219134495
0.13901275810333658
0.14090708223966786
0.14266503643750514
0.15027331602258573
0.1524526340632699
0.1574329832818592
0.15867980712553012
0.16737074253677464
0.16995278642706174
