-5.377642775528102e-17
0.011139850916638645
0.012217965857995573
0.027158236461431853
0.028625419167746316
0.04814592306795705
0.048795372411926635
0.05031775918344057
0.07214926948928019
0.07295302559845283
0.07568572139649168
0.09100207675387921
0.09568368921814824
0.09921294218626062
0.10537975334082994
0.1219894800896313
0.12510874884207965
0.12558298984612276
0.12656683572392619
0.14494020792704498
0.14634056388424038
0.14776148078654094
0.1624662723121182
0.1711914345663586
0.1785486250372497
0.1794502714700718
0.19397537481591123
0.19738914889991666
0.2106738541814014
0.22372099603896456
0.22559274340263005
0.23353118697636674
0.23951103881127178
0.2436678817275939
0.2439229366030905
0.2443001253794761
0.24972994057785475
0.2555206222816934
0.26151660285632844
0.26729482157301776
0.2830828441962317
0.2979859072220347
0.2996943404209274
0.312899867457867
0.3157773090052124
0.3444405835386239
0.34696473115051923
0.3557358388335422
0.37169464222933596
0.3732749307558691
