4.5102810375396984e-17
0.002198920319661457
0.005471615607820052
0.011628024456093846
0.014399096622936694
0.019325645100984862
0.02901753483832647
0.03392332979031146
0.03540916292169211
0.03958254123844406
0.04506127172693901
0.049335105063310576
0.05324476115987272
0.059092971753327846
0.06567249766294063
0.07118213457691415
0.07379682696032498
0.07665712009637896
0.08699792602113486
0.08702872221442656
0.09431244010436335
0.09757960095847544
0.10535113793927546
0.10788999127589444
0.11033095733536999
0.11579279529172297
0.11960098721041244
0.12196611648040055
0.12499112589133633
0.12821031607670108
0.13581744144501953
0.14219303761923247
0.1475218432629635
0.14984026981385007
0.15462789764127036
0.16158352692189937
0.16627562638819915
0.16962974671283199
0.17216628617267735
0.17686475261453954
0.18300576131363683
0.18514442056462888
0.18915101013922522
0.1938274966254858
0.19812882492497633
0.20144345494781588
0.2064828130048381
0.20800243012227784
0.21181131826209193
0.21515584153846987
