-1.3877787807814457e-17
0.004473402685412107
0.00847767948014092
0.024142116911463243
0.02559843056861373
0.026094157292125324
0.03152731452081236
0.03359470148398394
0.037034845775744195
0.04767979930305318
0.05243297067135131
0.056068084506178166
0.060203385935079685
0.060580314140670034
0.06470055642304429
0.08046901509535767
0.08840377409421443
0.08899736823291897
0.0947985015262206
0.09677809856364081
0.1047414727888103
0.10872810747699171
0.1092645449553682
0.10999559904655588
0.11373204170061423
0.12112416894671567
0.12513741637419376
0.13335941093904052
0.14281499276930432
0.1459675957425101
0.14666399427273558
0.15597002382047118
0.16533082281596354
0.16679033785544226
0.17758524320661256
0.1818673344083435
0.18685573712210582
0.18696365851755822
0.18979263532441132
0.20258300396757908
0.20765913923445353
0.2077546395071298
0.2080874845720774
0.20954419555386217
0.2185226921738998
0.2217140628912359
0.22321739226844248
0.22926315415341636
0.23116547543169697
0.23418149214921363
