8.673617379884035e-18
0.0012356255629085919
0.0013819671134120502
0.003194185983643948
0.004140373685999239
0.005691331303241188
0.006692433662707964
0.007088473201712046
0.009364589108549192
0.00983273687328465
0.01038863897317441
0.01099037520088081
0.011663782450677783
0.011945219704666577
0.013216487697063272
0.014643224883150766
0.014872221670785576
0.015555974939657493
0.01679320084980937
0.017583364948321148
0.01914488483119836
0.02029524278698871
0.020601521168731464
0.021070478536038856
0.02254839682597924
0.023292178681247937
0.02348326749280031
0.024180636945408097
0.02539674468386078
0.027221536232736217
0.027839249476163307
0.028895178619606575
0.029540238870053505
0.02968003117514329
0.030511902127436458
0.03118192489569594
0.031931451149357484
0.03241103074431778
0.0335720376212917
0.03433158348846658
0.035163252417341466
0.0358782659734599
0.03660747479641382
0.03709343455162173
0.03787514956627887
0.03863780290410669
0.03934854240902412
0.040142439617391217
0.040451081560979985
0.04115967497671543
