-1.734723475976807e-17
0.0003222895691304163
0.00035362737831342965
0.0011785365826334233
0.001231933404164335
0.0017471613106776526
0.001981585564514757
0.002082925415315873
0.0022548526197777048
0.002416192881394094
0.0025345035498482403
0.0026976614141788844
0.002994684756202428
0.003397963582749585
0.0035131170297788925
0.003627518349525712
0.004030483051614945
0.0040753947236726006
0.004452253660811858
0.00516723266708553
0.005448381879645846
0.005539590139847483
0.005797697020213372
0.006193640729935128
0.006348107898997672
0.006591806849623223
0.00697398561058128
0.007404561135468472
0.0075169864034577445
0.007713974693702582
0.007966035601461476
0.008118486763692189
0.00826230278944017
0.00852283512981957
0.008549561946050334
0.008751591986337804
0.008784485852469203
0.009451053365958273
0.009514916649288547
0.010028268671557898
0.010130537929203374
0.01031882890295594
0.010471852958932161
0.010953352822932855
0.011155417221972832
0.011218179380921714
0.011561805286497936
0.011721852064717491
0.012040571957939122
0.012217990556616357
