-2.6020852139652106e-17
0.008251048689125325
0.008255848085059003
0.02216160801260552
0.022177724993780304
0.03763912758596752
0.03766594198938002
0.050320612990982366
0.0546713813572312
0.0547170747733931
0.07286009491275991
0.07293415807602602
0.07452574038417102
0.07812334145845994
0.07818510345055478
0.09171933563664025
0.09176445774295598
0.09246043562690565
0.09251176192421207
0.11050666644136448
0.11056490752621387
0.12821292275510937
0.12831547812753852
0.13867237685880654
0.13877385491879346
0.14338687272165118
0.14345086753168687
0.15382790204039
0.15408180267677704
0.15779536383945666
0.16001485195196752
0.16015352488140447
0.20236397161661182
0.20247691571030008
0.20335222962703017
0.22392620102056623
0.2240885348841293
0.25727608644400063
0.2573319372670338
0.26365199636561903
0.2696031529930351
0.26970401299288294
0.28125082633427856
0.2813941729173834
0.2941794093752634
0.2944379770519809
0.3314096336190327
0.33154466061074356
0.33178678489090163
0.332038248283963
