-1.3877787807814457e-17
0.0044541064169229035
0.007291072029123333
0.007296169850625091
0.010465371481789885
0.01778015811624705
0.017797744626112624
0.027610992997013792
0.03008005690118827
0.030346002286352182
0.03037642129906136
0.04444040095591556
0.04446402374262342
0.050808544424001935
0.050816070229610696
0.056042978029848596
0.059646589835282
0.05971157616433335
0.06207178789482353
0.06447866443099123
0.06448795994598272
0.07563165250840626
0.07579347732311609
0.07848698433261465
0.07850613011203827
0.09214673684120092
0.09225310606852558
0.09753636733089333
0.09757951770717274
0.10268896289815814
0.1086583673648621
0.10875365980913682
0.10976376251729802
0.10982157168649694
0.11445259563108255
0.12449692640356087
0.1247742871906218
0.12878633881344143
0.1288386783273344
0.1390341554545682
0.13928222603583917
0.1482234208643895
0.14828505273983175
0.15107797892405614
0.15118308214051976
0.15910070981715857
0.15924197701615636
0.1594040527011803
0.16204630583836013
0.16278276159844793
