-8.673617379884035e-18
0.004682755336455447
0.004685196580675014
0.011623655360284932
0.011630508856740001
0.015064971134281768
0.01761572059376021
0.02017517354144522
0.02019456738164791
0.030060464956604367
0.030086527523547395
0.031179805696351252
0.031182158258948794
0.04112232130501383
0.041138672852038476
0.05065731426379412
0.05067383473727605
0.05202571232335128
0.0532330842920661
0.053273280670064295
0.05514730231178396
0.05519108775406916
0.06529370969330098
0.06635266740903698
0.06636319809316668
0.07985261752794108
0.08089400467185948
0.08252548828503817
0.0825278357669966
0.08382580074360722
0.08387599026937845
0.08935173483280134
0.0893658346147695
0.09511548699469416
0.09521199568097692
0.10771767282922716
0.10774394761337147
0.11048503660141129
0.11052709386457552
0.11309463241159196
0.11312794559454427
0.121361289873528
0.12601817704804338
0.126067304137107
0.12827179311391654
0.12830583229999815
0.13824469826378996
0.13830542455035336
0.14107437651856625
0.1411321026243962
