-1.5612511283791264e-17
0.0007590751145167655
0.0014643521565561052
0.0014668700445015365
0.002887962791570815
0.002956505180335788
0.0029726741086889465
0.00477132820319574
0.004771554571993051
0.005732840644989036
0.005752899356656729
0.005889425821617911
0.0070723670080306954
0.007100845105842421
0.009623745631445838
0.009709936271059249
0.009722868424192446
0.00982383608368353
0.00988970646363757
0.010353871272375194
0.010398085835740223
0.013279321233913967
0.013298139926594522
0.014249778616980837
0.014592092173570584
0.014619719722481184
0.015006437293377054
0.015031605733405265
0.016647505908492746
0.016653531205610438
0.01692010406735684
0.01706621345711644
0.01992282661182588
0.02022512290994851
0.020291012715974534
0.020805299340912083
0.020826462934205904
0.02149376540127417
0.021500306949807757
0.022028948002955927
0.022164274505661226
0.025051147035689288
0.025063199830142456
0.025576632153606088
0.025588219499782752
0.026623339242552536
0.02677789995189052
0.026843301689137435
0.027641149993375774
0.027715171162837345
