-5.204170427930421e-18
7.655770162802618e-05
0.00010924940791957362
0.0001204794090817387
0.00012831597034553
0.0001343287077147804
0.00015218483906508443
0.00015938590971011253
0.00019710892380229647
0.00020992149379117468
0.0002557310165505963
0.00027059366994170234
0.00045326278975805524
0.000496822767749653
0.0006347307343346834
0.0006460358714936634
0.0007451959004970126
0.0007657491484187994
0.0007851972212192491
0.0008446572338432299
0.0009321479281378543
0.0009367203426253797
0.0009772653131045021
0.0010363864588658189
0.0010493072293938817
0.001094242855607417
0.0011523770394844361
0.0011725041212934124
0.0012628138075343413
0.0012976111112584544
0.001335507678436142
0.00136446852882789
0.0014174526870569838
0.0014925739317471175
0.001508227996272012
0.0016576772065543446
0.001756151669847045
0.0017856196347793944
0.0018576070911255262
0.0019099799531041607
0.0019438828786070717
0.002057758730618916
0.002198287839360401
0.0022283337485968
0.0023400594812234103
0.0023985003269653016
0.002491490798799175
0.0025994746920797503
0.00262893514108351
0.002735935774812846
