-2.0816681711721685e-17
0.003776943140233859
0.006825205142197364
0.0068266450771937905
0.01398113314816809
0.0192685091655882
0.019269330310579064
0.025403253276176166
0.025410083051438638
0.029342285997541448
0.036357837248713144
0.03636058940585116
0.037040788243265295
0.0370416406875778
0.04712141186901579
0.0489912924632302
0.04899767883122567
0.05540923897663492
0.05541714181199831
0.060102217353854036
0.06011883422632982
0.07363101062475885
0.07623841619028282
0.07624447176735198
0.077693716788627
0.07770585983863293
0.08590331019495846
0.08591777581688552
0.08844148447553052
0.08846976245327419
0.10321508789560366
0.10540245356144055
0.1054097853958801
0.10839723710528114
0.10840908902317195
0.10969535439530123
0.10970001972558402
0.12203816920892933
0.1220777549357251
0.12542654439743303
0.12544724416972328
0.13122190638953565
0.1312362377346532
0.13500436105910874
0.1423752429235848
0.1424006447475954
0.1455238856651283
0.1455511865253858
0.16087157898276253
0.1609234138005784
