5.204170427930421e-18
0.00022065008445453296
0.00027945050078353843
0.0009137220457695692
0.0010772127531351854
0.0019262494979169018
0.002722447486892772
0.003905568329549485
0.004190512551787285
0.0057005754127718074
0.006402054859348574
0.0076800974862259366
0.009379599767212412
0.010378295192585289
0.011095786238062415
0.011162719440696156
0.011422482073090585
0.011559019107992076
0.011716376336178077
0.012477885100979016
0.014642694143826266
0.01514179312487787
0.015763157115712294
0.016228466945866507
0.016390283743518086
0.016701330371236313
0.016740986803394593
0.01767921675835097
0.01848723700910449
0.018581079854113496
0.01874762874146086
0.01965258622863314
0.019744799274798476
0.019916981122123124
0.020001667573904126
0.020847594935954145
0.021325490994935387
0.021965863253059666
0.02273048731814096
0.022818509824067197
0.023043467262935248
0.02381150003680818
0.025445609721813284
0.025987678020247013
0.026443934896885082
0.02688553017957257
0.027301502034784465
0.027336173943160035
0.028361625995752586
0.02898242385000912
