6.245004513516506e-17
0.014615376235041866
0.03107862786820305
0.05224080522789559
0.11138787068387453
0.14878363353545787
0.1599725125945327
0.2017863416625668
0.2029185576598719
0.2459310776664339
0.25114330059393786
0.27022816736254357
0.30154321302610015
0.3333508146483643
0.3401893952405173
0.42037438476796796
0.42272052871504284
0.43849065764447404
0.4405772463326805
0.47337687775385795
0.5446998077536306
0.5477988052610684
0.5718462886882552
0.5834637994962176
0.6403306609059765
0.6682548691670517
0.6730567786702657
0.7324713938852042
0.7460446150389973
0.772275675135632
0.8050568961539836
0.8262047889400649
0.8318935187001316
0.8335097961430284
0.8802543260687204
0.8987905198156411
0.9252673137083224
0.927820715888552
0.9392123526079723
0.9655229316622348
1.015338094830662
1.0387425326150679
1.047312018529408
1.0804084689400055
1.0840416453265378
1.1275131501919058
1.1619717943152947
1.1925891950814562
1.2247762944572982
1.2365226901459105
