3.469446951953614e-17
0.003383255207521427
0.004570222584228982
0.008754701772520716
0.013349313773598067
0.01815532052661783
0.019859297081449186
0.023462853817363197
0.029397138791938796
0.034863595223814325
0.0376613701361871
0.04063692281283167
0.047385950078085284
0.05102226619823764
0.05322717696389386
0.05949679889905996
0.06135402253098151
0.07199022249884944
0.07728798602139977
0.07765669404334806
0.07851294141032394
0.08008185148154026
0.08960387453825802
0.09316707963194677
0.10221877257697777
0.10591049002255126
0.1115464699372995
0.11185151647250222
0.11204653608050107
0.12064607629190514
0.12201961320085274
0.1343836884119412
0.13556049580985008
0.13668307524561882
0.14600927414409115
0.1467407133632126
0.15392092286686634
0.1593965206416963
0.16219379671259213
0.16828055633050376
0.1712398790758803
0.17810356860711063
0.1804454426466268
0.18227028686880767
0.18489436784362787
0.18935295268195998
0.20134520172551837
0.20212235562101694
0.2117651320097252
0.2134536465261603
