-1.1622647289044608e-16
0.010378910272222807
0.03767544827149059
0.03905208082015007
0.04125939521477735
0.06736205420380403
0.07042834710976036
0.08995195808413102
0.11386348208220859
0.11885177571077536
0.12060200110061785
0.12909614978634332
0.14952818066225262
0.16717332915498898
0.1771772384001289
0.18537835697631255
0.19993667834346482
0.22947901906124757
0.23516379372130916
0.23586734062025813
0.23973541136691676
0.25473787399863007
0.2652542886145423
0.27295890667882045
0.31148086978244366
0.32667540386622923
0.33721418273792825
0.33911937046386714
0.3526998263521931
0.38475471843623765
0.38536295599902987
0.3927753177900047
0.3974917361014397
0.4076185885645459
0.4168165310059864
0.4259955718677891
0.43317536982808014
0.45394995767601487
0.46050555171694957
0.4708169281928374
0.4970565112162677
0.5174979838007183
0.532609563017294
0.5454821182691325
0.5604135617240031
0.5674283962380384
0.5685780762668076
0.5763384880380974
0.5860187565502089
0.6242415880515944
