-2.949029909160572e-17
0.014502727455433228
0.014589437545285898
0.024186044741315013
0.03904361438434518
0.040736173869108924
0.060370730879770816
0.0618152024723738
0.06213612627611969
0.06687254700232925
0.08911072783884165
0.10780403933157333
0.11228047005461397
0.11662502645507584
0.11816470765270316
0.12371197183803927
0.1250571386353833
0.1277491718170354
0.16244056807054205
0.18038526036561803
0.1825233025834364
0.18473878023758686
0.18835146079031345
0.19439656076273312
0.1945988333542337
0.20478480433659452
0.20771861024604674
0.23955004478965858
0.24400292255453337
0.2509743343813003
0.2529490174670503
0.2611257944833905
0.28769701929350383
0.29278912816510044
0.2937428308547454
0.2974331758283737
0.30365509578922767
0.30655723293652665
0.325248496349095
0.3287155760829699
0.34130255850960434
0.343061147856947
0.3516530958745582
0.3554404302049622
0.37428966691826776
0.4008324639325203
0.40344199350502996
0.4146419519971824
0.4194893053605913
0.4206173124765772
