-7.28583859910259e-17
0.012293046850773261
0.01566310002337594
0.023052374667625296
0.03687785866314767
0.03835189422296752
0.05378866422205924
0.06091805589843325
0.062288939852675675
0.06364653728189468
0.08595338947286064
0.09733406691666215
0.1054572751455658
0.10688944263068766
0.11872109244392832
0.12067151125931998
0.12128057722744044
0.12628348618904905
0.14522675929805332
0.1642663295799862
0.1751967575102666
0.177711352712968
0.18092015533450417
0.18301802097017839
0.19062651371524142
0.19581508287370705
0.20944315870994532
0.21535233085250924
0.23226787206196997
0.24028753855585644
0.25197618354627904
0.25503056650994793
0.2679038859312006
0.26884462488837185
0.2739775476078016
0.2812017137691292
0.2869061271337571
0.29065972285960867
0.3145020241393714
0.31693941491810773
0.32569378731124815
0.3377697445930749
0.3443053372333036
0.35051014415964243
0.36053467492404634
0.3636580419869144
0.37804330601392555
0.3854898215372952
0.3857783424043937
0.3891864212274477
