-1.3877787807814457e-17
0.00035073332862645655
0.0005840137872499557
0.0006830926121916148
0.0007578508323923469
0.0008532728846860054
0.0009508077951650065
0.0010035320916528846
0.0011323477181361622
0.0011553432841849391
0.0014528644447446611
0.002120851158740193
0.0024105040245452295
0.0025649651891916543
0.00269991031517448
0.0029189712483979023
0.0030539149903969012
0.003346119597710466
0.0034410992834251874
0.0036514848712453207
0.0038887795466517276
0.004004383105274713
0.004303106388409526
0.004490575177985682
0.004801339949257492
0.005078785346767218
0.005393233669300697
0.005548533092549948
0.006090624406206896
0.006254649734956453
0.00658750016869048
0.006744279939908662
0.0068927041090191075
0.006985129649471381
0.0072092085024901015
0.007695556100500994
0.007896238043942091
0.008238056550095204
0.008329405240185406
0.008683183869096651
0.008774280677329221
0.008921362482043312
0.009068538780818125
0.00935848511868177
0.009427707505567677
0.009927774297737222
0.010289663275920959
0.010677781234755433
0.010951616982439712
0.01121186349157873
