3.469446951953614e-18
0.0007670087578563675
0.0007678392495529904
0.00287846827428216
0.0028791782625788333
0.0055125270914326355
0.005516011977073042
0.006820717841666412
0.013781067980778718
0.013959372791380075
0.013972827339738177
0.014534102682453134
0.014561792339777833
0.015679363929023638
0.015682571552369275
0.016787931842607795
0.02674931049227014
0.030635695829412148
0.03065705953251998
0.0384849227402295
0.038502249515633566
0.03865736337280181
0.039529980093711795
0.03955686129912944
0.042041028859414305
0.042061788217615144
0.04332139077969631
0.04335377232090453
0.043378877387336034
0.04556970366812106
0.04559697379059661
0.04740565275998828
0.04746811845516892
0.04866691030566239
0.05033705293141905
0.050372464296189474
0.050418997781622656
0.0504525106657566
0.05093392396641758
0.05741763864268493
0.05746551074149963
0.05797476774211529
0.05865708019804285
0.05873304080487129
0.06148254075659796
0.06366719180238953
0.06370273364939705
0.06645920633851518
0.0665076662851295
0.06860436066407159
