-3.86843335142828e-16
0.03596621060363872
0.047553857578758865
0.07309202543923381
0.08583909999968141
0.11113266414679089
0.1509601001815513
0.18429561927749066
0.18888401499751878
0.2469955013427504
0.26576597551888037
0.3237644126423932
0.3409273493743036
0.3416367965825737
0.37435781428188186
0.4055940317560039
0.4922604714755986
0.5048388315267102
0.5277131482676216
0.537579983934463
0.5430402612368187
0.5968366842913478
0.6345876233991604
0.638093860762905
0.664115200306692
0.730723078529606
0.7530373356386842
0.7767636796724898
0.8046026350277854
0.815367496155448
0.8479071465084195
0.8669554435007395
0.8857680400610504
0.9078634382935047
0.9290545624467441
0.9368650628568045
0.9764261371596751
0.9933304447314066
1.04427912589953
1.0573558114795996
1.0899927476214164
1.1194801143336721
1.120635904366389
1.1287881413642236
1.1746672076692621
1.185343264464628
1.2364691890582518
1.3026450240117418
1.3204847097711268
1.3250721055750028
