-6.591949208711867e-17
0.03288748731272041
0.04076824247048524
0.04955371325869798
0.1287989364685689
0.1853503554638149
0.30647012795001316
0.3247816600558875
0.42117965057717505
0.4366970428320042
0.5357196844737044
0.5596749635547765
0.5765127487154126
0.5946692305310545
0.5983368999468149
0.5986768730293549
0.6178253786719261
0.6207636749833045
0.6415139309990461
0.6637312318691646
0.7267831345006753
0.7363865660009796
0.7975897369444604
0.8416304946967776
1.0056146281906146
1.033629335270438
1.0680314864646145
1.1747340521984828
1.1943268660784854
1.2392221979060845
1.267425234051025
1.3028189951159028
1.3161465089702313
1.3908693757297863
1.4647037838881138
1.5162728114494364
1.531573091574225
1.5399525363702387
1.575685009630141
1.657937974956503
1.6697362214411364
1.6932928293670155
1.7299529713471617
1.7313451136562825
1.8370487251734655
1.8478110238690426
1.965239882098505
1.9900955496529502
2.037917803748019
2.0604719201025183
