2.0816681711721685e-17
0.0025525777042366346
0.01209557678784924
0.02996506595284168
0.036823728615100186
0.043533291508986424
0.054060356049939105
0.05900813191150941
0.08257851926811881
0.08449834523693543
0.08951117658275592
0.09493105592337178
0.09940097506668602
0.11304564330478559
0.11716958958312805
0.1245626336267558
0.13477354763713403
0.1453916657332553
0.15515100526222247
0.1659053433362596
0.17611643943512756
0.1838873587397028
0.18825346961013348
0.2046300065323418
0.21219014182819748
0.21588261592757452
0.228426683336997
0.24504493255955107
0.24895957305367833
0.2597180580476239
0.26663305602477727
0.2729249381603676
0.2888724123564375
0.3117206076498872
0.31835276896356957
0.32285191145553915
0.32849065343995465
0.3328744855860348
0.3364807199979695
0.3424162338471131
0.3455856063374892
0.3562291713145824
0.36454930747872744
0.37403167002961096
0.37597221219107374
0.38280470760921936
0.3905365557642683
0.39780714555136204
0.40970812930466327
0.4179083695906111
