1.0408340855860843e-17
0.0015161773640071513
0.002942330941124841
0.007295694015382362
0.010009228466721998
0.01292785766581212
0.01392968047687883
0.01824380274305125
0.022311402769010343
0.024363258952757982
0.02858549875410242
0.029868882799702248
0.03346288126917002
0.037928022300674526
0.04229884521403694
0.044952061871277545
0.04580521308938591
0.04906010934878764
0.050781322148181554
0.0553897602127874
0.058099124656449584
0.06021877640103409
0.0640113187223284
0.0670712615957492
0.07304877893433337
0.07602609608437075
0.07974987682650778
0.08309737529363033
0.08509565059460787
0.08893643323919674
0.08931749933101271
0.09138507532480734
0.09526788704655702
0.09962044695722536
0.10566634292647724
0.1076168529265069
0.11057506827974244
0.11180501283446866
0.113778570439922
0.11607056955249344
0.12047452861011353
0.12232759574297898
0.12922454999686836
0.12965213845894244
0.1344808647849968
0.13986137867487977
0.14129309219057792
0.1429784569009545
0.14980538728919043
0.15100000374407538
