-2.949029909160572e-17
0.0011009556506936004
0.004342676015417688
0.009019230056407724
0.012541615397178215
0.013052356613004546
0.015522068940261083
0.016983193655463164
0.017686005964764294
0.021087344802844278
0.021783201830486737
0.026289014838507707
0.028142016128397042
0.02942772851511142
0.03171238561370749
0.03398690725060968
0.03811830319694392
0.04017736189116555
0.043484620131348455
0.04672499935420553
0.04893177581660568
0.05022832286186811
0.05435737501679578
0.05477809159670793
0.05722876008733644
0.060298054444771494
0.06308331717521032
0.06501429067326128
0.06852134286613698
0.06912018553424183
0.07303996341458925
0.07619586909612028
0.07851420963915372
0.07882595421348973
0.0834437214354438
0.08502425963264365
0.08847814042450869
0.09089106242408947
0.0931716035903824
0.09425052172758697
0.09747507347438997
0.09949602002791848
0.1057128272889454
0.10649965493789897
0.1101001808081879
0.11090243485964525
0.11297098998108146
0.11623054921092597
0.11946850643206026
0.12154618380524825
