2.7755575615628914e-17
0.001475938402844667
0.0030514555455797773
0.004038394981162532
0.012014508906125038
0.012179705305727645
0.020810697148211092
0.024462604634189533
0.02489148498454343
0.026708188361119913
0.026829846122188382
0.028178824370398536
0.028937766241610187
0.029709702919161404
0.029746449342217228
0.0316264317520684
0.035438837937525135
0.03877719155686041
0.03879980469258468
0.039987644004604195
0.04407915590667625
0.04781686455787049
0.04814126110832216
0.05315780135184813
0.05381847632666139
0.05395407522231394
0.054265578167672475
0.06164798533016994
0.06430959220549073
0.07383501270535313
0.07400756036175792
0.07435763508341309
0.07510526378044999
0.07538678460884944
0.08006750897037142
0.08914893260654302
0.10096973810572613
0.10178724790587072
0.10299286101881307
0.10377679773558933
0.10557860749620859
0.10613238768523563
0.10618986692740474
0.10735930446185624
0.10908270885548732
0.1092513250157851
0.10970881516112677
0.11342018722687998
0.1174150052897057
0.11807562330871989
