-6.071532165918825e-17
0.052379024897315336
0.05887154855679164
0.07662024900337941
0.29077552125584943
0.4208368857798133
0.49621796822806064
0.5315611069426229
0.5655204856438337
0.6553928040908267
0.6749820059707996
0.6825070910189804
0.687348209054531
0.687806003382462
0.7169450256735076
0.8079865250793574
0.8086343740424
0.9473029753309881
1.1029481152703045
1.125511497770571
1.21533071971553
1.2420289864651581
1.3543489171928655
1.5117440463097753
1.5311215800030422
1.6681744159711234
1.77071872812657
1.8003904047167059
1.8020212587457975
1.8608887643287602
1.8719541302786682
1.893877022359991
2.002899298924749
2.0267128009714117
2.147967020872814
2.1841199222694145
2.1954608792299335
2.222114175221936
2.313342686665066
2.3252256327937704
2.3706152802233498
2.4077431571298002
2.5059378789137816
2.5339890360843866
2.564650314190297
2.674141903313092
2.839845318715435
2.859554427081643
3.025967673307187
3.0373173408004477
