7.112366251504909e-17
0.05588752750763722
0.08420930544081687
0.2536329800905344
0.3694058211937429
0.44008795378892673
0.5494239232681226
0.6678786516008052
0.7570585162336155
0.7843585756237827
0.8290036594065938
0.832448692806314
0.9456260447906486
1.0007270372249708
1.0294542657277952
1.084452660118005
1.1649928347236012
1.4279390282299043
1.4530597285156521
1.5050192322366513
1.7442646775444461
1.7868961908201277
1.8506622514993327
1.9572636548850482
1.9833812140144802
1.9893647176332914
2.1585225600221984
2.1969861762516163
2.286699677876229
2.329880983852172
2.3831637829012777
2.591075609855626
2.6414776037649044
2.6587006047137396
2.7191314142040652
2.8080278635261373
2.918988106080569
2.962367399979675
3.057612771447693
3.1203843386947883
3.163205086916138
3.4172274273056527
3.484297642363394
3.5733745523083535
3.672452015207559
3.675182656552116
3.6868532009513006
3.7906798075926473
3.8508909799850697
4.104640336038527
