1.0408340855860843e-17
0.00044958224211959913
0.0004786203390121698
0.000899151015404628
0.0011760680032713612
0.0012167455204376218
0.0013979619153412035
0.0016950812487134953
0.0017393213269618363
0.0018320555730504777
0.0021686823090782525
0.0021950273837844578
0.0024035989804813106
0.0024368887458169185
0.0025420795593509935
0.00284754565652871
0.0030634041767733083
0.0032419615773902136
0.0037634277154248857
0.0038929888483358495
0.004184783762502519
0.004630764033540643
0.0048355930962857285
0.0048569593313045455
0.00496379582122068
0.005189926034760553
0.005215653379004525
0.005296575897930025
0.005321548325295579
0.005576593498328364
0.005735994246654703
0.005850914085179031
0.00597325989303763
0.006139627152423057
0.006468225616325032
0.006625343992023086
0.006713016210280557
0.006897018589071735
0.007220921476737663
0.007420733607489448
0.007542143720309874
0.007659391250547711
0.007963040072036258
0.008287320831436648
0.00830625548298603
0.008512658409426157
0.008872089321071574
0.009254658543058436
0.009486045589052283
0.009799795403451385
