5.204170427930421e-18
0.0004898422119921468
0.0005229070903509832
0.0006569386217480568
0.0014125478782838728
0.0014436004487258756
0.0014949823441930046
0.0017956732303887144
0.0019781577678042884
0.0025725942879681243
0.0028456097282107008
0.00289789172840965
0.0029496851717114407
0.0032606382341779216
0.0033728752612387624
0.00402238360754446
0.004277559152474636
0.004510215162823629
0.004565165300675734
0.004920766473155126
0.005183039764362128
0.005230822032704363
0.005470254989673025
0.005686610939655714
0.005798266786924735
0.0064982789628701115
0.006679820316988905
0.0068298074759664835
0.0071972229940298876
0.007279380855076413
0.007406305613626337
0.007641142931118868
0.007979544739995745
0.008124293302017515
0.008431098809081683
0.008525147085532972
0.00929586016910199
0.009326902048416815
0.009453201694374152
0.009589283030194412
0.009868025373562584
0.009908269153555966
0.01062539628170142
0.01072500696387616
0.011084898929209644
0.011154081675147287
0.011395814770276904
0.011728277822269274
0.011752395347982147
0.012115096598579763
