-2.0816681711721685e-17
0.0022850856535962735
0.005983817105490693
0.012605140757138146
0.022431709147842094
0.030474886352007853
0.044056442988569575
0.04511915639628112
0.0453527615276957
0.06165172524087429
0.06173421046198229
0.06873324393179246
0.08755672667569527
0.08913242219221254
0.09026363847161142
0.11048155690141424
0.12351525345153246
0.1237312182624098
0.13742816905072106
0.1381261974637997
0.14133280992449979
0.15088000435919124
0.15113387442989548
0.16299264536901095
0.16454347408717368
0.1671057914396345
0.18466669935523172
0.18740609597393046
0.188209805551346
0.18836269315447754
0.18849656090267303
0.22027979228163863
0.22030963879542634
0.22068121690493056
0.22500696302714818
0.22565185656979184
0.2445146032448171
0.24646713766465345
0.2629103314532993
0.2756397791841475
0.2763842786252025
0.29070235910762193
0.29172348382170615
0.2999861487325613
0.32879425526329503
0.34233156129567427
0.3438867332544849
0.3446612249829982
0.3505369904516885
0.36200070224665104
