-1.214306433183765e-17
0.006983018887140821
0.007566156277807478
0.014391667752735213
0.017910598846481482
0.021572407368297707
0.022651328271005015
0.028084828894901735
0.02841810367183245
0.028605887313073182
0.03373041371353816
0.03755377717271962
0.0423742387437525
0.044057183746926395
0.0467660295359089
0.04872311162603797
0.049588346467994725
0.05196933657735261
0.052569691069721654
0.05292811563282188
0.061744162515475216
0.06412095468347745
0.07064707600898085
0.0755865186885097
0.07607994961775927
0.08350882575941646
0.08395355801851044
0.08674448248690703
0.09142260097987616
0.09396097029804573
0.09898339490198778
0.10394563394473319
0.10446144014118568
0.10738111368004108
0.10762377279639192
0.1123656682248916
0.11354198146557397
0.11709716996559345
0.11752381452457077
0.11796005030197444
0.12480523163713399
0.12499386294859512
0.1281054175615995
0.13067595980029356
0.13272645226954258
0.13332808683149933
0.1333567084870908
0.1396781642573184
0.14472679456355916
0.1510084238519779
