-2.7755575615628914e-17
0.00874475832268515
0.00931882367830184
0.020751606590292807
0.021388915500273824
0.022417161245868567
0.024369451493343373
0.030709793563895284
0.033498761465449445
0.035469825062430335
0.03818456745714649
0.04814875150589233
0.054089639752682585
0.05411207537798895
0.054283346951996846
0.06156089935817791
0.062432911228252404
0.06571547146709511
0.07850658153121473
0.0786547345531231
0.08047561661549439
0.08448970353607027
0.08573446292208034
0.08584259300268694
0.08835598899601727
0.0899754806163784
0.09487359047423477
0.09727415624998348
0.10519708224769965
0.1067644608499705
0.10967721935474622
0.11237084927819346
0.11522243665862376
0.12531987155143268
0.12858963873925008
0.12984014312066885
0.1314813843474599
0.1348853848465707
0.13593457177678836
0.14375783442392787
0.1448763360831571
0.15165073558150888
0.15457939729008913
0.16024895636574982
0.16234080113591914
0.16526660448240924
0.16739556614924733
0.1713113565235969
0.17997553123717644
0.18208657432948122
