2.6020852139652106e-17
0.0005128829914913917
0.0013480449834289698
0.0016514624096627475
0.0019450462645537805
0.0022982834492387
0.0035962380407327833
0.0037156903874580056
0.004740077710170241
0.005637589438306957
0.006229827810588251
0.0064589062148645
0.006632060996601302
0.0069022713810886396
0.00866188979686723
0.008842555434227977
0.008945854920268543
0.00985199476754072
0.010036412133888036
0.011898918193343195
0.012390170648420221
0.01310774715746304
0.013557185664135265
0.013870049404173601
0.014002363281831453
0.014066143526596362
0.014290471697794871
0.015513736208654328
0.01621014119899855
0.01675342464360713
0.017143185856290523
0.01836887561789379
0.018428744003598035
0.018743725143973704
0.020101265877568802
0.02023589669032725
0.020319639221905314
0.021343248205031848
0.02216427599176187
0.022222891905732872
0.022434260591633705
0.02370580990791355
0.024082463061794762
0.024847397690327698
0.024959691008855145
0.025289004720733824
0.025566216743418545
0.026075706334215444
0.026412579602789955
0.0279270416552203
