-1.0408340855860843e-17
0.0004092695235995078
0.0015756455152115875
0.0029171589290802134
0.003473221810613011
0.0036460857663882795
0.005003754352141752
0.005627894250161506
0.00596726449388219
0.0072613327473859905
0.007843555912615463
0.009000029140230988
0.009158917621434266
0.009865104521669386
0.010598902378246242
0.010811329706092465
0.011560679816311098
0.012082390527433333
0.012515787876161444
0.013696147014839252
0.013831183970109363
0.014563110490905086
0.014605240911101073
0.015191622987376323
0.015792231665910268
0.016948395735348884
0.01764471655392339
0.018178071657816375
0.019013854266582197
0.019797719582690908
0.020381574459248333
0.0208776712407273
0.0221322297011336
0.02400421118066117
0.02457299311340301
0.024939370432554883
0.02523668553677673
0.02547140797727101
0.02594392116606816
0.02710681989158136
0.027565094895955995
0.027873515133528662
0.02811911120260152
0.029308330243593167
0.030054063574696484
0.030744225110946537
0.03198693963411527
0.03275854083072211
0.03324118570307986
0.033560993454406364
