-1.214306433183765e-17
9.98851944916633e-05
0.00013130635264774204
0.00044607913345923525
0.00047060335250520037
0.0009597311295047491
0.0010950159286408235
0.001778055700796581
0.0018366313366181969
0.002766149408260697
0.002769202843649017
0.0036901757412574447
0.004081150293858077
0.004104783202914519
0.004135069457357823
0.004630295126082635
0.004637874373365497
0.0047072449987811335
0.00480609162739183
0.004971363997160706
0.005446345487377428
0.00592993587966552
0.005957437388685044
0.006019734310735046
0.006227592997853177
0.006266589032064706
0.006566594542869496
0.006985078692345039
0.007020224622631346
0.007268888852794463
0.007374214173425842
0.007407604413871378
0.007451467148582006
0.00776586179733159
0.007933141924898657
0.007948606135255333
0.008205224611947762
0.0084303757717743
0.00891830275738314
0.008933258787024367
0.008975049586066331
0.009220523512712178
0.00953647465142242
0.01010104988050335
0.010355713755716632
0.01036171360220786
0.010614944692431872
0.010640774400588889
0.01074347662336446
0.011651854719695156
