6.938893903907228e-18
0.00010816278370411221
0.000159236053761792
0.0003348586077555407
0.00039480134739344405
0.00045285872712965206
0.0005053018432470639
0.0005616216112331353
0.0005766113071009032
0.0006736234764187637
0.0007253978495208851
0.0007807155128103718
0.0008107640506363686
0.0009473276951281785
0.0011456741018213892
0.0011896474451596195
0.0012110743530232993
0.0012247888255584698
0.0012331802318280155
0.0013486592877327511
0.0014633989324036294
0.0017374878196371006
0.0018573751401192874
0.0018994535989752346
0.0019813745349180466
0.0020727585529105447
0.002091474753791369
0.002285277785294316
0.002398122534786551
0.002418776034939127
0.0024780988930488915
0.002605631294710571
0.002609236822287364
0.002666108782486779
0.0027176082770310056
0.002794757831400511
0.0028185463591349057
0.002879720825225007
0.002916976511380386
0.0030667311693942517
0.0030924838812985307
0.0031708919481970507
0.003211697456820657
0.0033056770910285284
0.0033829882616343357
0.0035446521449343567
0.003601777243793314
0.0037834938029844625
0.0038792133937716
0.0039231006375419816
