6.418476861114186e-17
0.013022636230278018
0.015909496818324306
0.018965877282676367
0.06895018433062565
0.12202493286133105
0.1270258900517551
0.17293982553796175
0.17606812283153428
0.20483629899993322
0.2165338721073306
0.21952562583250512
0.22221220746422116
0.23424220699925716
0.24718902356926592
0.2520813039310396
0.260902052960902
0.2654649882199865
0.2886801055836631
0.3523668643443641
0.35667497823933825
0.36507856733747723
0.36851484369840504
0.4006883024323256
0.4203231177609968
0.42781761340921165
0.46513682102298665
0.5057825878920493
0.5156391442570091
0.5414655953036879
0.5518822539012148
0.599395367643847
0.6031059619727656
0.6032193421254509
0.6926541869992159
0.7022059281953833
0.7201648494940508
0.7476268028025556
0.7600853844878716
0.7646894671077445
0.7714805352828045
0.7919834586207418
0.7943842825465064
0.7994255057074506
0.801981820987993
0.8156079109353559
0.8222215821077905
0.849043204814854
0.8687114517418858
0.8918445863044876
