8.673617379884035e-18
0.020313120728678746
0.02132591178427843
0.039524494310415444
0.0395387823865393
0.06584543934808426
0.065865300733766
0.08133772009663477
0.08496499251353341
0.10011101246985292
0.1001357922150101
0.13721666670503205
0.1372281326868106
0.1387000657318094
0.13874627600226086
0.1577248023802826
0.15777717073036351
0.17474197346993647
0.1747747243953719
0.18329050508563094
0.1900347158784023
0.23668111142648307
0.2368501283920937
0.23932340092883775
0.23941240087701474
0.25907827721862636
0.25908388147025574
0.2989515363124297
0.2990940595471887
0.32292809348714263
0.32305668910336355
0.3264392179754352
0.3353873674505635
0.3405820127106638
0.340877651914781
0.3835156318989562
0.38358324329260685
0.3912779555698587
0.3913240662253322
0.40168651358297325
0.40179495541998345
0.4112580867767331
0.41144688016094766
0.44327497947387834
0.44335172861619726
0.4611586228985274
0.46123459234128794
0.5108368744170539
0.5109596176056912
0.5112768614568268
