-1.214306433183765e-17
0.0021969469883042093
0.00389224078689605
0.0045769498371991055
0.006796795338828288
0.008579730960638765
0.010786316338218601
0.01110626547758634
0.011662483292333938
0.014820026059261448
0.015032647820990183
0.019417958721772065
0.02048083542697609
0.020720489018355805
0.023523961015270385
0.024628227658550557
0.025510320242984608
0.025713258469625612
0.029087729410945312
0.03427771486866149
0.035769344985125386
0.0358854385676621
0.03597673670694064
0.039094866109379615
0.03937082086172832
0.03988372471217993
0.04162855104564069
0.045151857770565816
0.04622079235893499
0.04896344659245823
0.05060095630330652
0.05194835029853413
0.052612844809156255
0.05359237146753521
0.05691061372574035
0.05872402854351711
0.05936632228308259
0.06362491705264206
0.06534403694937686
0.06621868725014955
0.06704364561926257
0.06810385398928505
0.07060952965896647
0.07347965915674617
0.07515675026562929
0.07585139243904963
0.07817010886937618
0.08002163163478665
0.08116273616188478
0.08188969628448227
