-1.734723475976807e-17
0.0016991159949414358
0.007111704101822566
0.007406267661086803
0.011497853937484344
0.011750836834145984
0.012736725112619305
0.017419963646366582
0.018393622971165008
0.02160957156066888
0.025872032328853968
0.026123266708555297
0.028108364411825036
0.031239037044723042
0.033509129569414445
0.0347333554267703
0.03899886520131003
0.04209910362428556
0.04225685859140542
0.04507738393631061
0.046945269791136376
0.0481047559513587
0.050322109049080216
0.05513351651512962
0.05596089689084382
0.058067249407839534
0.05866077635874512
0.060834974259595546
0.06869716540231968
0.07076399506385088
0.07189139798993702
0.0742346961569273
0.07660190863755281
0.0803267318745121
0.08262833696331674
0.08793551655006354
0.08868139989682539
0.08940126242745254
0.09201279867117064
0.09274451315517514
0.09617934322255355
0.09683204278250232
0.10025814094096731
0.10148829655733253
0.10574165639173831
0.10685267396172882
0.10966311122562707
0.11249795568019784
0.11304946688458699
0.11653489737270699
