1.0408340855860843e-17
0.00041665425234010435
0.0008983177980828629
0.001984585738127544
0.0026208588034304127
0.003080149094957768
0.0032202113898941957
0.004430221700413076
0.004512269057523735
0.004584896104477742
0.006951419041238983
0.007164269433209034
0.007381757518613136
0.007951696858288197
0.010142416630646063
0.010280476928072763
0.010553437814944834
0.010818468346470567
0.011257020992033162
0.012076195866300507
0.012408217570797743
0.012687491612751114
0.01478115545764193
0.014983011563179298
0.014999426292865782
0.015280630879576184
0.01695430491110743
0.018061615624846532
0.018290016203703942
0.018775508807455994
0.020448726080066038
0.021343282688508707
0.02252580601890719
0.02270310469799479
0.02323374952398545
0.023673644881219966
0.02410638176557673
0.024421525789234934
0.025021768036872262
0.025777841613357222
0.026617270016695914
0.026843019532900157
0.02734452130404457
0.028035761894679316
0.02820654146070079
0.028504631289615195
0.02988971830393007
0.031142636596011436
0.0316262691661895
0.033289705059966174
