-1.214306433183765e-17
0.0022379858643133896
0.002912436264157766
0.003773280653096232
0.005588721564130494
0.00600244757269189
0.008153598658044615
0.009261047924741953
0.010339551030621006
0.013331328052961543
0.013527170603481969
0.015442636237824185
0.017513111580070496
0.017850454805024375
0.019929916582588247
0.020452320339594474
0.024002223347013636
0.02604212610681996
0.028956708108615066
0.029115598367447544
0.029910861098297353
0.03137957088714899
0.033676012805857344
0.033783437998134415
0.03551528541642925
0.03819679472564586
0.039907297369608616
0.04322623792814325
0.04332261732567391
0.045834356453206805
0.047121489206949536
0.04761676627144828
0.04850931182093068
0.050032548353765395
0.05289649572878959
0.05428727328178203
0.05782606663178188
0.05841238186705575
0.06010093257956695
0.06216006111550918
0.06316602762948902
0.06538085896809598
0.06541324826469651
0.06624048158143017
0.06944803404929871
0.06985275608641321
0.07083601646172924
0.07199525199398246
0.07260390438509834
0.07561752392925306
