3.9898639947466563e-17
0.004057966016165978
0.012753138553556807
0.01585703342012707
0.018475633773706042
0.02330498562462227
0.025224321389644894
0.03428329142587408
0.03842425417444104
0.03922597198528363
0.0440116251942974
0.05569143385259987
0.06104018219906874
0.06239976177037846
0.06446330808095335
0.06788511969898978
0.07621170194803097
0.08110323815906507
0.08627460904643872
0.09393683841193615
0.09827818559037738
0.10156955775496475
0.10771607560913336
0.11325257279303433
0.1218940264011258
0.12876228227299805
0.130189647669291
0.1312298546885477
0.13821915631786977
0.14013831838555008
0.14601826791292818
0.15476801728657374
0.15600169219241772
0.15758828964605207
0.16443842814869025
0.1724941460490119
0.1765053991693241
0.17905324094781863
0.18305329775074972
0.18593661941620102
0.1883531913824941
0.19158451957304004
0.201503631239534
0.20693259049061358
0.2139868331684413
0.21616634802969092
0.220986713361682
0.22379563360841134
0.22756240928855365
0.22922274409794682
