-1.0408340855860843e-17
0.002152349683429979
0.002172000779160438
0.0052147381298349865
0.006128515962407563
0.006180263635154884
0.007765708282269827
0.008609036369500894
0.008658229927338537
0.011743583896771095
0.01187290111654688
0.015107433422638839
0.01524035487862673
0.016239655047490843
0.016317901745482116
0.018986330169168987
0.019224028989602786
0.022977909456514747
0.024500007282192746
0.02458386208486313
0.025848758497918185
0.026554362101916147
0.026584797961988094
0.027745087579713217
0.028211727094879492
0.028540928458507087
0.028662512734565868
0.03526229126701635
0.03546072227222694
0.03714849876391929
0.03778809780784086
0.03817264057402419
0.03857922917129456
0.03865370974114851
0.03889753612840932
0.041181603782167765
0.04138387660377323
0.04748316659237229
0.04796601388221144
0.050111004703537854
0.05100359664745856
0.051910166652851135
0.05205428474662603
0.05279562185078405
0.05441954174525022
0.055050331279995
0.055303080231480416
0.05749834116051971
0.057711252360043576
0.05932503097026435
