3.642919299551295e-17
0.0010882741686401888
0.004349196403659104
0.009786471471708141
0.017362542229704903
0.02710991476299348
0.03897162644757938
0.05294821547902911
0.06894826381883803
0.08564278511888822
0.0867522733558548
0.08805626507616662
0.09178041039819212
0.09351561665549286
0.09705522530253055
0.09988489739813747
0.10674647451126218
0.10689107930354082
0.10977739050635472
0.11903763065841601
0.12412473190102956
0.12861903413713677
0.12949454386092324
0.13703734457485123
0.1460144270186237
0.1532753508361131
0.16182225130062722
0.16846240177086097
0.17526133172473504
0.17905429442057894
0.18419933190219
0.19980909944823183
0.20511544327519204
0.20803580814600606
0.22291048445549438
0.23228355252631055
0.2336955467686158
0.2363815983970307
0.25660581452687975
0.2696819991632567
0.282569668835766
0.28658525207778796
0.30249233802323683
0.31262506360233394
0.31419451753606564
0.335714146367401
0.34112159591881336
0.3482808906158699
0.3489283096994785
0.35060423713985184
