5.204170427930421e-18
0.0007734232846332637
0.0007735670268428901
0.0030919959145846877
0.0030924865859133822
0.006945949141925015
0.006950426858428964
0.011876462845374464
0.012868440736589227
0.019326912897258845
0.019328200292461142
0.027762840304290097
0.027784056178394974
0.037722607902675634
0.03773996094603796
0.048613584887267865
0.0498039593307583
0.06214956160616505
0.06218414790983231
0.07654788923475256
0.07658000963570458
0.09237302119373436
0.09242931140668136
0.10933836488221743
0.10993917520450909
0.12810295342806557
0.12813177700973652
0.13498023330599934
0.13562501604206975
0.13566059731351232
0.13713075035200145
0.13744416077350674
0.13747042397062414
0.13779417689543796
0.1378412590024475
0.1397275814562661
0.13974020540046114
0.1407422186882863
0.140835471467136
0.1426044782886538
0.14282636194958245
0.14292964851832535
0.14470652999347114
0.14871065248446894
0.148767703891705
0.1539375522305235
0.1571709483637935
0.15733606101195868
0.15738514416557092
0.1605813958211384
