1.214306433183765e-17
0.00027380300200120083
0.00044669838277415497
0.0012535438003541764
0.0017344850601790258
0.002989562188344558
0.003942235721834832
0.005422070398539024
0.007058705665423564
0.007859597794225863
0.010271149932765277
0.010281471642354606
0.013070703919298906
0.013928578528109215
0.01639517577691578
0.01681394019577922
0.020538693090601377
0.020908536781487533
0.02109455189986146
0.025975663241372182
0.027278808525762713
0.03252319930463057
0.03338506021240251
0.03835009057805499
0.04089620344051993
0.04315556462561748
0.045440145362390286
0.04834812100958121
0.04884861295919391
0.04982331331233199
0.051329760975240196
0.053400058232267796
0.05646569752138728
0.05793826391332902
0.06270816446208004
0.06695093399685063
0.0690251292176485
0.07476510221273451
0.07531198517962166
0.08080839990089397
0.0837369223446334
0.0878775858654407
0.09094761078661695
0.09542741717578644
0.0960709183500817
0.09789822124118301
0.10153730219132179
0.10470313253513004
0.10705667791470208
0.10757567843238434
