1.0408340855860843e-17
0.00037450318692080174
0.000631901049812986
0.0006869737244949159
0.0013222876012465284
0.0017008349612807842
0.0018616795857836384
0.0023565068783401033
0.0025352546232629506
0.003066530537791325
0.0032028611621237497
0.0035960496537966943
0.0038505015383838645
0.004399300721285287
0.0047515829310131805
0.005070488774135729
0.005134300906589466
0.005484980887818125
0.005852810086037325
0.00609469191244128
0.006519079086325362
0.0067955483203735335
0.007121643007075374
0.007464454431437501
0.007857751431356851
0.008403742714651276
0.008600513574714258
0.008669667911855606
0.008991478306899588
0.009480118606402582
0.00977325232567902
0.010127142422317303
0.010301507743084198
0.010628273758855946
0.010937081698252743
0.011003457718758802
0.011065949180520626
0.01150785231017946
0.011738841340156484
0.011859227102178719
0.011919480367825393
0.012435192021962157
0.012736268459863911
0.013136909048412167
0.013519573167984146
0.013892413836149762
0.014052311879412782
0.014502570843211387
0.01477012067380721
0.01510582764581585
