-1.734723475976807e-18
0.00029188836716796673
0.0005671742109643677
0.0008622980319828184
0.0009924288072901428
0.0016324343416688394
0.0017939003367803998
0.001978985162192304
0.002222410349225353
0.0025703029336784505
0.0027672498250839554
0.0032989740262539136
0.0033690841752732764
0.0036370670938071625
0.0038119118382858325
0.004283838644995189
0.004480598002606938
0.005211563304774503
0.005295438040242528
0.005370347349420625
0.005663874804511753
0.00593624350566887
0.006369709808354053
0.0066031322032161655
0.00718921634957609
0.007366385226640687
0.007678684787246577
0.007821508232273141
0.008119577450263068
0.008760063861929094
0.008836928147016263
0.00930314086449502
0.009720929510119531
0.009961525686687225
0.01012034028866989
0.010274993913228383
0.010649473737392149
0.011020613749524419
0.011738289248897091
0.012120351255422887
0.012290544010820336
0.012798875104419563
0.012909611829828313
0.013189705923078754
0.013243556707549035
0.013901900313569636
0.014257139845424453
0.01455004115351218
0.014814701473475961
0.015425664690632597
