2.2551405187698492e-17
0.002177331684867209
0.014355021361629033
0.031075884626721104
0.03415183292679787
0.03513699246752775
0.047285543761334155
0.05967835024690988
0.059686273011283535
0.0728212865458287
0.07524684221069514
0.07889066340288182
0.10259095666767064
0.11148339706772527
0.1115617675235443
0.11296400200748147
0.11870535879823847
0.13415379508534467
0.13432361896336753
0.1467272006602888
0.16295909003545425
0.1750763843387706
0.18337532339165197
0.1866149200201175
0.1867567357553049
0.18826180137643864
0.18830597210588873
0.21558489863121172
0.2158991266614496
0.22878200091193415
0.22881417250315
0.23079856940049734
0.23155375756589594
0.24863780253812306
0.25924934449009374
0.26077303277621194
0.28611093213190636
0.3042037354709956
0.309738944232571
0.32138890053308794
0.3214668687585061
0.32566791443515763
0.3274391986531442
0.3347748111012673
0.33646966350234553
0.33810794382486964
0.3381190362356146
0.3449649705639618
0.38340488485429475
0.3835047636502859
