4.0592529337857286e-16
0.007370666481828584
0.021266096532785418
0.03177246349246752
0.05762227859774335
0.1155162079378521
0.1415845618410519
0.20098515578123924
0.2669607474933649
0.3344323566831936
0.34993707341960617
0.365706819724595
0.39288402644858234
0.39824083129438087
0.4200173612441702
0.47330433599290367
0.48950901934559193
0.4919495097812845
0.5147113313447506
0.523308800921288
0.5417372685537668
0.5439246979269203
0.5648508363210971
0.5834959037737023
0.6312205070985093
0.6406905488711765
0.6637881085707277
0.7170538688519358
0.7194049590826123
0.7371377713201629
0.759287920931046
0.773462742951826
0.8490463583357921
0.8747782657635769
0.8899539414930143
0.9215233678945222
0.9395693681040254
0.9581764080674835
0.9987623652065709
1.0211353187886587
1.0633237196210774
1.0935055231327373
1.1416795019386707
1.17637702313564
1.2023226787997625
1.2316547276553267
1.3056238960191207
1.331336529400169
1.3642149602101983
1.3702969248364274
