-1.9081958235744878e-17
0.00010450599144277463
0.00012280631755675828
0.00022490590410856846
0.00030569079271656335
0.0003501474592364495
0.0003674792196555667
0.00047499824981217173
0.0005019952274824442
0.0005913235689100349
0.0005983332792169893
0.0006309406510487982
0.0006827399341557475
0.0007240275361759824
0.0007897387390704731
0.0008718739283865677
0.0009051410063589185
0.0009266118920980039
0.0009929630744763968
0.0010276587626603852
0.001099918148183443
0.0011508965500581347
0.0011741974785014469
0.001197475366368576
0.0013093183323539866
0.0014126256317546354
0.001445431823186294
0.001477431999605686
0.0015640081822967857
0.0015690634050717182
0.0016509718101766265
0.0017206205707802468
0.0017382209517041048
0.0017672278935508701
0.0018103011677772594
0.0018755707805111644
0.0019100053016053026
0.001955033183314742
0.0020322378643767604
0.002062700909586686
0.0020987334929267586
0.002135872809077668
0.0021584322676811273
0.002186075760133707
0.0022511481546527504
0.0023003130544327136
0.0023080889821253774
0.002409083327316354
0.0024365837938240785
0.0025402438119615164
