-3.469446951953614e-18
0.0014387330931481916
0.0033522754714616094
0.004788799670226449
0.006410318179217717
0.009502589401397943
0.012212375152955915
0.012237443311089098
0.012657401700613252
0.016414932472533818
0.017296868777506857
0.018949531124637237
0.019265957690931396
0.022658711981231268
0.024300068249068794
0.024354552407655945
0.02845151055901738
0.03047464602371449
0.030797730604979527
0.032826219908734654
0.03347979364982893
0.03445663023780083
0.037051693277192765
0.03765446640263569
0.04145456471594295
0.04308802773043774
0.04370876574491205
0.04465161481497257
0.049075746579557045
0.05141705171002007
0.05149197060342038
0.05362440277958342
0.053884741358717896
0.05597795840473551
0.0563966344984806
0.06148680773702581
0.061618747919865165
0.0646919088595042
0.0649869614932119
0.0651958949923082
0.06583106714907798
0.07007921674208523
0.07186700929335758
0.07264426200954369
0.07791232738541501
0.07826550939805159
0.07985521930467107
0.07987203929807189
0.08013522657415956
0.0809035458996906
