5.204170427930421e-18
0.0010752964186007876
0.0011498993812810287
0.002848756198437807
0.004865370123848705
0.0059025713365674585
0.006514579425483348
0.006554330995853798
0.006801037106800722
0.008478427597257964
0.008648428236586196
0.009837751599803534
0.01035993609026266
0.0117901549736143
0.01200659274297188
0.012871787368542659
0.013197989754329653
0.014062125812475562
0.016197622972676733
0.01700713315147699
0.01723145911750807
0.018332247414734666
0.018383729237256854
0.022133168505996295
0.02289732466589215
0.023627794792799382
0.023836887901453968
0.02427074360386674
0.0248011421696969
0.02548017452584013
0.02710225884421886
0.02849009360770221
0.029778504037685324
0.030195734115775558
0.030789435068319444
0.03213120761043522
0.03235228766844603
0.03307120600303637
0.03356073681180774
0.03417298731369952
0.034605885462069476
0.034795642856935316
0.035358067690555
0.035946260976598046
0.03597865776998267
0.03982242944738179
0.03987586507957981
0.04088697266209626
0.04155123907526921
0.04250497692850218
