1.0408340855860843e-17
0.0022923547747456426
0.002806890315507434
0.0035306803030272366
0.0036706598508789625
0.005814033626106748
0.005886095152974403
0.00718341094917496
0.007551880596219912
0.008427330413839246
0.008857019070110802
0.010858089972128325
0.011463700746535571
0.012320077983719683
0.012715236528902987
0.01350979111830367
0.01462632035086108
0.014855082961413866
0.01580265909765064
0.017869292579307403
0.01787671163081845
0.018763447992651762
0.019764998065015485
0.019799602242594902
0.021228508701819235
0.02169718088037214
0.023344074814356887
0.023496443592953394
0.02407889332304467
0.024171169788206166
0.0258300546762074
0.026056573319494507
0.02705467278388588
0.028738918190109562
0.02897547591429077
0.02971628392573153
0.030428940042383786
0.03441364733151282
0.03471425897729624
0.0361974127357604
0.03835099413327044
0.03999970115743571
0.040212593841141064
0.04038733017754673
0.04045822677587021
0.04346078935977093
0.043912894231316855
0.04666795495336713
0.04678819213822801
0.04714760795898604
