1.734723475976807e-17
0.00012400106537094162
0.00012421273099924926
0.0004959729880032269
0.0004968457363485959
0.0011164075916753474
0.0011173005459756188
0.0019838317757651103
0.0019868768943162463
0.0031001375785535256
0.003103393698111096
0.004461719672038143
0.004470111776118911
0.006070852190084788
0.006084243672278182
0.007908223302470119
0.007965548483424451
0.01003624685967495
0.010050499034638139
0.012392858392878571
0.012399324543980924
0.014990305165759063
0.014999686689223099
0.01783328457322221
0.017846102601535727
0.02092644517351655
0.0209317942719541
0.024239372071948165
0.024284015936234173
0.02782041150928763
0.027838408560366984
0.031222244026139462
0.03214554145212053
0.03576854758574032
0.03579084276687616
0.040056725076392026
0.04010011047855027
0.044605293860768815
0.044652144758561926
0.04938375807827515
0.04946087348461694
0.05443605723325657
0.054477263462297566
0.05971439144619995
0.059743963820453445
0.06521872169491964
0.06525191433608456
0.07048913600367337
0.07153468070230934
0.0769578753613729
