8.673617379884035e-18
0.0014367472878139501
0.0025578459213854363
0.002623628455836236
0.005003302239605836
0.005680091109665589
0.0057380191939724375
0.008152393182913652
0.00829218896152937
0.010410188553151225
0.010479014092532506
0.010571775074576085
0.013714198882146
0.013744887627663778
0.016598279523907813
0.016692535141162486
0.017269716475757743
0.01751126077302112
0.01756469777124562
0.019241630414820056
0.019407329000768102
0.025639483323124282
0.02571375028450372
0.02579350030419581
0.02613961470751055
0.026463160857740566
0.02755408690302555
0.027582974669137623
0.027873377359646317
0.027881833666041966
0.03161003067684596
0.0316973781750244
0.03578462125052091
0.03681284938569202
0.0370896051284989
0.037138596090197845
0.0375706997765848
0.04124979467150537
0.04136971764643714
0.04144880601162173
0.04147377146269208
0.041695007152490186
0.04183952134394165
0.04776539663965301
0.047969620787207456
0.04802700228322571
0.048766771149283364
0.04939036869069227
0.04974698252791086
0.05017938615376312
