6.938893903907228e-18
0.022938834204952768
0.023002420694672412
0.023040307172769302
0.06760283355134399
0.06807937511946248
0.06857425673560354
0.06994582636124533
0.0702850318035193
0.1333088608115801
0.13605323610711142
0.13686817291501938
0.1375608601203648
0.1392024345887464
0.13947154120366365
0.13980881075117052
0.22210091491296835
0.22331767437551334
0.22466246409945845
0.22614927193988624
0.22858199618947067
0.2303898488309667
0.2324928109763836
0.2337735293382995
0.23448849549477782
0.3274050062638414
0.3317709321432623
0.3335957645124456
0.33818789053520343
0.33881622887002943
0.34199174120447007
0.3436679798877975
0.3439795767450209
0.34953084157316067
0.3526171607673137
0.3539272635012851
0.45108315072518923
0.45436843973967855
0.4559676965119339
0.4663150140213226
0.47058569492213237
0.4737902107967391
0.47812684851377973
0.4832881689513426
0.4860101903181495
0.4861851090525127
0.4899018043347511
0.4966620514226101
0.5161272943025281
0.5787894941423222
