-1.214306433183765e-17
0.0005121009899238353
0.0012631531354158482
0.0019106297974533365
0.0019352273210238753
0.002590524444241923
0.0032077453585979184
0.00428953497938207
0.0046591469328292525
0.004794462724045994
0.005690744999157038
0.006096943769980838
0.00702578280069841
0.0071656018199198705
0.007429115772486878
0.008627262431599664
0.009328528532791177
0.010026022710108632
0.010290249759094457
0.01033379404119294
0.010720777696330773
0.011689440678021109
0.01230905063574929
0.012920874948857594
0.013224936411096589
0.013916810106043632
0.014387025606636248
0.014914062988552928
0.01509297780632402
0.015965183759061127
0.016712551284342306
0.017427419261887865
0.018098129761010807
0.01824510584473934
0.018634503639263833
0.018799418352771595
0.01942716887535536
0.020323536373557917
0.02096781958415525
0.02136623530279074
0.021830912073789996
0.02217730147753668
0.0226777401999355
0.02308558916809847
0.02375762746635675
0.02454582184630938
0.02485586476696472
0.025140172180582662
0.025952066767076662
0.026426311937131193
