3.122502256758253e-17
0.00015793814128222186
0.0005593517342011613
0.0006756344144098966
0.001119579327311505
0.0012146183751306112
0.0012452883229761447
0.0016478391031312881
0.0017024627566210628
0.0017585545095216305
0.0020558513862124345
0.0027000701254043906
0.002749616742713703
0.0029748771819799232
0.0030913219743426163
0.003872678361884336
0.003875889914615757
0.004187369829365694
0.004292681194416408
0.004390864428000844
0.004495866569152979
0.004972379426931297
0.00545395055857806
0.005505515498908899
0.005796449535280591
0.00626240620352954
0.0064134976059265405
0.006575737336198628
0.00690649065744702
0.006992021439222508
0.0071415465119443345
0.007260474459145872
0.007659950018689328
0.007845745593456037
0.00852464282811559
0.008619853702118518
0.00885169119851315
0.009092506055268802
0.00934215510158362
0.009438502199014416
0.009790452064438156
0.009908571462556992
0.010059550822995486
0.010352407945292361
0.010618885598572556
0.010799578145848575
0.010884732638977832
0.011480907493539373
0.011753643834067901
0.012023446129196107
