0.0
0.0006632402424010652
0.0014933543815500334
0.002487426719862745
0.0028716385799664682
0.004226784465352474
0.006065774752081631
0.006331705619123476
0.007090030124742986
0.00728877086215911
0.007800229028467371
0.00812187350908551
0.008430816479085545
0.009917460831883716
0.01021521643192083
0.011616159819999796
0.011918077388520005
0.01283846674840402
0.013181425455951265
0.013797317991088425
0.013880699796932268
0.016470604653178962
0.016855710034245984
0.017329701227219628
0.017422035283185318
0.018447270572164262
0.01867595075563263
0.01886826229798068
0.01934894002973781
0.02093041744412029
0.021788448148483623
0.02422998280755096
0.02444601504785307
0.02454565805636308
0.024580231508246578
0.025791778407350606
0.026994236555685024
0.028421380761465553
0.029031134691366582
0.02964844758117098
0.030711001354660754
0.030942992417464045
0.03164364504764571
0.032268773523457875
0.03248112254488556
0.033361853574733376
0.03365592560397212
0.033841039179028976
0.03443497009200806
0.0353017483361655
