-1.0408340855860843e-17
0.0006031956667179889
0.0006281058696639627
0.0013097682533576207
0.0022228052965422296
0.002460611605349397
0.0029440308054514107
0.003318566778580728
0.0035055089104960215
0.005242496089440671
0.005924119753739443
0.006188285397957986
0.006360920834003357
0.006621605872246554
0.0067679011359579305
0.0069418505231116975
0.007662919925440935
0.008321485548818256
0.00855216727911678
0.008853494029925824
0.009317749433781173
0.009559023915981889
0.009823941532982385
0.010219413590172878
0.01042463870269004
0.011203815411579906
0.011277953298661872
0.01172138879682971
0.01266012267402179
0.013244846049937793
0.013527588525279738
0.013854541555679513
0.014114654011423618
0.014289504642481262
0.015749164053393015
0.01590461968379496
0.016446316775018434
0.016955716247934217
0.01720519796644595
0.01796153624498223
0.018265109170812602
0.01855143833126844
0.01869264166627589
0.01912362197870455
0.019780262490185656
0.020011847790231498
0.020197129098428315
0.02069468617369956
0.021091701050371482
0.02160007532164565
