-1.0408340855860843e-17
0.00016990875135156763
0.00047941502969401154
0.0008727178949397875
0.0014632698207858678
0.0019357551368433326
0.0021237061275553477
0.0023848035017103274
0.002713572163915722
0.003380624507764503
0.0035993315987949727
0.003774639010045669
0.00520616521847907
0.005328767813628635
0.006300846892880118
0.0065636459108135235
0.006622559491121829
0.007701545228291669
0.008024629859565617
0.008319058288233901
0.008555849750710316
0.00874276549544452
0.009073269730910381
0.009339012291749367
0.00952714103446524
0.009534180382706038
0.010029692179054703
0.0102092193019755
0.010492985194448122
0.011184668977227618
0.011893698306288303
0.01304621210798886
0.01306260246222053
0.013183603806494295
0.013349005899416703
0.013596977103797292
0.013655359342663072
0.013696286561487992
0.013941082633869254
0.014720151910887496
0.014985389987438346
0.01504133331901687
0.015735921983776054
0.016456327749073983
0.0171089872800484
0.017151445894964465
0.017844295651975116
0.0179375347745551
0.018927616446128566
0.019018490370940097
