-1.1449174941446927e-16
0.04114375639866746
0.04115482532418085
0.05453593680389492
0.11854241510773504
0.11859279275939737
0.14395899487353245
0.14399885010049246
0.15839206647254112
0.23146944792970575
0.23150487410378437
0.26911658018793383
0.269209021269785
0.30149090191968236
0.3015616748007579
0.3096095781647299
0.37915218525073385
0.37927540042341307
0.4314463248773034
0.4317096516116559
0.4744830471592658
0.4746052214695517
0.5085171556985699
0.5105140693956771
0.5106121860150038
0.5609472391919326
0.5612068847648691
0.6322547257572126
0.6323915320165507
0.6782872268225395
0.678549410163704
0.7439011771314703
0.7440409280583369
0.7503259963673099
0.7506161342096717
0.7763809145426751
0.7766229065793562
0.7777521157016004
0.8716791949870745
0.8718523694001109
0.914374110919398
0.9145370145183744
1.0080937951164377
1.0083347420136335
1.0248233730628473
1.0252290104617645
1.0289269493318778
1.029204162507892
1.066381604947775
1.0730849535647822
