-1.3877787807814457e-17
0.0006395724735382951
0.0012689210042904717
0.001804306737489738
0.0019243461623127435
0.002858415353799902
0.002929793664676751
0.0034125169768726323
0.004302663300318374
0.005549891773760921
0.005766648204805347
0.006617859489199898
0.006967391825334601
0.007461474913867875
0.008091075687567234
0.008264309887435024
0.008443920699941083
0.009128318124047604
0.010267906853917425
0.010867878596249594
0.011084745776396813
0.012240011047127764
0.012870874507417475
0.014196666942627776
0.014574167380486785
0.014857852296877415
0.01557314959809119
0.015921023963346236
0.016174554647061266
0.01662424197800024
0.01788160858008403
0.019011795063818726
0.01919469203265116
0.019550288848446437
0.020646820530699765
0.02133946512395659
0.022006257126579873
0.022567306742907148
0.022720276397576553
0.023815762687654465
0.024155731211708067
0.024508084405953152
0.025639758526638898
0.02633699363565086
0.026525252502780032
0.026804788059789614
0.028265028362872355
0.028808492570458408
0.028931191458540152
0.029413855813358904
