4.336808689942018e-17
0.00627591763217447
0.02508114526491665
0.03421000481033419
0.03955366378480583
0.041453791644797774
0.05633499945165767
0.05783353170382773
0.060708540893351336
0.08829024323516171
0.09258530296765782
0.09985460701424546
0.13088858293859348
0.13605565635370026
0.13705283974976165
0.13970747793117125
0.1443646970850764
0.15669640350064631
0.15777453910744807
0.165160441797664
0.18563199354192525
0.18790963685556208
0.193781766999219
0.19755529831193896
0.222589725725013
0.23004049958506784
0.2436109719608266
0.25249119346679666
0.26190394262211525
0.28427198657648994
0.29241303069857155
0.3042920062363404
0.3061551404396108
0.3107172088584522
0.31466577890087943
0.32394947804749724
0.3313466190975654
0.33847868107781154
0.34182161727296945
0.35061477399533403
0.3537063004311984
0.363420429092766
0.3752812541164951
0.3951175215210045
0.40051195418154156
0.4089422157667788
0.42241357637390975
0.4289167338363549
0.44419931467858004
0.44542198641168423
