1.734723475976807e-18
0.004605448607600033
0.005483189019234733
0.015467640759982351
0.019347670154365587
0.021460284470127225
0.03138927930281889
0.03464875083482833
0.035505512431275636
0.03745736502375244
0.04215212069120037
0.05509658968570914
0.058797060431066674
0.06700628540378786
0.07607681603605516
0.07678710967385204
0.08078454470870754
0.08113391836555796
0.08514835607166923
0.09046598497911582
0.0930392676272876
0.10202925331894645
0.109113244260976
0.11185719079526428
0.11365164062532714
0.1152905818870263
0.12493381987050615
0.12558135512332477
0.12813645038426572
0.14511647205580186
0.15077872988529614
0.1520669282150407
0.15909446509909272
0.15920131726725675
0.16323553506935126
0.16594416102373205
0.1674554939712048
0.17929138550177146
0.18255352071853828
0.18572605031477232
0.18633178683378418
0.18691485801282204
0.19410237812828735
0.1966573417052173
0.1994284052330748
0.2013107331682155
0.20707927339625634
0.2094985767009366
0.21591177913838422
0.22066546803044312
