-1.214306433183765e-17
0.0002822962843190887
0.000820911003186436
0.0018777935952432843
0.0029173994509510536
0.0032054293699952142
0.003790037097855149
0.003969972375210767
0.005085368701186992
0.005597292122809884
0.005760021270259695
0.006870433410665509
0.00860528998560448
0.008686974831133483
0.00941773131911231
0.010329699596641298
0.011690596690988991
0.012915969821441784
0.013007971262411362
0.013702982020668513
0.014543410314961985
0.014996323608897503
0.015083337041638776
0.015409809857762745
0.016768790476324562
0.01704959852008841
0.017734439213141433
0.01779715681833232
0.01872162352189513
0.019066736471534028
0.01972155834363041
0.020417181818680998
0.020811658896864295
0.022126830378602573
0.023121154310224788
0.02344857857397925
0.024876209495562386
0.02568342795413267
0.026113701357124444
0.02660328380090348
0.02680413665604945
0.027182969963702293
0.028084158846202065
0.028756936413791685
0.02882419688648919
0.029694601461475935
0.0313104961246763
0.03142346372030147
0.03262335798117458
0.032719097381637106
