-1.734723475976807e-18
0.01105495644728534
0.011966564223074407
0.021742573272166422
0.02526812798562819
0.04130939788657408
0.04762211031505852
0.05244877580118628
0.055844175185656965
0.05904903953700719
0.06305511632896936
0.08840299128847993
0.09189652634630802
0.09446618166757301
0.1015772809075486
0.10387309028812637
0.11156377578556907
0.11528391499332495
0.12884715650780737
0.14198089102230557
0.14517472338100018
0.14667806564297317
0.1554093400123409
0.16576278173634335
0.16911767636182595
0.18223473213189686
0.18873065503231537
0.19621483034541962
0.20134610917653503
0.20509329255964745
0.20667338690158069
0.22050563568706577
0.2240631135133814
0.2328570865848812
0.24912505004563668
0.2500222502504209
0.25454075099748974
0.27588108886491375
0.278373585823248
0.28116327459411455
0.285108847375364
0.2904408729870083
0.2938590178602987
0.29390087061430714
0.31435391839400234
0.3210520676799543
0.3268785372341181
0.33199922576456914
0.34959691819704636
0.35183466402502045
