-5.204170427930421e-18
0.0002955699773191968
0.0011443240477719847
0.0024980945514572594
0.0033143942698174687
0.005095676746797329
0.007102480408820508
0.007322278611076144
0.008238072706097445
0.008480640526729739
0.009591123486306316
0.010551985129417981
0.013800259559475806
0.014228852215800626
0.0150534888558465
0.015905354336327768
0.016165324786384418
0.01710458490332753
0.018729601281219366
0.01908017266793062
0.01970580959721028
0.020499129240443448
0.020924728723363165
0.022647231875436956
0.02426895498938566
0.02439657688791015
0.025548880315941234
0.026238769279052485
0.028145098017582346
0.02848104710831878
0.029711109601432313
0.029942123162318875
0.03247104645869494
0.03331015915937739
0.033816055343972536
0.03401206638961482
0.036945386703844646
0.03878376263210442
0.038836423149430296
0.041345092084057865
0.04171102029315242
0.04383000279992362
0.04514608854320339
0.045862046412624
0.04651554016178551
0.047351314239574636
0.048367853291686705
0.0483880994938537
0.04937252721555529
0.05032169536802634
