3.469446951953614e-18
0.0007053225637696659
0.0014370433019349274
0.001966184043718079
0.0022119332055136245
0.0028207281949088336
0.003920381336301477
0.004032362671252706
0.0057622907963818994
0.006333612558085943
0.006441461196087088
0.006763563554126514
0.006776357781017471
0.007627741349232034
0.008406119105904957
0.00880051826679107
0.009441079119444787
0.011044009457096568
0.011366384862590924
0.01207842114322766
0.012278199344076321
0.01325820783108165
0.013437991537385991
0.014054018745576142
0.014345184101761261
0.01497835316319957
0.015016460087492122
0.015625730118063487
0.015650532176832835
0.017250164919798937
0.017352291166018198
0.018225067434120362
0.018492315601780114
0.019455769696647023
0.020088666191370445
0.021321481209248802
0.021870179142974268
0.02235037394840586
0.02249378033435942
0.02274334514721453
0.023096723314287776
0.023254557690928344
0.02395711908017409
0.02413460979585587
0.02471663673632926
0.0252395424873715
0.026644063152644115
0.027457451433786147
0.028787655407279032
0.029279866193634145
