1.0408340855860843e-17
0.0059160064119473995
0.014556762155482279
0.022693174969196907
0.0266784814324474
0.03048389537055695
0.04486596596561351
0.05289793339347413
0.05434821624820998
0.06051717405557846
0.06993061910272964
0.0781156351189592
0.09056194287207346
0.09208641206146116
0.09753671679531047
0.1001238182709698
0.10669765132765043
0.12120197996856345
0.13263848255132532
0.1382878815045469
0.1510675373227123
0.15230740526147613
0.15697615828789024
0.16577235016477446
0.166725894143491
0.17245994938737302
0.17409621820607352
0.19029702277754015
0.19340838166617053
0.207057415973779
0.21021067474829752
0.22312220693238674
0.22759906330818475
0.23320995006166897
0.24092862465275894
0.24796468915626513
0.25523820378711726
0.2593033189490041
0.2651964417918715
0.27630648788051154
0.27967603783615524
0.2845078049251674
0.29808019620453463
0.30147888748829105
0.3091791464637975
0.31431808328453703
0.32379558044045653
0.33417396233337104
0.3399420178237466
0.34298949131850015
