-1.5612511283791264e-17
0.004276760272768418
0.004304541737416
0.0050688449639696275
0.010525460558183984
0.010527084787199619
0.013713334318485008
0.018089371776529355
0.018112435101213853
0.021161063932485936
0.02378511242862566
0.02678272113431928
0.02679672886584241
0.02995404444531749
0.03193143820781877
0.036464138043760884
0.036498619574336026
0.037115540747681676
0.04004542545273464
0.04707053593998543
0.04713524920071527
0.05059898165151712
0.05333642374302417
0.054715940464262806
0.057887945420040575
0.05857962568898511
0.05860933690622298
0.06118764480450673
0.07086909649695675
0.07091077481015523
0.07100228207359324
0.07173156965150856
0.0768264908189691
0.0807009558082456
0.08386379579260088
0.08395394430386449
0.08537019711523837
0.08696037823008843
0.08718714834648522
0.09197559615235702
0.09747874827132326
0.09757427358036425
0.09885336045166097
0.10658995211248186
0.1101830204635165
0.11149361624415176
0.11158263140784562
0.11493815940185233
0.11574460546237915
0.11708495412964585
