-6.938893903907228e-18
0.006754055319316629
0.006813466423259
0.007384276545473951
0.018794964094411115
0.018935363147965067
0.019424994090260786
0.023863220913682634
0.02409948780354268
0.036412805621227236
0.036503837165521455
0.036523886537542405
0.04966965535473106
0.05252849230331232
0.05524283451966263
0.05858896114924229
0.05877192459446471
0.058894402351523205
0.05942994852789776
0.06797059116333044
0.07324227203281924
0.08132895153018574
0.08383488937906713
0.08657876495721097
0.08681160800944991
0.09194849552306174
0.09206133500041033
0.09593106455070433
0.09662025526385958
0.09829339427028644
0.10191153471501989
0.11396083254577538
0.11746744406280595
0.1205803924957715
0.12130200576147394
0.12183652307290103
0.1246029559316983
0.12686364360745267
0.13198037524366776
0.13309649243261243
0.134828136980136
0.13497781918579516
0.14169143958031655
0.14417688673134738
0.1456225332591235
0.15165834029583722
0.15278952832500042
0.15677502187438072
0.1569238279254989
0.15821328778036356
