1.1275702593849246e-16
0.03420262884675822
0.03420772971228822
0.058952836419194944
0.06488073506621193
0.09829708951345799
0.09833392924716898
0.1214888120957598
0.12150467278302927
0.1913464694059439
0.19141618400977722
0.21195943942914106
0.22877222055767674
0.22882787692754303
0.24390299306884344
0.24392473791716218
0.24462590242928628
0.31301166002909897
0.313067756196675
0.36493629207932604
0.365006817980402
0.3970115371600644
0.39705093950997455
0.4010660863397775
0.4011456257468328
0.462954958259341
0.4630464771855609
0.4706563979128352
0.47073833434557305
0.48604939694332644
0.5189861113264647
0.5298942453812195
0.5299724123486447
0.5821108662153245
0.5821733724342181
0.6032808716068245
0.6033874607270426
0.6408887690085873
0.6411339003540223
0.662489174235176
0.662509378064079
0.7158170470599297
0.7158735940090643
0.7232628473876882
0.7233796618592431
0.7917744803730041
0.7919338370916272
0.8261412419465192
0.8262243941348276
0.846616193353418
