-1.0408340855860843e-17
0.0012134537138760275
0.0022196876542029797
0.003186468948369048
0.0042208085596902815
0.0051080818932110715
0.005906151021780727
0.006260844973518644
0.008007219747884655
0.008253450393042904
0.009015437145571294
0.010693104377665566
0.011414059611837604
0.012527586534424711
0.012993432773720554
0.015119273150213245
0.016048830043126856
0.01687229183724162
0.01755367786758332
0.018082865328074335
0.018890842082530737
0.019421644522557124
0.02073938729054333
0.02236927104681382
0.02332971317733583
0.024109212580123524
0.024678976621328688
0.025990064996967523
0.027814307547698106
0.02813072555271321
0.029034293582508218
0.029523824309100784
0.03112206725202102
0.03274666955105993
0.033943498307648576
0.0344439946749319
0.034622163318394066
0.03680197737928684
0.03755500727977707
0.038041024143668
0.03933524294227591
0.04072047801974152
0.041800737593968795
0.042459868067273976
0.0442166086224247
0.04521903437191528
0.04540314218414028
0.046353324350863936
0.046893106356222986
0.04771899485481281
