-8.673617379884035e-18
0.00046356302718327316
0.0015646888889426867
0.001922600043977386
0.0027176488799234254
0.0028971817758887616
0.003455494671276531
0.004109834228595871
0.0046276823260997454
0.005570617421499745
0.005900143731002479
0.006271756242433995
0.00664444005109485
0.007472624834903718
0.0077772663574178415
0.007984109202793457
0.008623446113014402
0.00903603012694361
0.00944853781468443
0.010567189778197228
0.011282429546740564
0.01172565875256479
0.012077201716160753
0.012638179240147039
0.012959953510441461
0.01382330799565881
0.013903782992637692
0.01480237836346967
0.015281388324091672
0.015513340968844018
0.01656558560466411
0.016816063181805632
0.017165920609937192
0.017407475684667814
0.017751489875345396
0.018223292063239895
0.018494639975390206
0.019289572734416623
0.019969858187166623
0.020563622032511747
0.021472204796343604
0.021924465795323568
0.022262618123420133
0.022926012596104862
0.023423772478482326
0.02379986874166963
0.024352876657146076
0.024813570351543572
0.0251388820912821
0.02523114356751742
