-1.9081958235744878e-17
0.021122511837613767
0.036213578357804324
0.0466634300901479
0.0659767381326102
0.07458306858692988
0.07743940904770619
0.09680604942644068
0.12463160650710685
0.14418914306113056
0.16938689989648525
0.17862615461961373
0.20306741889783328
0.2111455984749482
0.21273683320249526
0.2327122747994358
0.24280480065489368
0.25399087378363744
0.25623300408267885
0.28782764548702106
0.2999230043193272
0.3085526233388183
0.32850732444428044
0.3478250043395866
0.38291869180819477
0.40341669516469403
0.40654171121173754
0.4141331381482166
0.4218109378601944
0.4256545703783647
0.4296509539939454
0.4337687506921683
0.46251543102652687
0.474114806552121
0.4862693469900005
0.521810597255606
0.5513636110994378
0.5611859496985602
0.5749220917586076
0.5838133518837565
0.6130154445873861
0.6252494021426114
0.6309023584253465
0.6736076205813717
0.6766084494953385
0.6986447076741253
0.7085583257205303
0.7096344368622098
0.7119210330230933
0.7163613428927983
