-1.214306433183765e-17
0.0037428913578497775
0.014820063215321812
0.02125683306635437
0.02751937515011696
0.030644887229363947
0.035269442244754895
0.0394529196001136
0.041569449191539445
0.05887888904689637
0.061273677240778084
0.07166063828514628
0.08017315844744666
0.08365722206515823
0.09102482888755238
0.0918686483716869
0.09688465865023914
0.10062906849639461
0.10508502827020595
0.11314199952371674
0.11847886715086435
0.12058516753800048
0.12532978205409073
0.13286461928287552
0.1398929420373596
0.14611182719572272
0.15196813324109273
0.15385639533318962
0.15862329653225996
0.18251678769262758
0.18254445246588524
0.18790165492682948
0.18988110679830458
0.19434070277608503
0.1970464439723664
0.2046931893632096
0.20673297139046615
0.22388326908865872
0.22652927382183205
0.23200325501665553
0.23887377771488053
0.24132034132096164
0.2420070487733964
0.24583712386357764
0.25088545795586964
0.2552662863936088
0.2723154581567675
0.2781957876789585
0.2894965421617961
0.2920265644624355
