0.0
0.018383908745856076
0.018391899683094882
0.028629770962851527
0.06268232442797111
0.07779731318680945
0.07781171197628595
0.09211177677531242
0.09213360694221717
0.09434531653975468
0.12863510908790632
0.14801379002651127
0.14808936792256377
0.15408519788080105
0.19225344451387655
0.1923076771623143
0.22773831078619072
0.22779851515766963
0.2523704695640311
0.2525320483002853
0.27321042869053874
0.27615448546342763
0.2922387254517759
0.292332591320746
0.3085396361158257
0.3085758223687359
0.3141973122749407
0.3391728920431322
0.361836363433684
0.36192588714123847
0.37110657677438835
0.371175904009395
0.4113116091519073
0.4114216566788828
0.4277975455897556
0.43513719543019264
0.47255445445189787
0.4726512043792961
0.485562084605136
0.4858760788101532
0.5087197507334024
0.5546500953406965
0.5548154889675352
0.5557167651512076
0.5698854441028661
0.5701954605140322
0.5920582098681128
0.5921910735098342
0.6148853481949683
0.6198428059343591
