-5.0306980803327406e-17
0.02196044931778912
0.03724272296438544
0.04735400206256127
0.06875402457064507
0.0814057479900308
0.08417888876411059
0.09998670617588219
0.125200737722735
0.1466316300747492
0.17358640501655395
0.18376831785523998
0.21358265072359495
0.22984174084101539
0.23614427475442182
0.2398357881415921
0.24986960724497786
0.26194393774556635
0.26909995277205173
0.292713527437078
0.30227946353829466
0.3133179927472482
0.33529042876486137
0.35873837161743605
0.39051544168218655
0.41619777871662145
0.42607733081899585
0.43283349052328324
0.4400332020997647
0.44789544324301833
0.4762212560914013
0.47715044599725676
0.4811134153432779
0.4986436918756275
0.5024365163783505
0.5341075985117021
0.5607647111961913
0.569453091568168
0.592037001941864
0.5942573976127536
0.6367939748281548
0.6437964874305985
0.6505757240264405
0.6904245870599685
0.7019747712349758
0.7282645588116354
0.7522190823278548
0.7623010937793177
0.7702994195135808
0.7928310323729921
