-5.204170427930421e-18
0.000705239630430534
0.0028523691059174003
0.003695051286218807
0.0039401989427071925
0.004560389409781023
0.0047247212335881465
0.005822071345661229
0.006335329204339225
0.008038403808384139
0.008342867962464815
0.008853823994157269
0.01022233105792997
0.01171045939005086
0.01332975083441205
0.014109372570453806
0.015775976172938022
0.017222215670543245
0.018109937062630727
0.018869303410239124
0.01918035398074522
0.01970046313304965
0.019742663122374222
0.02109157633580687
0.021893902242295003
0.022891104303860987
0.023308196075800612
0.02481093937856956
0.025672914861731316
0.02571240576858102
0.027166327785469936
0.02754070343283129
0.0312632743943242
0.032046353169744024
0.03367551005609792
0.034937611501968745
0.03513166222874171
0.036877024594505745
0.03694670944625899
0.037616056749681805
0.039166727896954204
0.03995642209474215
0.04082252071123183
0.0419208491208081
0.04274349764514908
0.04402879748847357
0.04448630744148166
0.04607743761825117
0.04654103865301203
0.046830707178633996
