1.3877787807814457e-17
0.0017525500625292772
0.003263704633600586
0.007165796492066738
0.0077311167555275725
0.009597057320835213
0.010276730814563763
0.015176562402483834
0.017318874856866118
0.019583475092496035
0.020200788411248574
0.022033485628663738
0.024474521279180005
0.026817653218111977
0.026974065815789927
0.027272061573217155
0.029875382024320635
0.03412623850123464
0.03696524725898682
0.037115780790932994
0.03832769774519052
0.03939943073091761
0.04043936911707665
0.04484078905325873
0.04591075287226356
0.047434904612848494
0.048277082184994824
0.04931049640865025
0.056052859579195834
0.056438550429603544
0.058324935168627835
0.05938088871306194
0.060684531820293895
0.06159075693098621
0.0648407017750954
0.06621614644902704
0.06722223354410134
0.06822841545443814
0.07144051715390727
0.07453745293495287
0.0771744525391271
0.07781510150108177
0.07878107831210683
0.08254738929999332
0.08358138674490968
0.08486852608700401
0.0878940686277699
0.09021040780934356
0.09163880126459888
0.09280872357952191
