1.0408340855860843e-17
0.0005019569475825554
0.0020996468744306374
0.0039236668975307296
0.0047225284858734284
0.004746102484690585
0.004966754212451097
0.0064301500044078395
0.00661617375917708
0.008364711874150563
0.009217405635186983
0.009466572116692643
0.012534540923680717
0.012863205710658512
0.013180916617453903
0.01599795255240763
0.01696433505772113
0.016994818882180726
0.01759303836780872
0.017735173621238658
0.01823455354607733
0.019374322172155074
0.020090257918752977
0.02156291381811401
0.021882268694493473
0.02238858006809226
0.023119926223337084
0.02492423018860257
0.025838528865850842
0.025863166142970684
0.028570568381032807
0.029874055203996372
0.0299775895536437
0.030069568686372852
0.033030021315845294
0.034974156270220366
0.035647773943941086
0.03566429091326351
0.037492811534744576
0.03771428708425317
0.037901536098593015
0.03850534298721882
0.04063496838079677
0.04085362583864984
0.04159901257413058
0.04243447260634596
0.042588439910339
0.04280824440568737
0.04300770189943378
0.04604474385825896
