-6.588479761759913e-15
2.966041751559679
3.149313750234874
3.1497175440546545
4.218417172942742
6.9750040047688255
8.86296243556458
8.86555368318418
12.1346861007475
13.27346282047671
15.1512389268367
15.46556355640399
15.466675582695768
17.487718289478025
17.490946495172604
22.370553720018208
23.62739537316472
24.387343544975426
24.38917924252698
24.714166672943026
26.964151262946775
28.821289168476685
28.822728382838292
31.236378340287995
31.792885671297803
32.30895597396022
36.074682259703664
36.50567121070763
37.372615764086454
37.378752866045836
40.09974103608933
40.10328345043497
44.471518300502986
45.54936491341124
45.5523619859474
49.36549941935213
50.1010380095976
50.102710429409385
50.252163064654745
54.609756806069306
54.62653666872617
55.952429106395854
56.13530740278553
57.86450531350783
57.86774945151668
58.29457836104345
61.14188121271904
63.71758958833124
64.6182613051367
67.42977122528825
