1.9081958235744878e-16
0.00952882812212341
0.036567870549425605
0.07516318022205866
0.0898573751283309
0.10650575310962421
0.11354160284485211
0.12985687632619589
0.15068994519934287
0.15828593429586324
0.17072655325158878
0.1892629091919193
0.20109500386350343
0.22364298573311378
0.2530574736396171
0.28177153842100156
0.2865290360653524
0.3299494992851204
0.35792125367136296
0.3954318083823319
0.41060033042624594
0.4170435875915899
0.42553645017891256
0.4413466094355285
0.45851436288792874
0.47210679589953364
0.506663493143684
0.5211366420110377
0.5309094142323338
0.5397770766142154
0.5532299448623549
0.5768018612657635
0.6198445935250099
0.6292849308681838
0.6654113506454438
0.6693148011717613
0.689710655460993
0.699236086246217
0.7310011200610094
0.7489733466700785
0.7692119292079308
0.78096211429861
0.792494125966619
0.8150236708806771
0.8334292792300346
0.873039980996327
0.8928987513355505
0.9116073575739314
0.9323269182611392
0.9471279087982848
