9.367506770274758e-17
0.014078365527791787
0.025097014287111703
0.028698021751226654
0.042004239220102504
0.04471955222398723
0.07577231303727544
0.08636248152847746
0.09506462031010711
0.10446946989435207
0.11980604053826117
0.12855742301013248
0.12913847195524691
0.17509776940654756
0.17706753760116395
0.18016611740689042
0.18693871284876462
0.19486053157512107
0.19873233935504603
0.20820045501119055
0.23048081721506286
0.23709832398644395
0.2612183888177382
0.2751989877819463
0.29623724335150525
0.3153674791876421
0.316618431814674
0.3212614110591951
0.3301719623385374
0.34244114053868974
0.3481975880186271
0.34856032654263197
0.35076646275240214
0.39467379504928424
0.4213586219270526
0.4219704030758846
0.42558023607646217
0.4421330855475359
0.44298643961593087
0.45732446233643037
0.46574494003981787
0.4765160274069285
0.4930940372685737
0.4938296896883434
0.5111628044005461
0.5362247860060904
0.5479183846386086
0.5585780937329602
0.5696887373644883
0.5799369990450731
