5.0306980803327406e-17
0.004978349739474908
0.010293060292657889
0.02548620495942918
0.025938177053766547
0.03274356212318083
0.04476853600618234
0.06524806074810263
0.06828517677811927
0.08135221908963142
0.10596961350887467
0.10939022562890331
0.12027700352517105
0.13254475509535
0.13330336493593964
0.14737215326955702
0.15683392777858352
0.16416311095380498
0.1769134266573254
0.18410141418494616
0.19315207714226162
0.20071939561802665
0.2328845999085843
0.23797023855534744
0.23962905143668126
0.2500946702630703
0.25387071019023894
0.25709011545496285
0.2746740850309943
0.29415304654451224
0.2968056226513199
0.3066019277790808
0.3308614986836395
0.3588831454732189
0.3665309762504196
0.37015284102404405
0.37028370990021414
0.3759926961758445
0.3955668569719374
0.4016473885262995
0.41637325791300844
0.42885756275207065
0.4403912316608135
0.4474787065185153
0.4512715659490684
0.45661242503588645
0.4678723865956613
0.48548528735489893
0.5108734521064237
0.515250353701318
