-3.903127820947816e-16
0.07455243811037937
0.07565629521875757
0.0933530971933431
0.20248318753184513
0.23540755580594297
0.23751683866266513
0.2563106515678038
0.2915070502097385
0.4221465654649241
0.4339665027722666
0.473007379711094
0.513714876633745
0.5177664125973603
0.5277936537875016
0.5451521364939506
0.7413876758379623
0.7421342412090247
0.7580388280300236
0.761846984492631
0.785282641846794
0.8468562397822332
0.8923130112950737
0.911785418961022
0.9215055588016676
1.1297120172370454
1.1360488336967978
1.1444679780568252
1.1471218967031396
1.1626529196648654
1.178470561651156
1.1911237250927855
1.2497984245804592
1.3449599690522587
1.3844554157109157
1.4076763115645992
1.5820891965452493
1.5824158571125764
1.5858173692449726
1.6000330678025085
1.6483126809904494
1.6700879927546604
1.671760580132325
1.6748349338000081
1.6976251185425506
1.7816119102249592
1.8816378915982683
1.9345812282346335
1.9548458796111916
2.103904741694469
