2.7755575615628914e-17
0.013305933148621387
0.013311591747619282
0.023118146653286008
0.034743949769592886
0.038887318544023906
0.05402546931326715
0.05403969493476444
0.06511843879242832
0.07142640538909256
0.07145952347063712
0.08984669159156584
0.1004820467389958
0.10275740391510108
0.12110977886998751
0.12190704081285066
0.12369970662953757
0.1237268428609946
0.14250468121948007
0.14254803279556885
0.1661932356153152
0.16621957747380703
0.1836419538205291
0.19148525958628226
0.19247414328916437
0.19884768402877367
0.19895298188824426
0.20141200798497916
0.2070186423376346
0.22409884309036168
0.2372695686243848
0.2554341574201274
0.25545670423477757
0.26396524725293513
0.2639796198095082
0.2733169582866656
0.2966422831697981
0.2987042095075099
0.2987567213104317
0.30837040878058863
0.31295043013655743
0.31311603535595606
0.32472711805959986
0.33737233379469844
0.35100131548938507
0.3511211729948333
0.37802858043555176
0.3780542896522367
0.3880801639766507
0.3952412680655787
