1.0408340855860843e-17
0.0057577527912818
0.021939271212680668
0.027268642932431454
0.030336038723520184
0.031374202113915964
0.0408599904832521
0.06029606767268942
0.06262053991192829
0.06724894252919562
0.07919923142275212
0.08770113284461697
0.09128426864273806
0.0932836008034331
0.10217294118228684
0.11389972815560227
0.12518245546227258
0.12996084626608917
0.13811443494912337
0.15165504121910034
0.1553917401576525
0.17207389305441856
0.17470677883381944
0.18414917736566622
0.1846292449215273
0.18900641198637697
0.19151653473465724
0.20164677106389645
0.2132446768663255
0.22632760284823505
0.23020453032104599
0.24281750338663183
0.2661079248712154
0.26895981207930136
0.2775491704059453
0.2807941420594178
0.2839117945202112
0.2858791742489019
0.29358013352775375
0.3038807101451345
0.3104140868184026
0.3164023588598013
0.3166995223299073
0.3480270220311826
0.34979288391524715
0.3552291683326508
0.3628622954680963
0.37153194691032065
0.3760986983174209
0.3893058205710568
