-5.204170427930421e-18
0.00014050170710469718
0.00015922973206875142
0.0002341017460342383
0.0002513801948104931
0.0003377159979958983
0.000371149906638139
0.00039045766440000407
0.0005587079819610215
0.0010365282808412722
0.0013067188977685835
0.0014673367413655103
0.0015366542389587349
0.001942541508793593
0.0020742084930077294
0.0023608236521490984
0.002397468845775583
0.002568829973100196
0.002570355830491859
0.0029426601825388726
0.0029927262163618584
0.0031992088804806036
0.004048594840243018
0.004196466544030844
0.004337437657617422
0.004493444948217304
0.004891957995881137
0.0053079906193801134
0.0056396739651407655
0.006038823586365516
0.006229514269087662
0.006786150906306765
0.007082949695369078
0.007274900975017285
0.007428075880076429
0.007636141096342126
0.008439925393692751
0.008597251471982979
0.0086627804644807
0.008708723323671756
0.008858471302746895
0.00897685083892573
0.009103045168256272
0.00916551940521027
0.009259120023349813
0.009511797416891054
0.009549464777567471
0.009709055689990984
0.010693277500824409
0.010783319623942597
