1.0408340855860843e-17
0.004184426670016374
0.00507840052934674
0.005088154980807809
0.010214629898623121
0.013719013356965721
0.013721721470382685
0.021767469373050526
0.025149297002080462
0.02548029467997486
0.025592591442542077
0.030171042398704405
0.036494458241553
0.03663466080126449
0.04044285513915898
0.044263989112961304
0.0444390285015632
0.05339213876605795
0.05344187852569351
0.05526562917237985
0.05647703807559675
0.057870788701559255
0.06530161821566116
0.06735159948061699
0.07584057561557832
0.07739810391157298
0.07742564337287484
0.0776863623134991
0.07848170042153456
0.08240536112447835
0.08568189141116522
0.08589157107770319
0.09086872761297313
0.09356199051249958
0.0938507252558925
0.10336210151872813
0.10359817572269565
0.10479266628223002
0.10504907015770303
0.10707230818349055
0.11114222891890611
0.11737221684152842
0.1185057476444545
0.12037992434410634
0.12399747315997721
0.12757457519285503
0.12896036994677
0.1336053926611962
0.13527814300937566
0.14450440392696687
