5.204170427930421e-18
0.00042422281621806897
0.0009334948070318181
0.001018064922200598
0.001576692583751968
0.002035482848689849
0.002127843958874007
0.0027759330995296427
0.0032198396309865065
0.003472150977281008
0.003614140368341826
0.0036492078183906623
0.004574855165894901
0.005149457814782243
0.005438592153111306
0.005664014725812653
0.00605403853969134
0.006216467147361718
0.0068867673156770715
0.007635661083852973
0.00781856957438641
0.008018773986127088
0.00856328561356162
0.008617858689747142
0.008720380620420956
0.009087833751099185
0.009797904297527997
0.010071951818214768
0.010120892801700773
0.010887002111546836
0.011226118119714286
0.011729146806222784
0.012000080695364729
0.012625389840513498
0.013318220678611522
0.01355690070949061
0.013714082515417602
0.014022935565868025
0.014474391772888543
0.015127418349812164
0.015182248498204572
0.015409857159152515
0.015610043825549284
0.01595138664864107
0.01637232653424931
0.01659193491484629
0.016987109670696818
0.017181380962657693
0.017676560514349078
0.01855989830066073
