1.734723475976807e-17
0.00038617413328963235
0.001002730485377138
0.0010903124252089127
0.0014233858328562068
0.001910602659168122
0.001997974610220221
0.00297774444556392
0.0033138546957967915
0.00352550983804548
0.0036405175804865957
0.003717182196626331
0.004660103016285137
0.004915014449533498
0.005078150631310972
0.0057260399996804535
0.00579406423667477
0.005900136956778107
0.007245746404799932
0.007686664667298048
0.00800484788013312
0.00815609023675577
0.008236445911375316
0.008408258105563433
0.009101308993000651
0.00921619527193984
0.009911539577986966
0.010074901106881721
0.010333618618461852
0.0107679656325855
0.010898589816815988
0.01143256981214206
0.01147354180974504
0.012662489986405819
0.013215797279303191
0.013519735715104153
0.013915670397154299
0.014036635973046585
0.01456950675849796
0.014841149412489667
0.015056492056210352
0.015423888058266924
0.015766338478894804
0.015972497020164546
0.016383851373664035
0.016703745262346116
0.016866070958710844
0.01736506644366874
0.017994139640625142
0.018567777774722113
