1.214306433183765e-17
0.0011932014036705723
0.0011933996273115685
0.003145378461480981
0.0031791349191817204
0.004339222546188784
0.004339348513016499
0.004419059435254058
0.004419897157815997
0.004597195172052072
0.004597930196683373
0.008022285272339768
0.008022953342474675
0.008995807916387802
0.008999837250431275
0.00924012996386604
0.009240840146323233
0.012562263247931275
0.012647874090807669
0.013625340051862738
0.013631654014026816
0.013884531888890056
0.013886181456084149
0.01397682857819941
0.013980629690314597
0.014778152462985068
0.015548171357374988
0.017104940263795207
0.017111924526264616
0.017658622359623802
0.01765978927442896
0.018249595896388096
0.01825181996311063
0.020488516131688783
0.02145960631323266
0.02275048409358596
0.022761596618727502
0.023987032939805635
0.023995349830376142
0.02569144507435534
0.025705407419004157
0.027254623986895904
0.027291139760413363
0.028139106172729425
0.028352883656135718
0.029467198532618456
0.029471595555001645
0.02963666189158811
0.02964038300510441
0.02992167838209952
