5.204170427930421e-18
0.0009180022419936779
0.002524159561957324
0.0034430541103007885
0.0035084868298455914
0.004893327605326134
0.006729408074241374
0.008104608522563042
0.009340040144537572
0.01033233707745254
0.010904279688156828
0.011341273655238288
0.014269005562929702
0.014677446668483063
0.01551604845209333
0.017289817035648268
0.018049062478106268
0.018612031422900376
0.01922446824644157
0.0200113784830677
0.02079663198749126
0.02148473843977082
0.023872393291909537
0.02499831684659523
0.02522696745895322
0.02607868336568952
0.026545391978348126
0.028247598387083635
0.02904764180041973
0.02972135810082463
0.031424391848767635
0.032897724494709
0.03357149803164064
0.035106896535855046
0.03549876350460092
0.035762043068060974
0.03861031007141344
0.038826956946121274
0.0402973659053344
0.04107437854963421
0.04404923613935722
0.04426257089450622
0.0455800580858496
0.04594335715049556
0.04629501340389272
0.04799247846781114
0.04854113693677248
0.04910465649292332
0.049257409485575825
0.050096389903128175
