0.0
0.0012063537969974406
0.0015983614012058407
0.007033050526085797
0.01289664348244188
0.012906468646062793
0.014517902622198054
0.017251484555703266
0.028534428348640783
0.04116162562593806
0.042208103852684545
0.05256607146589764
0.058355129769486
0.058560455218523925
0.06075569646598842
0.07369993582779998
0.07456890688713584
0.07921545305806649
0.0856640784356714
0.08865168398743623
0.09379527250723749
0.0983841069635002
0.10328577276757038
0.10847222810204232
0.10933510622146929
0.11209034382069302
0.11715511776593919
0.12198427132754357
0.12448675703578864
0.13269492687886764
0.1334186141147817
0.1442882577314148
0.14601970106087894
0.15445119810887373
0.15460795000934974
0.15913508223331324
0.17170623395682671
0.1753033533340196
0.1873533775251165
0.18824880679166883
0.1942442404981747
0.19643338527558077
0.20318213654476158
0.20806207684815375
0.21057950634790687
0.2114832195960181
0.21372207277474167
0.21692184618954102
0.21721132068229038
0.2174487661656087
