-1.734723475976807e-17
0.013508061179986501
0.013839584202722419
0.05138894332242256
0.05398259140131064
0.06083922975013047
0.07104912100585732
0.07578105144720923
0.08281478116035455
0.0860538528111721
0.08890561512338
0.1108809665142843
0.11270667938729664
0.1187336232650729
0.12243445940172419
0.1331514470062397
0.1368819281167352
0.1815942248036347
0.1817052254781018
0.1930751604650404
0.19650208451301732
0.21261728349590192
0.21354747690844958
0.24877582126481385
0.2554977481312128
0.2664197911908871
0.2729263151535599
0.273956756774861
0.2869949017038728
0.2969474754481391
0.30033198845005066
0.3028893058265452
0.303002072859974
0.3165758225653166
0.31959255293791944
0.33023624198449036
0.33077812021358444
0.3380050000501604
0.34119622299036273
0.38334886746128305
0.3859449181970025
0.394394272587799
0.4009799656069388
0.41736687665621075
0.41907750668365057
0.41999475404365627
0.42478767538454415
0.44100420100463417
0.4427711444550575
0.489437851907482
