-2.2551405187698492e-17
0.012750412115953078
0.012827306149059121
0.03241453020881722
0.03820348889129141
0.04368507485144106
0.047134316231950406
0.04727635403011359
0.048923491474748525
0.05399963179229312
0.05553425482447572
0.08242927736530922
0.08348018169794116
0.09212689887285336
0.09607699804315226
0.10714423528203729
0.1081295724740974
0.13332822162329802
0.13838927992827763
0.14071153451185034
0.14523683060590142
0.15092740521309808
0.1590404297382257
0.16170528284825084
0.16269535995693157
0.16402424404575128
0.16715664101478564
0.18173785365637435
0.1843869519867547
0.19501396684256656
0.19781950208106042
0.20513783371976543
0.206693661463934
0.22737326114585213
0.22926977101577203
0.23902133195597985
0.2480539963164493
0.2586462442502959
0.2629674847636507
0.27579554478459667
0.28027160719756117
0.281013877954596
0.2900673898254763
0.3040634122650499
0.305509047658289
0.3151662543907258
0.3236455581485153
0.3291841850522687
0.3335834471253923
0.34649683496328787
