-1.0408340855860843e-17
0.00017498167350531342
0.0006524525008550219
0.0016655715252230918
0.002744164089072734
0.004560058727959022
0.0062962956032776695
0.00873235277778305
0.00997115953902312
0.01012343066523093
0.011421270069246032
0.011605321971861897
0.011794022592112029
0.012533478712310973
0.01272086506214339
0.01350970996927645
0.014028441450778946
0.014188868815624258
0.01604232723248661
0.016275200565077835
0.017154260992789445
0.017306565547747982
0.017958811716968136
0.01905538345634504
0.019533684727241922
0.02071721655982378
0.021622489794470214
0.022001441645514062
0.02399667953901187
0.024745496231315972
0.025823569231574868
0.026977983950382867
0.02731375977672356
0.029906217519780946
0.03062263935465423
0.03126815684291932
0.034131720100136556
0.0342428083733066
0.03487438599900975
0.035674469225084
0.03667841578413041
0.03839864638253889
0.03917111763529359
0.03990862039834256
0.04181736162297568
0.042573868420986365
0.04380074631624733
0.0438096058902222
0.04461524124441015
0.04511623090641344
