5.724587470723463e-17
0.016149080025185357
0.016589300393575167
0.06393287440742873
0.06420031122842247
0.08555136509910503
0.0876698401625885
0.10212092823341253
0.10368381332385251
0.10494558919745979
0.1057342728580821
0.13892287693305572
0.14009458645978368
0.15352270188019174
0.15384890998705714
0.15613820780300755
0.1576009216333191
0.232655113790268
0.23348960094424442
0.24100480764834004
0.24150436537588116
0.2472770484386555
0.24923218797819702
0.34052416471652663
0.34237045453536263
0.3433530200039421
0.3440852413646518
0.3626233159891588
0.36450894820911983
0.36573583259408393
0.3659782718445834
0.36702596557356465
0.3701954915264533
0.3779633792218012
0.381089466406427
0.4128478173577616
0.4136271911258957
0.41795044334460435
0.4183374055694308
0.48018221367777886
0.4818468825922617
0.49285168755939
0.4960937391930891
0.5040069340669607
0.5064761438237407
0.51560180680867
0.5160568960724405
0.5490629263866614
0.5494836481594719
0.6068522562110558
