1.734723475976807e-17
0.0008963398549486825
0.0009445042233607228
0.0009663208900720487
0.0023396780407619663
0.002354102487526249
0.003968121213215379
0.003983402950764922
0.004659289000032794
0.005011548496026547
0.00777808753267969
0.008283294538097884
0.008912234367132453
0.008949598267127172
0.009417529432031212
0.009432926747673142
0.009790170472371953
0.00981609871252879
0.01113079140764619
0.011146219321304862
0.011745332432751434
0.012186495267342447
0.012243151046970649
0.013075069423766133
0.013131868284086882
0.0157062831770906
0.016336591841971247
0.016349919419302583
0.016403700910989714
0.016885854809405264
0.01692397163933232
0.018110239913230172
0.018771689655319758
0.019458130237891814
0.019534849757633553
0.020623090683519044
0.020643145823995
0.021761139133772693
0.021850115515344083
0.022219061501190566
0.023027593104452737
0.023059775391969434
0.023780859484024502
0.026291212672451984
0.026371312794465772
0.027787197365063722
0.027812403472467426
0.028507107606325015
0.028629961303506125
0.028688142714447286
