-4.0766001685454967e-16
0.07246897023883592
0.19946971558268473
0.1998603778757648
0.282488486432824
0.337987078478452
0.33915120130468607
0.6016697949970237
0.603507920867317
0.6082071824873179
0.6763450719883743
0.7082847832870279
0.8212935854300006
0.9239574568189601
0.9993164285393135
1.0017514266298058
1.016672837862036
1.1049297794943185
1.2779208959788213
1.48188036254
1.4965565746136908
1.49669163489084
1.5240961947096767
1.5270648066732877
1.539635559745676
1.7084560298526696
1.7097053531007957
1.763361047027403
2.0147776852420356
2.0565694508549606
2.0590405452195895
2.119949595000866
2.1442973275923953
2.1489420511600676
2.371895400090524
2.5433405058648475
2.547234788800477
2.6098144445711053
2.6200775816587454
2.6385523454256874
2.825828422756956
2.8271722765564316
2.832346302310434
2.863955539624457
2.8661338605728006
3.093883103174579
3.17806283014559
3.1855562540872593
3.1889053409358152
3.2696081508670316
