-2.2551405187698492e-17
0.0005233384300015621
0.0005278694490800581
0.0010014208140083393
0.0014346479774797454
0.0018431953087951897
0.001973793733622886
0.0024519309490860283
0.0025682865302197756
0.003089360898577788
0.0034748335497986026
0.003904244104764854
0.004218348642879136
0.004530878687563687
0.004598955845733442
0.004804863051977606
0.0056081154976829976
0.005773051665576874
0.006250898719258895
0.006594924668818005
0.0067658136866687296
0.006837751265635102
0.007564922774010821
0.007813339731941525
0.007924779028834617
0.008411546009090698
0.008762004787267087
0.009161624274638168
0.009557273861551129
0.009742136782896193
0.010062245783221723
0.010700213649748084
0.01075770967545551
0.011299414414539832
0.01152591504251114
0.011563750433852946
0.012131055348114836
0.012558231672413102
0.0126975602089804
0.01315883316205555
0.01343331616072115
0.01375016452644425
0.014046346670222963
0.014321425638885344
0.014759735684218378
0.014856964286155782
0.015814900180985317
0.01628061022884937
0.016355385528024
0.016539043630058668
