2.949029909160572e-17
0.0016320449181870793
0.008143634201924108
0.01526096605516542
0.01537692667397801
0.016658836109936542
0.029782810779499083
0.033537686135191605
0.034123849103763176
0.03782836397593025
0.044522387999572685
0.047230158830511015
0.04843878533539188
0.04848482038440731
0.05468418127200358
0.05973941335388639
0.06190696304165338
0.07080445568546856
0.07369632249570858
0.0764812095130512
0.07975882054302665
0.08065622412666326
0.08158778362616917
0.09227901907645611
0.09601068945568203
0.09693595767426474
0.09744647969577044
0.10521529599097286
0.11091601384943824
0.12073352619873191
0.12240195589320986
0.12542844667207165
0.12692738187915736
0.1311576050553273
0.13893193139551194
0.1432732904297586
0.14414442633667926
0.15041330757266683
0.1512789332514976
0.1549861414559693
0.15881451771920482
0.16042322027934416
0.1605664467401198
0.16597730254748042
0.16771119661985048
0.1822408949602713
0.18390434294095007
0.18755269676976208
0.19626333431454115
0.19876377886310254
