9.540979117872439e-17
0.00042436178452339227
0.0015976584438067674
0.003438671210481234
0.00581622400169232
0.00858820571657828
0.011758548001742244
0.011828739535306393
0.012134744851425091
0.015566922755463836
0.016076638660700783
0.016549910590425612
0.01991778543140381
0.020483102450846495
0.021078672273464827
0.02426539176535491
0.02547594691324072
0.026141159973153257
0.028955135547388385
0.030340348466717952
0.03231517791642135
0.034162058349592885
0.03552882394490161
0.039232230188247806
0.03984494562467978
0.04153660027683567
0.04275258914227255
0.042869911595385564
0.04623355332680388
0.04691969132194506
0.04809132047717468
0.05220849228739068
0.05236489177115089
0.053236860090307696
0.05499097200525616
0.055482849102501265
0.06068312520333404
0.061140719296068465
0.0613216038647492
0.0629503904197872
0.06415883009436066
0.06850294463651327
0.06979140890527975
0.07001659213727741
0.0708479273217157
0.072291555756788
0.07595907955485438
0.07765564858100178
0.07871088260072848
0.07894867940618946
