-5.204170427930421e-18
0.0003788833861085583
0.0006365020103857102
0.002055599248768818
0.0021949131388702137
0.00382877338400831
0.006479054273382299
0.007325003094697106
0.009662207944709946
0.01263257575898488
0.012699785685981865
0.013248453413222715
0.013758215549244607
0.014434303182759468
0.017896621581579168
0.019456886457814744
0.0194606880580344
0.019599675808723543
0.02067482939084183
0.02493099509737475
0.025079472021101418
0.026403864910752944
0.026815750222157174
0.029925596712812995
0.030586643510198873
0.030766927418667843
0.03253518227540525
0.035404261485561264
0.03774703270047752
0.03884094271004278
0.04166123813644703
0.04265264831289379
0.04409342011341213
0.044831507308431634
0.04684676139505982
0.04688012246006376
0.04713350630370619
0.048286809702407577
0.04864739929601643
0.05150974756267276
0.05157386714821819
0.05173189861909802
0.05244239264215522
0.05344552334608233
0.055946601990256965
0.05674580608230161
0.05753913551661196
0.057876331365996146
0.05866557857302448
0.05870008005068748
