4.0923861521768856e-14
1.062706682161322
4.213722293290272
9.458422615407901
16.797805421750525
26.24741566487931
37.774301292023
51.366340716699554
67.06526966165562
84.85979106837772
104.65381110352567
110.68975127098743
111.82828706615744
126.43812756385455
126.56669201150511
127.59297485754851
140.64446143812216
141.7629286979076
150.51936182214638
154.08132680714417
155.21469129692017
167.23366138125908
168.3451370939911
176.52646701455873
180.3178825932425
181.44833809474122
193.6365017621588
194.90871681566176
204.51459305401045
207.41525898035042
209.12274315296426
222.69429207637606
225.13534567921363
234.62089912443315
240.11058302309056
243.2676117837131
259.7838749342764
263.6594281382275
266.6362350393418
281.6022410297879
286.12228994140077
300.7440549245272
305.6757550852934
310.7979709639093
331.70724303503374
336.7372379997203
337.4185425940091
360.074754265491
366.2413513771252
374.563966468548
