-8.673617379884035e-18
0.005768994654466049
0.008857423210439348
0.011745406091636377
0.014763014796998418
0.02172938814452987
0.022887436215100247
0.023252716102423535
0.029450400366624968
0.033606528155919385
0.03460888553067207
0.03627949321121308
0.04436540060686468
0.04679242150322874
0.047165303212403614
0.049618704321054294
0.05743548735228022
0.058226224745596945
0.05932068415705998
0.06842369732527906
0.06898585465282372
0.07788974537801088
0.07849028574363366
0.08013042366512418
0.08227242847714324
0.0834792480306632
0.08392175739507353
0.09098447805287688
0.09281215091952964
0.09599078437531666
0.096963563230367
0.10474725851385124
0.10985043272136905
0.11371538566883285
0.11654515898463026
0.11663533477805745
0.12026608278358257
0.12067904811039933
0.12453230721251869
0.1270891100475606
0.13328788092734095
0.1375370779456759
0.13941229806069144
0.14469122417794197
0.14548253575845776
0.1507816315132934
0.15454502389242236
0.15862660174701623
0.16295276754332752
0.1646272850430892
