-3.8163916471489756e-17
0.012041334888377405
0.014668679668258926
0.01655676859315182
0.02768865375274386
0.028836820872575893
0.03792656080408348
0.04105609845162048
0.04775497451170782
0.06226967833869609
0.06398385170274676
0.06430815800842872
0.07458125904226214
0.08006100659429992
0.08218417964955649
0.08680595982059111
0.08710960069436224
0.10293913147629238
0.10362902701058244
0.1149863625093492
0.12532582762556604
0.12857013750670673
0.1286981472307589
0.13322808240595538
0.14568093212571703
0.14731764263130864
0.15535291559505618
0.15707284783073266
0.1640953811701583
0.17415879580764518
0.18610584925894363
0.1885111996909738
0.19317115342211733
0.19598123718773938
0.20870596503072045
0.20969692795515477
0.21198032444292042
0.217661215883789
0.22665909657494202
0.22787546386315202
0.2354589754324616
0.2470452201847783
0.2491698962913524
0.25451994536322253
0.2567223088276975
0.2651664903835866
0.26772680820123534
0.27181501463271446
0.27593944153724426
0.28007404853355694
