4.163336342344337e-17
0.013302292030521341
0.013657536562766843
0.02275494236326122
0.03546151429320561
0.037839090904008506
0.05655025224728568
0.05738648580195354
0.0579720732695632
0.06049392531250853
0.08410168810100573
0.0989673439048245
0.1042914580111425
0.10776781653042143
0.10834074030070838
0.11340681133611114
0.11744417118377969
0.12016163247618879
0.14723373110606378
0.16304160561645362
0.16851360975131807
0.17252075312743323
0.17313137169407777
0.18254047565331752
0.18303552061701703
0.18660195400486435
0.19066995113350055
0.2164187236481918
0.2234936661631865
0.23391707604621992
0.2417822933527678
0.24469849524694948
0.26008668308358995
0.26296221357673866
0.2780488705662608
0.27978225377554583
0.2850129770975946
0.28862412763964845
0.297465558547774
0.3010303384046499
0.31252850490734707
0.32869996464216245
0.3301694645221444
0.33328092187542485
0.3402345353420134
0.36784821808162854
0.37146843558773374
0.38294305096535575
0.38452349740992237
0.39313601505220536
