-2.7755575615628914e-17
0.06624070950063365
0.06625854086195897
0.0915060243652027
0.18858913988279902
0.1886841808613729
0.2445382482689069
0.24458394078281726
0.25406774214592837
0.3650647709142239
0.3652585493116884
0.45524525923161274
0.4553860385560839
0.4953238559662104
0.49539976318146783
0.5036522762405988
0.5947070623754538
0.5949451851085864
0.7218112602399808
0.7220199462164831
0.7942656554861741
0.7944589578704615
0.8230321163264218
0.823187723052788
0.8443054967259481
0.8767816691173675
0.8771182073053267
1.0430391359197926
1.0432810170637519
1.1497389417677086
1.150076617156108
1.20150107461421
1.2017319460872622
1.2105180565466087
1.2114508382680869
1.2498546534247446
1.2500237173388582
1.2507615414196442
1.4179691329676025
1.4183015388883247
1.5606544780590532
1.561019081706622
1.596027272684065
1.596827213476189
1.6374662678433072
1.6379814234558498
1.7123003092063114
1.7129332150629752
1.7380731516982615
1.738127444265448
