-5.204170427930421e-18
0.0005228038638642428
0.0005234060808267087
0.0020674162018569225
0.0020724360020694076
0.0025347166943111947
0.0030510209034187007
0.003066826541091871
0.004574183933243693
0.004577520792876731
0.004605496179026076
0.004621470218160733
0.005450853495813809
0.0059805624133224804
0.00600329768355814
0.007134883529223595
0.007152823946587611
0.007572644266690574
0.007614116005816714
0.0076258800091121865
0.007934767754662087
0.007953557123382677
0.00806102912365885
0.008088438630615638
0.00916490040415433
0.009529404327927956
0.009547362696641913
0.009601998932206904
0.009714856603176674
0.010308912650687322
0.01032770927300747
0.010551676990164618
0.01058933657943775
0.011071809136330135
0.011093755858042736
0.011875303185621694
0.011962650406310919
0.012021105051181607
0.012048175669405367
0.012885830335254372
0.013228973141801515
0.013282066649009638
0.013294387209616247
0.013363003581925987
0.0138382786524498
0.013882467579672134
0.013924434688156339
0.014214654599869968
0.014252377405314888
0.014292561970474288
