-3.469446951953614e-17
0.0019292395180174511
0.008452652965469138
0.017894687040409675
0.021929960570341356
0.0319400760844714
0.05077496726164158
0.05080131335662753
0.05877967438952721
0.06198741713712603
0.07233514501214554
0.0788707900863479
0.08291160425489921
0.09417862575332835
0.09434472908462602
0.10247206995285081
0.11505895560041406
0.12274529224224227
0.1333592144439334
0.14090532961239483
0.1468657758805019
0.1620149538037835
0.1650011244596198
0.16970979396065028
0.17021419666287765
0.1734109425133269
0.17495164269102595
0.19809207223618217
0.198674009310168
0.20630468965329152
0.21254635497577287
0.21518659727170683
0.2178274731724135
0.2282087801079809
0.23553848830730925
0.24512499174480568
0.24835032234574195
0.25007955132697385
0.2688353205119025
0.2707289163408934
0.27693314885123654
0.28188089343022515
0.2846742961204563
0.28633580137851117
0.2914437676874136
0.29790595417958593
0.3041588724684824
0.31054494313451564
0.31620361889812604
0.3188075483352843
