-5.204170427930421e-18
0.003724358127098853
0.007491139791404236
0.011177969391979044
0.01601725918759043
0.017413284340785998
0.018472956966513007
0.02089669255355274
0.02759084823707629
0.034916682408452276
0.040431562935900944
0.043286876184612424
0.04955017161770274
0.05337033374486946
0.055267040735193486
0.058123787268017195
0.06361189855518026
0.06862998349376336
0.06888688512763956
0.06909042972815019
0.07527137406257679
0.07581600932375039
0.07625183546536833
0.08178721582062583
0.08207601879108171
0.08361830629445682
0.0846848089778574
0.08955667551893379
0.09328582436939245
0.09555673932426795
0.0985793009896174
0.10273842945235676
0.1068303593563033
0.10762248304111385
0.11120894204189584
0.1144797335820973
0.11618688096499509
0.1177577126629147
0.11931693680209358
0.127134996537119
0.12921475851156317
0.13350915722692486
0.1377411368496783
0.13833849613790566
0.14057008550629638
0.1426377588181724
0.14748226900788577
0.14755529793337113
0.1495156706925982
0.1582214228227872
