-1.3877787807814457e-17
0.03093234598169843
0.0360046396217368
0.0996437779522291
0.10169652536934043
0.12467107597094336
0.14344628259159653
0.1615806157993484
0.1791584366406588
0.19068071321358762
0.1924716897058622
0.22034331951170893
0.23751519576004507
0.2807019896617849
0.2809543196215437
0.3099345961726365
0.31051079639932067
0.4305902370869703
0.43107145393823676
0.4319075883639557
0.4407946909676756
0.4524124283773994
0.45332686851713155
0.48498813057137696
0.5205253523980298
0.5272799007335295
0.570466502176224
0.5857013985499943
0.61131535424371
0.6116208201494716
0.6199625278060155
0.6205551866140137
0.6313535594542983
0.6753962038537317
0.6792778267182177
0.740558427551516
0.7467255168939793
0.8102966295891108
0.8114522320407831
0.8118898588871906
0.8130802384220155
0.8212889805697455
0.8215693222509464
0.9214284471449589
0.9222404065983806
0.9875387255057725
0.9918196740766154
1.0253903352086793
1.0279710967687612
1.0567269932218482
