-1.43982048506075e-16
0.03460575576213168
0.13790573128254927
0.30159191379605804
0.3016041976204528
0.30828678873141324
0.37805766961851
0.3781032888199958
0.5122968606300466
0.5123818132426549
0.542889877848015
0.7096584706381623
0.7097629362445282
0.8374504746762981
0.9730743608410329
0.9732110020491617
1.137126708936955
1.1371389176652331
1.18640770940969
1.2290999584933215
1.2292314480512292
1.3031728510442657
1.3032726580731349
1.384185400884744
1.3843970601419917
1.5838621731592175
1.604249297080884
1.6045481572696094
1.698563436740527
1.6987505987113043
1.8909387683984795
1.8913070944280637
2.025722503606856
2.1566154590571727
2.156717000864833
2.245224036594409
2.245694666128312
2.512508678793085
2.5180253006739814
2.518139175038637
2.617594626321937
2.6177753515573268
2.667246914252126
2.667804806224901
2.6729607820018657
2.6732462064101448
2.7840063655317757
2.7845330013277763
3.0182680338695342
3.0188269176332487
