-3.469446951953614e-17
0.0008474953069066409
0.001124616654633868
0.002074570049399963
0.0026098264168427573
0.0048557320262815045
0.0055191166023433776
0.006782250373472297
0.0072906739691764675
0.008495610235360706
0.010309579749296959
0.012859919955398409
0.015993317349562372
0.018763246160250914
0.020291599567904835
0.02151485095320914
0.02687778944010915
0.027240239892315075
0.031652792670565956
0.032524126740985794
0.03973230861707664
0.04134077599997052
0.04255915668527823
0.046678912117201
0.05126870997183024
0.052155771186761964
0.05613450622370474
0.05959525053690625
0.05996434364428329
0.06028858666243737
0.06308970874940911
0.06877012445138796
0.07126289338376042
0.07541094625981429
0.07746622132104514
0.07782798769942148
0.0821058264131129
0.0833152688826019
0.08363760698055808
0.08412418659318144
0.08498291422999874
0.08530737400076743
0.08973843100701097
0.08986733107501534
0.09222917109548127
0.09479940738970255
0.0956968565507241
0.09682893424752624
0.09738419540383274
0.09903916102673213
