5.377642775528102e-17
0.15656275425638644
0.332384879120435
0.3324093687154299
0.5999449395811014
0.6265758060801082
0.626642266637224
1.121791466368209
1.121910107378018
1.1989662538513333
1.1990623781475476
1.2555415981829647
1.5072429846885926
1.507577755131709
2.048286746731592
2.049356598106416
2.049491508837976
2.188239117690351
2.18864146109168
2.392978253305605
2.3933395827362602
2.8402279395348264
2.841262407146764
2.9947494350827673
3.114754690499154
3.115000970363574
3.173384868880411
3.1738596921130386
3.604716527916407
3.6066019924316053
4.151621985182667
4.151846361894802
4.182387049376783
4.320771823156724
4.321382389359919
4.430026701924229
4.4309038355292145
4.643145251931352
4.643749105445638
4.692975273659695
4.695256439861123
5.472147457160582
5.472990840292583
5.634660086301396
5.665662840692271
5.666514240103398
5.8889498050244615
5.8903181392345205
6.087072418144322
6.089446466365727
