-7.45931094670027e-17
0.027770584927561966
0.029329361359408813
0.06005661127642523
0.0797740743105278
0.11996420743623405
0.2134365332742943
0.22554761793042363
0.2269043833021298
0.23615294457377461
0.3214852277832982
0.3484657002305827
0.36520693023000467
0.387346910521157
0.44914252847901204
0.49791174488484835
0.5101819709242926
0.5186021540124626
0.5283786066397909
0.5302772572820544
0.5387315947117066
0.581706679789457
0.595879288124207
0.6271144811619964
0.632723306209686
0.6488488119279552
0.6826196114894715
0.6862657561699408
0.7138284295850404
0.7217398901559641
0.7570094659270262
0.7601091271216919
0.8054477414071277
0.813240225509438
0.8666852508490773
0.869867599766257
0.9312701450574578
0.9340964107347468
0.9371707773810358
0.9572762550445273
1.0017112948225988
1.0649520976076106
1.070845870249167
1.0847769647305592
1.1022333519013885
1.1237946111651886
1.1891943501498845
1.2037147045754617
1.240662711029834
1.292068894319795
