-1.0581813203458523e-16
0.0020556247880964273
0.002189267568922477
0.005549455445552517
0.006134996576871195
0.007395526303628627
0.011454344061031881
0.012251787319350624
0.012856468870468924
0.01633783642120218
0.017411735618735602
0.020191269773423427
0.020591555074695456
0.02202001774204649
0.026986678937334883
0.029340723964444357
0.02967133570717201
0.03010405078072169
0.03154176804663539
0.031736647209525216
0.0328665665906207
0.033796837569853216
0.03779210024767754
0.04131265304191918
0.04177047263646621
0.043018755262498966
0.045149485918794786
0.048480240199349205
0.049830598386497144
0.051185361930808936
0.05374662455366625
0.05516734501100611
0.05759026121464585
0.058058665203770156
0.05855104719794799
0.05942357367001041
0.06114909407512264
0.0613608712921511
0.06255015392312227
0.06268534804701281
0.06641550195028785
0.06713951746103142
0.06863717769087634
0.06914188801652185
0.06968035011775144
0.0719268382739715
0.07372826712431606
0.07657339799086323
0.07854064598382508
0.07969774069653747
