-6.591949208711867e-17
0.005159372551721586
0.01706693578279956
0.03165208252541838
0.05378165482141271
0.0900209667052683
0.09522942542962005
0.0952312340273677
0.1144285780049375
0.11443206880943897
0.13821914441069266
0.14752940656146074
0.1475361196858833
0.18846080872824925
0.1952240486716225
0.19523223661489147
0.23626458501990014
0.25717254427127806
0.25718720195117206
0.2905741741837296
0.3295863234488048
0.32960234295802243
0.3610485359482984
0.3629610013760023
0.3629741166124082
0.38621383909620155
0.38622496799105727
0.38639653931550827
0.38641483582047725
0.4115277066347751
0.41159910857580134
0.4251669059596066
0.4251852237014944
0.44796555635602037
0.45368669778156145
0.4537250745302387
0.4800203569798852
0.4800371012308055
0.5366557542485308
0.5368502460322473
0.5369073250729408
0.5509739301028935
0.5509989506045199
0.6124012959610674
0.6124316663416686
0.6212505644179268
0.6380346101863403
0.6380514658057687
0.6755790515861682
0.6756840655199271
