1.9949319973733282e-16
0.19067867887405382
0.3104200838326707
0.9731252873179383
1.8592192942638854
2.606109524442669
3.6204180251529543
3.875944023766549
4.159103702136081
4.269191046734476
4.61145143775024
5.238868472825952
5.4381269314950185
5.716646448556494
6.435239888615476
6.639969578195484
7.734558046648548
8.041841488074999
8.214551585298066
8.568474916139047
8.94040193432508
10.121052261846541
10.305293893162743
10.865148793369197
11.334834847761831
11.523478212458453
11.79978156355234
12.831674189217695
13.041464360979653
13.654518407193825
13.93710312204361
13.96338747021885
14.236725656448945
14.907175347057919
14.98829599023681
15.199613973035621
15.438914916413387
16.236347281660525
16.497068394014192
17.072738227122947
17.165726392976712
17.650094763228935
17.780551417960652
18.399196771359883
19.087267901784703
19.54683071846726
19.94832428469515
20.35983187946973
20.97324856788442
21.357630622251104
