-2.0816681711721685e-17
0.00924238237464709
0.023931382773372485
0.046918887592796985
0.06610720362678646
0.08132839473633233
0.08900112497215076
0.10826145739510247
0.13024915691389882
0.13524121563555136
0.1443947577027755
0.18470203588642817
0.19515826845937823
0.21165078991740832
0.24250081022608083
0.25571462272505885
0.27789649147507944
0.2795376446247747
0.28448858827808293
0.3152568959941008
0.32017258259542997
0.3596853066132048
0.36885407546246657
0.3699911620076484
0.37143316875161353
0.392067864953525
0.43849631813672946
0.4481057631379921
0.4484375687426177
0.4629716200072104
0.49170314274788307
0.5245535545806852
0.5430338379346878
0.5581172158202932
0.5634053538955877
0.583410301461952
0.592590290111619
0.6059893633619796
0.6343121705505149
0.6475488088172286
0.6786951033851836
0.681706820040649
0.6985236650094813
0.7132290480740662
0.7409884654353882
0.742992648082642
0.7469430214866346
0.7834221326528172
0.7878837005160864
0.8125424628147
