8.673617379884035e-18
0.0014855156788263733
0.002697874250332714
0.004888151051072334
0.006360141604516008
0.0066444958329162345
0.00925226786776454
0.009756482441495686
0.010172567584853224
0.011594871403511954
0.012389357642514759
0.01565361367875904
0.016763010322542585
0.017092458973218802
0.018086971128472462
0.018255460014006172
0.019464361399359927
0.022696995621503284
0.02497554561385673
0.025480579120642992
0.025620636830841474
0.026720335711670852
0.030201849926052605
0.03112671296059115
0.033304618868300974
0.0343073563452581
0.034912872181885345
0.035634125123266504
0.03587884429848027
0.037558071340260096
0.0389988479829348
0.04035872618565725
0.043788958914594514
0.04463882632769156
0.04580282164129999
0.04684238269444358
0.04695023726527922
0.047733397007760796
0.04940528150271886
0.05048029895113651
0.051601645045393364
0.05269473161659812
0.05630647010319017
0.056991635380472465
0.05874826120237867
0.05913765931409689
0.05961043143508254
0.05991803835821654
0.06085726006988571
0.0629706701792185
