6.938893903907228e-18
0.0051885878828959574
0.007001670414103869
0.007002192769203492
0.011521609720978798
0.018779597759517805
0.018782637890366723
0.0210751581916059
0.021738820081964913
0.02174268578873488
0.029977579378939377
0.02998150790023805
0.03105456548741451
0.04508950590024234
0.04618195915434444
0.04804550046368454
0.04804694820408962
0.052050527847462516
0.052057162149370964
0.05816423728278652
0.06593535041016854
0.06594611292440813
0.06993837973509523
0.07991211623699529
0.079917177381407
0.08092996351990686
0.08094696704305346
0.08402262637048924
0.08453890018475715
0.09560358314051638
0.09946731516759855
0.09949066925853807
0.10407005886659265
0.10408645096134798
0.11173983629981088
0.11967703584568103
0.11969743240456647
0.1224025998592455
0.12242487112189783
0.12274310060689335
0.13310768527443187
0.13519796228065112
0.1352150272605803
0.1460686411181243
0.1460972767845316
0.1461255165012974
0.14839272343102347
0.15611749597923458
0.16011953422494957
0.1601396041833057
