2.0816681711721685e-17
0.005553414734531003
0.013116881491670456
0.013118852237826764
0.018469331695231406
0.034263283958513795
0.03426510543359738
0.04822873762470546
0.04823634654473715
0.05321349000137126
0.05508914506795635
0.05642791649394114
0.05643025786828781
0.080062934311665
0.08006507902313259
0.0922742494979153
0.09912287712410194
0.10169601074340863
0.10170416548288852
0.11083297535012485
0.12071165280356737
0.12071710530261755
0.12085232250275214
0.14819583301863837
0.1482204046937475
0.15925091236005304
0.159261151721685
0.16336951050231613
0.16672121311621907
0.16705919731996424
0.16706705588855345
0.1805994047474896
0.1806199454526168
0.19478177449937534
0.1987445164439461
0.19875392650356444
0.2138950092228305
0.2169153618275922
0.2169211589129217
0.2358302737241472
0.24137443966033395
0.24138228798191547
0.25691226558068986
0.25693807819618664
0.25963523016131673
0.26983180540395724
0.2698576291572583
0.27692456298315915
0.29271157542835374
0.2951761900159334
