5.204170427930421e-18
0.0006952137559757335
0.000994046659277761
0.0010165127044180332
0.0022131058186894512
0.002269105688193397
0.0025477361621822764
0.0031534522344352084
0.0033978706671875594
0.004586224587708883
0.004723827464423912
0.004868937507519856
0.005017625611383327
0.005445556720424381
0.006328850114189799
0.006963816474850467
0.007602747580811966
0.007964324545259244
0.008023660744627617
0.008201652347825621
0.008600340389645073
0.009142777125968773
0.009295202487748547
0.010807504438009341
0.011244113226520204
0.011473978103900417
0.012186762842229788
0.012194910295148869
0.012353172436526545
0.012394826642478611
0.012911641805654102
0.013226517106068444
0.014357728219652999
0.014572095423576898
0.014960080898432851
0.01635081558914686
0.016480238833535735
0.01677172517757579
0.01735031349269523
0.017591645867648213
0.017687005715937107
0.01788050955484688
0.018114558731318744
0.018823351652050457
0.019044291294184362
0.020319812855232586
0.020596659157684313
0.020943908940154805
0.02170569821211859
0.021952775397142958
