5.204170427930421e-18
0.00295851744439341
0.012351170868775825
0.026893729227508496
0.04799018231596681
0.0759733429227491
0.0778857307786278
0.08302432678374551
0.09215777408982576
0.09892973603548819
0.10836355395281437
0.11330136094615434
0.11695324279766924
0.11829774493243238
0.14277403423699708
0.14296766317548573
0.14889414853693964
0.17697757118735097
0.19420722155511894
0.2149163195188577
0.215556187763691
0.21629936776034867
0.22421863227057048
0.23538343288315206
0.24637866374591977
0.2574537308150462
0.2633016886775785
0.27140565237487124
0.27361024920038274
0.2838952395485954
0.2929312411118289
0.3063519136560154
0.311169100014931
0.3135733943017338
0.3252588820920064
0.32921420799238343
0.33872205782863024
0.3419780777327248
0.34650308905552435
0.3628116626402352
0.37403001503753047
0.374232282849406
0.3845877874253378
0.4007291762533436
0.4062855799650943
0.4095484549767566
0.4250430873567555
0.4451154468288213
0.4560365462535095
0.45901851365970575
