-5.204170427930421e-18
0.0003876788134570333
0.0018703480364636298
0.003847862218934666
0.008335162293593287
0.009778572285701089
0.011951852129631934
0.015375763620661629
0.019168544437862214
0.022589560406522394
0.023322041425696778
0.023554977371288727
0.026464939086020836
0.030991283969521582
0.03444377234692751
0.03632921024954771
0.03916993174579257
0.042884104558553834
0.04725437231912047
0.04781151654385765
0.054625193365828835
0.057096895523423265
0.0574878947222875
0.061448120987636835
0.06176765340959169
0.06233550252148779
0.06781912730833499
0.0685903146421827
0.07058879102621347
0.07199782983637122
0.0731202985277776
0.07649891065068248
0.07837925639432013
0.08114306269921508
0.0823474311597073
0.08499436843910683
0.08539996579535519
0.08933742562934305
0.09111062903265725
0.092291354294036
0.09563837914941689
0.09931929624556678
0.10013026332635225
0.1008708570921841
0.10486770035542035
0.10723072964622918
0.10900742166743367
0.11086979310893162
0.11157861566305165
0.11225844637800847
