-1.1102230246251565e-16
0.005821970554097585
0.022085236441247588
0.04014689235801363
0.06680026574704641
0.08672510458735373
0.08836805343330355
0.09719326771705071
0.10504546050182242
0.1432230612957201
0.1569035804567831
0.1589607356575019
0.17669274196751172
0.1818807841119164
0.20782997957947874
0.22527544451305215
0.23510656202753585
0.2558634887443519
0.26388567852610717
0.28532841834946093
0.28838966273931615
0.3057984063555555
0.30815851862298227
0.3149180457131569
0.34644774409988593
0.35588750749320297
0.3686670841171094
0.3768095329881229
0.39948447131922304
0.41172727949030086
0.41473357691093743
0.414796992199733
0.4494305022971261
0.4693057862618184
0.4735653309477081
0.49214720557252356
0.502951531765219
0.5070206221214101
0.5387110284745429
0.5477587639540377
0.5598248044689967
0.5738877081423558
0.5761697625227569
0.5900186209965292
0.601905148244557
0.629094225263098
0.6311506054251504
0.6390293237343458
0.640679364410882
0.6578669574125413
