-1.5612511283791264e-17
0.0008304314037363911
0.002186701952688601
0.005775497334945106
0.00852244532209766
0.009385158197955575
0.010533961835133986
0.011863605197510079
0.013422192935690148
0.014724459273361518
0.017959248382610378
0.02056590981635579
0.021699353207697177
0.022312866317635273
0.025121621769067314
0.027563903373794482
0.03143717149592323
0.033390328918334426
0.03575624212577713
0.037852995587397756
0.03834606489875003
0.0419223705445671
0.0420853589003345
0.043888142468575364
0.044225906796373796
0.04747127452645707
0.04867521147795512
0.04976415674199527
0.05329727499324933
0.05543352797922301
0.0576072801894039
0.059062969064865446
0.06103440878257672
0.0637718238641166
0.06625983001255972
0.06891197668853191
0.07035699292537427
0.07186584879604956
0.07409898903791409
0.07714699722017823
0.07917599070676003
0.08132271663252247
0.08327981248177503
0.08350804700690956
0.08637655366824261
0.08713544800242955
0.08730515424546793
0.08857721293131798
0.08978149384214265
0.09345174669414076
