1.5265566588595902e-16
0.03591327003497646
0.035926580093365496
0.08811906715047024
0.08815050001701116
0.151288529687432
0.15135761510708448
0.15763997592130033
0.22348754662028447
0.22362708929599925
0.22493037550138054
0.2868965332705936
0.28704792256137585
0.30130155507019685
0.3014375224050196
0.377103203092687
0.3771749146299806
0.43126551995074314
0.4316638941492074
0.4660212775687256
0.46631686191604843
0.4697994092778572
0.46989455577101097
0.5980895592462508
0.6515608287252393
0.6519227348310167
0.7281731712516192
0.7314520150238253
0.7316769532490105
0.7801196832783277
0.7805341600854185
0.8074661392749052
0.8075790709795193
0.816735027873499
0.8171540738654446
0.8715493351018923
0.8719275959251116
0.9008278868286134
0.9010634771573739
0.9321537231218728
0.9328963549680408
0.9406018075923724
0.9409265642917817
1.0854534733483268
1.0856690069633677
1.0884224400152036
1.0886718746459079
1.142613451182814
1.14300172834931
1.2023724493477073
