8.673617379884035e-17
0.02824178030034935
0.028259683073750277
0.07304731775460052
0.07533688164015995
0.12865419008515025
0.12963092623006867
0.12984876730103745
0.1946553250911075
0.19513690569406356
0.20118523923833848
0.20137199643167206
0.22203528643485052
0.26767372234008735
0.26793822244408355
0.3128291518566617
0.3128834150091999
0.34171429739601233
0.34328297365920496
0.34357568656211607
0.35673579037692965
0.40279748128635817
0.4032003353141173
0.48905659137060925
0.48965117426372123
0.49511374181033074
0.512583650606694
0.6031215018706555
0.6096805631473726
0.6140389175410234
0.6523603195667198
0.6761386470496066
0.6768456433591745
0.6797334832692316
0.6798802371279578
0.7116580624652361
0.712175951942318
0.7329933112600275
0.7335292405621459
0.770726026409651
0.7711998065131253
0.7895653783242891
0.7910237486857485
0.8805154683403734
0.9044687266706831
0.907722296538853
0.9093794669923211
0.9327066075139987
0.9327933991819493
0.9533940689749854
