8.673617379884035e-18
0.00022721236775397231
0.000654427600123764
0.001965108405893706
0.002269889963888584
0.0036449908748990307
0.00453907623148133
0.005995920637518656
0.0071090732331522185
0.008377874729471707
0.00864133928071664
0.009330495955475053
0.00984419714913466
0.009931844023523808
0.010141337207802316
0.01141368370423519
0.011585127207116597
0.013053152904843856
0.013122034812389214
0.01353219440339473
0.014625717523876878
0.015419164311247869
0.01771481733748382
0.017918930424963814
0.018128421577947175
0.01946606106609331
0.02105810569493429
0.021188132084119238
0.023973350572769538
0.02400034442518595
0.024855006753694002
0.02722554140424866
0.027776096090124512
0.0282813229748164
0.028915751423955048
0.031423841874490405
0.03259758550445685
0.03313926031254041
0.033361128775886616
0.0348179657906203
0.03539511464258808
0.03548078742513842
0.03551349838474718
0.03555936660886781
0.036012305253750064
0.03795604416242984
0.0381788353053963
0.038253358526557694
0.03828531369939205
0.03875261317205721
