-6.938893903907228e-18
0.0030342498385419435
0.0032255048902463633
0.00668116948987822
0.008582519690482538
0.011619520422609038
0.012866641612825585
0.014654650730752916
0.015569151120587635
0.016357742710155804
0.016392073234568483
0.02398425250631362
0.025766553364551074
0.026048547976203443
0.028229271934619743
0.029543241227163904
0.030636400325621364
0.03417827966952631
0.034773158168061515
0.03933330134348592
0.0402210690180141
0.04061814483581129
0.04144863963072294
0.04634110902540766
0.04867387917673859
0.049117013606820276
0.05276274648126907
0.054428349426044804
0.054781772700147634
0.056566929443518814
0.05688920279657506
0.059541699628187734
0.06055695299786681
0.06089059671615878
0.06764221183435397
0.06981546420646886
0.07468684198557252
0.07499560257202895
0.07513852698812495
0.07618212184696421
0.0775987079123271
0.07953299808829437
0.08076160367116046
0.08190270797264268
0.0852875958528329
0.08817270038229419
0.08941050329315971
0.09045528148734662
0.09447845082287022
0.09664214227322207
