-5.204170427930421e-18
7.130975885329127e-05
0.0002783453975591845
0.00038549585309040346
0.0008257583978310903
0.001403484111074469
0.0015492994550193023
0.0017192399261190625
0.0018552025609604658
0.0026869014085301474
0.003695515815931286
0.004514913533806248
0.005312301616740379
0.005762391412842604
0.0058016499626873195
0.006022565145013094
0.006514695720947232
0.006881801089974835
0.007477689822452527
0.008273310743679497
0.009390597314787663
0.010257140511524565
0.010923110387567535
0.011089283196341537
0.011766881441482654
0.012006259957491253
0.012109197109038761
0.012304004305719039
0.013963838539117356
0.014360245227242585
0.015420687691887742
0.016489216487287385
0.016880071361508986
0.016897994671538005
0.017132147126122252
0.018423298987060556
0.02107180240634538
0.021451231636655084
0.02161208936138738
0.022405625335955436
0.022802396902992288
0.023088646411536115
0.023112869074224843
0.0232048313657841
0.023429056679834234
0.023715145131880958
0.023753670440383803
0.024050022569274195
0.02413138383859205
0.024170930097918174
