-6.071532165918825e-17
0.0018699029165768263
0.0074719726560501885
0.016799827447422887
0.030745310490887856
0.03919581407784524
0.06491929687811214
0.07089758822175428
0.07401761124983805
0.07985218373806126
0.08696173041938092
0.08801392100313854
0.0959560970182582
0.1105972819191744
0.13186626099961704
0.1387200115587794
0.15752496974071742
0.15805528265209845
0.15824287262333317
0.158480089235022
0.1586816164625943
0.1825340693358491
0.19658786336738904
0.21207125454006773
0.22487958487801216
0.25213751055901656
0.25984926298347283
0.2854113830925135
0.29804213491440773
0.3266429205391774
0.34494249755148004
0.35066586030505054
0.3519433918510642
0.3536462861499028
0.3549779147093883
0.36135997042253776
0.3715563487189488
0.3738780804145762
0.3744104106310412
0.37499530596871045
0.41175458015396266
0.4149928138259587
0.41606034890669075
0.41756344365615894
0.4180349681525918
0.4198658162079171
0.4430968224153585
0.4763512970170648
0.4774929304435044
0.49212220058314904
