-5.204170427930421e-17
0.005852051278065531
0.024044392268974084
0.042897097427814515
0.07199169477390786
0.07994377167513561
0.0845361136684282
0.09308322738843786
0.12313998693576554
0.14918670330152062
0.1580537044947658
0.15845237217627417
0.19120666076998177
0.20942004727449068
0.253817710137723
0.2650849617308866
0.31730161037300036
0.33724964473047075
0.3512488774452038
0.3540109594397135
0.36823234346714917
0.3752366806718023
0.3953643824238511
0.4156685146446481
0.41814112231062905
0.42691276826750973
0.48357466432304497
0.49065557289356
0.49766667755533955
0.5169726754828191
0.5582587571610899
0.570637862539121
0.5866561728181829
0.6280093786835855
0.6298855812481764
0.6449934084502728
0.6550781263411214
0.6793220364709982
0.6827138884983833
0.6971403669541409
0.6974154980837028
0.7318977046776669
0.7408792532927923
0.7526897989174031
0.7698647102418706
0.7750282640759631
0.7842248036174824
0.8019527674885647
0.8110428948450658
0.8124239365701916
