5.204170427930421e-18
0.0011515344398776023
0.0016769112399471174
0.0031971613699708686
0.0032018442031883382
0.005283950758102736
0.006601580970668168
0.006868312916160078
0.006869705554365143
0.008914199277637305
0.008934549855214554
0.009005875102076498
0.009007891343724239
0.01176591109020851
0.011768199146405334
0.012925699674145487
0.013180107343257553
0.01319111159001759
0.013501542423570762
0.016512324872696285
0.01652099878458977
0.018519466924764492
0.018535932292260554
0.02010408777785913
0.02011032614574676
0.021695115497114857
0.023286336587285246
0.023296488945509092
0.024884466692305728
0.025742218204296424
0.025797129344361673
0.026105294292201264
0.02615299247106346
0.027589266849889993
0.027602853875202366
0.029844904186329686
0.02988276378191343
0.03172978855630344
0.03174273205019077
0.033445879130668994
0.03346189611779014
0.03528867128511715
0.03646051239052393
0.03650785603647953
0.0374706390032216
0.03749387341035727
0.03822847090490957
0.040360281922808695
0.04039041351747264
0.04041582050516961
