4.85722573273506e-17
0.0011596555163290202
0.0011602727917593616
0.003034696865768214
0.003037940075594922
0.0032652036603271865
0.005020073610258425
0.005255933380953029
0.005264563589378324
0.005369682032080599
0.005370944489688313
0.007705113517180678
0.0077135600882885565
0.009805303206400906
0.00980813125880012
0.010025567353304532
0.010049831300587063
0.010276337358473527
0.010282519099383944
0.012846818200910581
0.012863701644332917
0.01333359551990857
0.015274069270374517
0.015291622537474346
0.016648977468730314
0.01668022538290355
0.017338033259924793
0.017356632296494368
0.017768563475824
0.017776109885660578
0.018003706384788543
0.01801380024483743
0.018763992244597072
0.018780714153170404
0.019288829034530393
0.019902429565961124
0.022758693201007082
0.022763490926363143
0.025159427872611224
0.025297193218261745
0.025850783576090046
0.025863793229988136
0.028297514459984574
0.028343813399962337
0.03239009243081275
0.03455246733517881
0.03459044564150883
0.03529594284749569
0.035336321076253806
0.03553227398326678
