6.938893903907228e-18
0.0010815296407022928
0.0010831288672773984
0.0017235422056180085
0.00264792297490731
0.002962890825673442
0.0029673634230583997
0.00319564542444996
0.0031978810984947693
0.005240286333266803
0.005243735858694507
0.006259678378827365
0.006263622008635254
0.008042414307238484
0.00822267042835064
0.008224668485841682
0.009092199385382497
0.009100917287136101
0.009572685820655359
0.010048047028278278
0.010066312832397976
0.0120441829281895
0.012058828902533061
0.01263899558448226
0.012649349630033143
0.013479220186286061
0.013490425785397777
0.01402270471515679
0.014033582561443997
0.014267607976892535
0.014274711014243548
0.016890074319754075
0.016907136445656126
0.017475209046439295
0.018621111601247665
0.018631971745497293
0.01874457276173195
0.018785306448648613
0.019365758490936733
0.019382747411262558
0.021990632328919082
0.022737235042585915
0.022762894167193785
0.023521191530171917
0.02354310676359083
0.023878284514529058
0.02390627412336186
0.024689162574469965
0.024717716539293583
0.0254881777632074
