-8.673617379884035e-18
0.007169920800315118
0.02901372906146301
0.06600238688141423
0.06866839074347134
0.06868755939193118
0.08307493878376644
0.08312224564988453
0.11018123444874449
0.11023647560574694
0.11786655529889938
0.15206792830742466
0.1521174258731323
0.18301004432967974
0.20979813751613413
0.2098330665144667
0.25660009097399694
0.2568237039733526
0.2580549820208433
0.27230836809732795
0.27244893637148754
0.2834237640829197
0.2834484444504438
0.303037940810487
0.3031709111203665
0.3393525225697481
0.3496578562135405
0.3498010113580924
0.3719145225304004
0.37194942590590335
0.4125136825842447
0.41265645910533416
0.4289699826814313
0.4729276590516139
0.47298394431464347
0.49166337295454965
0.4918129439024955
0.5330652354811459
0.5397538487073403
0.542271570903591
0.5825548105723337
0.582676400261503
0.5866566655002252
0.5868166645235896
0.5880707641818552
0.588174659178501
0.6191499991350892
0.6193448953722395
0.6532200207675594
0.6680475750127217
