5.204170427930421e-18
0.00014218387072994186
0.00041202269663072506
0.0005114611985490188
0.0009097167875061537
0.0011178150837936641
0.001349523911251222
0.0015739708651860296
0.0016352284602691152
0.002027485636677097
0.0023347699486559563
0.0026592002149122447
0.003126212486028632
0.003280695123765172
0.003519645153339938
0.0035779581204171407
0.0038923352128503036
0.004159136911651094
0.004312131884960515
0.004767383155197423
0.004880164247232454
0.00511323289307025
0.005343715189281343
0.005593532933786312
0.005960554835246238
0.006014118495660038
0.006324898325678429
0.0065094426230356255
0.0066231761795411456
0.006762115373947447
0.006775043482812404
0.007177004465699228
0.007543204846548053
0.007722533387846316
0.00810320492392279
0.00826783322983632
0.008475572165495925
0.008905192987031163
0.009150785410037809
0.009220349832472984
0.009697354080488866
0.009774965146779052
0.009979978170571233
0.010079787801641251
0.010197150926268333
0.010375002239046428
0.010599629530186888
0.01072223049266831
0.011180965003528982
0.011240154140542939
