5.204170427930421e-18
0.00012610144691625053
0.00012647614199824166
0.0002670010678529119
0.0002679184982967847
0.00029897833725204236
0.0003799030185717596
0.00038312132443699305
0.00045809682463355053
0.0004592545569569676
0.0004715271881401313
0.0005097772523555213
0.0005111032902467179
0.0005453745135200697
0.000547231647692414
0.0005700434802666885
0.0005710004054753637
0.0005862199793488562
0.0005865648497835711
0.0005946677165386636
0.0005964002634081308
0.0005994535418209889
0.00060861253401839
0.0006089225747255948
0.0009998223421382822
0.001002879443190904
0.0010130533861634726
0.0012779062927082748
0.0014163989016061657
0.0014191634000826885
0.0015934977257846834
0.0016003881615898052
0.0016997433895630798
0.00174846134543445
0.0017505644205424963
0.001980136903534711
0.0019855904623596113
0.002109660993378483
0.002113681520084166
0.0021444783652085735
0.0021518844667200217
0.002256889978504784
0.0022585456031391227
0.0023286488389527
0.002331249171885796
0.0023697589212577953
0.0023720697347439975
0.002384344201461684
0.0024366727014618773
0.0027249554547843155
