1.734723475976807e-18
0.0014416285587771326
0.0015076540092838556
0.0018303877437707092
0.004032746900201235
0.004163038362322069
0.0046079464681154265
0.005259726110091017
0.005349078941549842
0.007255794494006975
0.007995734300541261
0.008438167740315644
0.00887922719773124
0.00949399889964163
0.010128352223741198
0.010809987121512895
0.01145866475416636
0.012267630838156374
0.012892199440133286
0.013215761166061145
0.013959984961787684
0.014659557451670103
0.015768528715951968
0.01616066707980246
0.01626685188952011
0.017184111251152552
0.0175052106249624
0.01817042202117678
0.018433471593116743
0.018902835349253376
0.02066069114568416
0.020736744992737872
0.021753637218881704
0.022238433442359082
0.022905493365857815
0.024629025579956602
0.0251146064062895
0.02546721953288142
0.02632973181214837
0.026667242924161463
0.028560417283846416
0.029261161400457425
0.029829523286846835
0.03167350517001625
0.032957701841823166
0.03360467551490732
0.03386779735670026
0.034954990882985884
0.03534289021312961
0.0368623371878566
