2.7755575615628914e-17
0.0046440036300493676
0.009109697381655174
0.016489069130247398
0.01719038879344334
0.018556348075512916
0.021758986699254357
0.02637277158543251
0.03202923393117889
0.03274854123648062
0.036664793887231394
0.03726703258411454
0.04316043641753596
0.04684473377442008
0.053374010743986657
0.05612704137086214
0.05918060699609267
0.061595300764840315
0.06854145477069164
0.06859371172311055
0.0715550429849933
0.07278529385763292
0.0758632541046562
0.0806316999237687
0.08818411911715768
0.08988549385529922
0.0937064246315796
0.09996472815463378
0.10173255686041961
0.10312751723569356
0.11425259812833725
0.12165330652548796
0.12761792120930873
0.13088768283469385
0.13351560839930462
0.137427391140528
0.13862856456298228
0.14040350385870023
0.1417879621484481
0.1464549190818409
0.15200737305944403
0.1559172595243918
0.15898394885777717
0.16506276991576468
0.17374874965921128
0.1821556250135522
0.18506632714427354
0.18635718933121287
0.19247479489314673
0.19679734388578307
