-1.0408340855860843e-17
0.00013002262925788238
0.00033245569220580196
0.0004468224820922736
0.0005918795897753588
0.0007084922302751477
0.0010562280276598147
0.0010640624329368662
0.001160392082436611
0.001535873432647267
0.0015817725742856385
0.0016459325674678445
0.0017749957519224598
0.0017825017763961684
0.0022222537885467075
0.0023444330478101846
0.0025360388294507624
0.0027304777359774043
0.00278197046194183
0.0028775877206365288
0.0031374279801740634
0.003354628312887256
0.0035151250326285015
0.0035253604533631074
0.003657780551127367
0.0038737994729442626
0.003974882085924218
0.004007014037918345
0.0044497860930867526
0.004743310607411531
0.004848160731362008
0.004905780508482288
0.005020861815780993
0.005195679937454598
0.005272869876130378
0.0053121208596860255
0.00558690335502938
0.005784775870217232
0.00585285345203365
0.006098795449423279
0.006136994185786117
0.0063023982510450344
0.006408118301293666
0.006569363950036258
0.0067464197520356334
0.0068964243725754566
0.00731295937687323
0.007377267193317617
0.007551324802131077
0.007709598236466981
