-5.204170427930421e-18
0.0017407497311425942
0.0017698003601296433
0.0017979378012932049
0.005134768955598827
0.005174902802162441
0.005273339388235163
0.005372555583096088
0.005416556417974514
0.009902400687599138
0.010094189456229084
0.010205022704213135
0.010274684120597037
0.010731752856872624
0.01094206066497429
0.011141525433885585
0.01604203829618108
0.016184489632172915
0.016309228227453752
0.017121226376755554
0.01735677664412809
0.017602215660806678
0.017734820656305855
0.018120361838489564
0.01822527082342127
0.021796132936920475
0.022001619420702022
0.023031391903063504
0.024857859010552597
0.02517355591529523
0.025506728152176555
0.026855948494104595
0.027593384127679324
0.02777259459571467
0.02886409242052234
0.03052346813900144
0.031979864719796094
0.03244285042725438
0.033586285726442996
0.03467276389420516
0.03526067048090822
0.035907105969580994
0.036503777971724306
0.03734099580453766
0.03808115813895565
0.03883567762680156
0.03926412211625189
0.040587411464633974
0.040884371595568396
0.0418537962452278
