3.469446951953614e-17
0.0005839238752936935
0.0007626542845316948
0.0016451745255229196
0.0017441873871797391
0.0022731418501576416
0.0027696001261561885
0.0034500458870111335
0.0037890955929979746
0.003967047180743054
0.004024607916255604
0.004466990992884175
0.005176784477758857
0.005576080990282832
0.006108050635706226
0.0063133770436230256
0.006609622666517134
0.006662604778399769
0.007089963665779455
0.007566319927402991
0.007827141417867793
0.008252139071027257
0.008540574841704488
0.008989488020609488
0.009239668319651081
0.010099579055676695
0.010371504676528592
0.01055769302310171
0.010726509833736743
0.010879173454107703
0.011306334170069965
0.011944854006100866
0.012189105851335967
0.012851947883293512
0.013047203273411351
0.013639856517511323
0.014049261854953211
0.014366389917211767
0.01477100944130153
0.01498091781740289
0.015424408898565044
0.015798009542237493
0.01598195116409358
0.01646633836604621
0.016783483604607782
0.017332313516036257
0.017877981373777482
0.01826059662668194
0.018490333545328086
0.01893282424463899
