-1.9081958235744878e-17
0.0008306507908798309
0.0009231489673721047
0.0016515918655776191
0.0018996112944986328
0.0022758435153223053
0.0029084368338786037
0.0030709185710362224
0.003676901597489887
0.004189243602836847
0.004263987302314294
0.005045130354351675
0.005715368577454716
0.006054957787290359
0.006126391655696556
0.006310613844743506
0.006978325815391541
0.0075695884368662866
0.00814576782770853
0.008156874722479389
0.008611858564759779
0.009173804460315698
0.010336062901709945
0.01068602967148243
0.011008567499865932
0.0111574567115589
0.01129808238201606
0.011347481873823924
0.011708063038212082
0.012547353283961367
0.012602986703078712
0.012901410449714443
0.013265315097284186
0.014486455422802599
0.014510191547771658
0.014999480439622714
0.015584719942254384
0.015621176253419885
0.016344998296894772
0.016538928454270442
0.016842954755660736
0.017406391686140957
0.017931452601053
0.018269865228633074
0.019121560977534376
0.01917840090517714
0.01919797668973964
0.020112875942268814
0.020237068471069077
0.02046007790405162
