-1.9081958235744878e-17
0.0015405886664204716
0.002475079433387801
0.007150273255302682
0.00823462619557133
0.008653175887246059
0.010544705470906144
0.013746844440413944
0.015462458501480291
0.01784560372845772
0.020138993407556538
0.022921347108490996
0.027034145296109417
0.02755638680218523
0.02992442164130764
0.030926176590311216
0.03299147758708186
0.03321439198088297
0.03658147048397504
0.04094991723386968
0.042677601039846864
0.043460015507936295
0.04696004111619163
0.048220423571851814
0.052740488959168226
0.057089443931677135
0.058275865374028825
0.05937868037932995
0.059793928194021274
0.06303601198835815
0.06436987583773197
0.06545561347479567
0.06765228586714288
0.07161321688656344
0.07432480394028558
0.0755322847645816
0.07794366691334015
0.07898172100777855
0.08220407671100827
0.08468497948487282
0.08870317923038784
0.09004712442698515
0.09296872903768486
0.09619265753695262
0.1002092382979752
0.10235993098914384
0.10392384545531429
0.10445802656170473
0.10599473563502662
0.10819828766686133
