2.42861286636753e-17
0.0006278186487740402
0.0024376211915391674
0.0040923200548460634
0.00621333293248068
0.007686458238775151
0.009236662824207617
0.010046805417603473
0.010306105890859186
0.010617878078691073
0.011434692917266486
0.013924587050242477
0.015239496899899384
0.01551505579195798
0.019277181531643504
0.020122609336451915
0.02057295830880903
0.020998104588873925
0.02219337593273566
0.024312352706067145
0.025589077535444087
0.026824613082373813
0.029779732435298654
0.0316022295293836
0.03257455596750701
0.03329038936268262
0.03420680122130485
0.03582741716797703
0.03750530708806954
0.03811808948693619
0.03827602169853735
0.0397402042342789
0.04078630306495929
0.042160071024707826
0.04399553568717666
0.045059299682107284
0.047416733233074035
0.048398575124659234
0.04889054529184533
0.050633753398109736
0.05123065694155249
0.05179783457933389
0.052881769486826054
0.05359777615006089
0.05465172389460133
0.05627258470362912
0.05750174861522068
0.06039028056090943
0.062063438899465743
0.062295422289805065
