-1.214306433183765e-17
0.001771628533732951
0.006763465446738502
0.009818210011909244
0.012740211369370891
0.014063286263625433
0.017003650640319827
0.020263905947844787
0.022858182221913215
0.0257600176628106
0.029379260921873922
0.03323930114267913
0.03712069253574641
0.03762305013311749
0.039342838846458464
0.041811415620496895
0.044412566383823224
0.0492326042134417
0.05365312945166396
0.05534956072027437
0.05809704913872838
0.06182019391929546
0.06569080899191294
0.06680632320540225
0.07045662513194728
0.07519868859439255
0.07671520343923538
0.0800809832725189
0.08127331240343874
0.08245660202208428
0.08692483232618055
0.08940888905768715
0.0912418416409424
0.09431393163788768
0.09736837489888514
0.10043405833910243
0.10217248076740583
0.10423679569651302
0.11006187827393013
0.11459712073152652
0.12069527396809739
0.12116279603546533
0.12407071870591539
0.12896938369587227
0.1303648709127142
0.13310808293548151
0.13531676885096056
0.1372730120684152
0.14111376267337414
0.1423092669192027
