-1.214306433183765e-17
0.0018089107295284138
0.007040974611810675
0.010603849229359296
0.010604566715100185
0.014685154333412524
0.014687120377544062
0.015295408326256242
0.02182600538921932
0.021835817315553042
0.026281512366792777
0.03217672985043898
0.03218232206672135
0.03844776562612927
0.03940845817821105
0.040201721226304936
0.04327523890912761
0.04517251544453409
0.045285368026284606
0.04531921940901437
0.05211096740898561
0.05355661443119757
0.05691027666219684
0.061000527877031425
0.061040441199949204
0.0644099077955214
0.06620108799578912
0.07562503003687632
0.0796057577154608
0.0798570723084099
0.07988852893022873
0.08240480680332443
0.0856700886049336
0.08568790283364673
0.09167630982265136
0.09170304139323664
0.09623414962029178
0.09754240621558947
0.10032071214562271
0.10064882920086565
0.10067305834491752
0.10311678523617016
0.10314277011720592
0.1148559725628191
0.11487437750584409
0.11749707195530744
0.11944710998034642
0.12136689794659584
0.12649212314644104
0.12655576737024468
