-1.214306433183765e-17
0.0019413171635227003
0.007543569067186553
0.015782564484517467
0.019275708572672995
0.019602283674858584
0.0277979131326355
0.02872716003124312
0.029142261462393168
0.03504683326395879
0.036595624565090676
0.043616118556704324
0.047759184229637396
0.048677458841535806
0.060314908119633255
0.061759327000440546
0.06330458655089269
0.06887538173754557
0.06938149857111912
0.07796264957278214
0.07932734257086746
0.08307775565882643
0.08628583032596092
0.08849530603101684
0.10020781018324101
0.10261632436877775
0.1037638406239285
0.1037952658226105
0.10839454830779284
0.11467201416272493
0.11810196039523822
0.12370769676910993
0.12763409594613426
0.1341018051743987
0.13430437275875132
0.13726079881143363
0.14863403970966665
0.14957388272085193
0.15223155290408463
0.1546530379760731
0.15619323333569052
0.15865529548049823
0.16544837439561783
0.16857863805265613
0.174123574294855
0.1748092345981291
0.17874454758041466
0.17932590462712733
0.18656662543075694
0.19801914520586522
