2.42861286636753e-17
0.0012046868716198682
0.0029315287685967428
0.003215742765744104
0.004795420224239523
0.004821978136284414
0.005777318693538669
0.008746180903011299
0.010378895792862079
0.010445945193784357
0.010667639780434756
0.010682667603055756
0.01330276912750245
0.013672524901276377
0.015012212150257493
0.017448338968011692
0.018115194364681023
0.018448169918739953
0.01856241739471435
0.022268764844792205
0.022583473096734315
0.023507427738400026
0.0253087415441118
0.025598633335628333
0.02606349365614586
0.026571856693681853
0.027023173493462928
0.027629726979980514
0.031347223368880864
0.03201402397039804
0.03397266856088814
0.03466185992236641
0.034931026726849605
0.03726595538262743
0.038153323720683925
0.03870152947041603
0.03894852571369689
0.03955192460299169
0.03983609452829975
0.04374601813458656
0.04390050656170426
0.04582104258519639
0.0458563857755279
0.04723299323658205
0.04867010018431557
0.04892386377440688
0.04954618720920287
0.04996603007633528
0.05011896073460504
0.0531619233485651
