5.204170427930421e-18
0.0006494043709111136
0.002589387489743364
0.0057892494940735475
0.006644846368861928
0.006648828527465138
0.008113820983759677
0.008116091936578017
0.010195731781155024
0.010676787072359794
0.010679794810965848
0.014423990663801739
0.014427580359615782
0.01570870890785745
0.01942193575697433
0.019429416504048815
0.022231685796883546
0.025113960838573958
0.02532771366899044
0.025666431432901794
0.025673784723905697
0.026669676624029533
0.027216323826669865
0.02937333218967509
0.029616535548803134
0.030389231167454678
0.03317850130941175
0.03318927211281988
0.03331004343835423
0.03482044186796674
0.03781705204271784
0.038560063387588515
0.04054141334292852
0.04188651917948143
0.04189592736569585
0.04510182618592496
0.046874869834782076
0.047482180269634654
0.05173952226600522
0.05174840158982803
0.053022059047952895
0.055695242702289254
0.05595380989229428
0.05597457442910971
0.05694862440733813
0.057824871537079846
0.057835590561466234
0.06097208605552639
0.0609782245988077
0.06224808420597088
