2.0816681711721685e-17
0.0024632623024773547
0.009764500882297229
0.018744848693908037
0.018809187101149635
0.021599075619368684
0.02410031248037043
0.024385416287623127
0.03358631103011962
0.03389145492209095
0.037740245658491975
0.04768398139448786
0.04819901777494888
0.05716122720888212
0.0663489044670041
0.06721912173504993
0.0702907609450999
0.07046585780046391
0.07656054921660421
0.07727316815767071
0.07992868568283396
0.08740560517304405
0.08903184735575104
0.08983676614639927
0.09148408819225785
0.10320461338962172
0.10487934330658127
0.10726388678570643
0.11642940871932574
0.11950144400839142
0.1241491695358808
0.12684895290482195
0.1366304936662912
0.1447826243271653
0.14959887760758322
0.15149164560451103
0.15409809164379568
0.15516439511701757
0.1555207611985945
0.16221467865033348
0.16257839563599047
0.17002886353639118
0.17247787933435615
0.17548625087183964
0.17716602227732114
0.18020462893647515
0.18482328719091973
0.18746946634557687
0.19125094011339352
0.1932375968281744
