-8.673617379884035e-18
0.002361146760856664
0.008860889590876586
0.009687568648300776
0.009791500137271833
0.014344292664529948
0.014792807536731541
0.019598004693985795
0.02273651704842123
0.024589222164671375
0.03321461498390262
0.033740147719264826
0.03471282428411197
0.034987905981503906
0.03845073293054612
0.04006478191716754
0.04251756664123707
0.04825763144231926
0.05121883359763385
0.05167171534295599
0.05393144733015453
0.056988969853045184
0.06494550502934268
0.06900033657902828
0.07145331807546947
0.07208178458482639
0.0746033800356442
0.07547849532753022
0.0765014796039181
0.08159256785496526
0.08274281165799921
0.08596710368591813
0.08860195836667392
0.09273963343336539
0.09439206582072747
0.0962393745816832
0.09740391270304616
0.10056146574237067
0.1064638732563313
0.10855166226163004
0.11443797164262787
0.11761415772597418
0.1199226610637784
0.12128622921288419
0.127543970515728
0.130263648362816
0.1315963511389428
0.13252945138101763
0.13342755663221273
0.13712937411667586
