1.734723475976807e-18
0.002452552120811668
0.009569060700050867
0.013834563770346907
0.014866708592308172
0.01805942508602721
0.021448972900131237
0.021669572254909765
0.02595417402229603
0.03173562667582692
0.03731385963447015
0.03923536327075641
0.046753823357502805
0.0525326577231189
0.05295549075545871
0.056011779767781274
0.0571453615472231
0.0610417272905119
0.06114088509574001
0.06590174683752856
0.06892948065411726
0.0714141545697251
0.07782412717690329
0.08154200420551551
0.08405786168641304
0.08727475971833712
0.09018680868534716
0.10131301991977563
0.1042950726297854
0.10619839620002156
0.10966854904182123
0.1157530646483549
0.1160359653509339
0.11819344259803997
0.12457162830520678
0.12593278203364558
0.12733409720311276
0.13070656749804746
0.1337054177328098
0.13752963611022007
0.13841755922780347
0.14034085220731415
0.1481059153034946
0.1526596708287079
0.1538407123012702
0.15648488482220935
0.16158302939776753
0.16630154700330887
0.16963913141369602
0.17323950076269204
