4.5102810375396984e-17
0.0006618371556186813
0.004108521494199428
0.004946456240510797
0.009417386160166337
0.012856577093273402
0.01482232251297298
0.018778181072032524
0.02420798830767864
0.02472820488778324
0.028942465120594695
0.03352983035790675
0.034648503299713695
0.03714470213775118
0.04283175649556637
0.043855479299307824
0.048280208447389276
0.05032840831274738
0.052570403232885095
0.05535542507732722
0.0560858559599682
0.06204715643995338
0.07350106546658197
0.07394057115461979
0.07884277419203554
0.08181701069819271
0.08626492436302322
0.08825207334028888
0.08856231660824919
0.0910269438930025
0.09602028439791933
0.09780455528753317
0.10235006596914203
0.10746454422126558
0.10801506418037371
0.11254524668127597
0.11613158540734696
0.11782922325743041
0.12140402938830304
0.12548757906558494
0.1306228334969133
0.1315528808035404
0.1356363317156058
0.14022706322218903
0.1405866832795904
0.1433834165525755
0.15005062250103823
0.15605047664228128
0.1577508962281483
0.16250475128778527
