8.673617379884035e-18
0.0016655063542577835
0.006619322297887189
0.007084053968187598
0.008053401919507012
0.0094949683381079
0.012493148390613265
0.014699357551326663
0.014984434482760342
0.019916394998677464
0.02384643858616628
0.025125189328778774
0.027555084704840395
0.027868667671058
0.029842125190132095
0.030344051408090197
0.03262919857053783
0.03596257780675088
0.036136218971020075
0.038744567259254355
0.04056332951209554
0.04377535146891631
0.04664121774751864
0.05087776606944016
0.051663774783782236
0.05267628365864133
0.06000982364467381
0.06007642311783606
0.06067038283156554
0.062161703355236096
0.06391352474027936
0.0656956373334764
0.06590503479532042
0.0662147957710531
0.06860285945381527
0.07308493622074178
0.07338327577974432
0.07778078062587584
0.07994284986964893
0.08167387813325203
0.08324276109091966
0.0849646576355114
0.08710392507513084
0.09113722697334545
0.09137384980050263
0.09978943529845793
0.10200783603721794
0.1033885491004106
0.10364987752167491
0.10639112863450657
