1.3877787807814457e-17
0.0006698886344616052
0.0026246537432593163
0.005841817310702034
0.00740657642565337
0.008096109543466625
0.010251838814744998
0.010514066748767816
0.01121887738889908
0.013549242574310562
0.014620835176183516
0.015695219824588998
0.01652066739800917
0.018876103278374405
0.020126278974097994
0.021904845861214446
0.024327421451821707
0.024793134703313374
0.026912595002021845
0.027661630993138377
0.028815757444012866
0.030647813808194757
0.031056316649865794
0.033623816322704815
0.0342621401418363
0.0361957135770221
0.037851630588056094
0.03907559865407063
0.03998743535879602
0.040672757196417074
0.04446678824445247
0.046294625596191984
0.04644928125816691
0.04726456199099793
0.04839251547591961
0.05272795884959048
0.05276139223787236
0.05515613880415773
0.056290801988484886
0.05759715824480339
0.059157442634675685
0.05952783762244921
0.059639091209635585
0.060590230750953496
0.06486500700094341
0.06723837273805026
0.06736916647315627
0.06839928253359828
0.06982915856471537
0.07035586025813938
