6.938893903907228e-18
0.0017831046201537692
0.007484933118957751
0.008530000744869816
0.011647724892543886
0.013451080813337077
0.018297909329902363
0.018799244901216497
0.019566253822578386
0.026640714949707142
0.028701832645653305
0.03124807157105485
0.03296011878345717
0.03621239469606282
0.03854705667881256
0.042447752363262106
0.047332037033353515
0.05036376492972334
0.05192423514028283
0.0569589943403948
0.05800115188507662
0.060443976932273207
0.0637463972703982
0.06520909375601337
0.06662249098238829
0.06798215503260445
0.07067120283448386
0.0735497246280274
0.07609623293537883
0.08007665665052151
0.08180941852517935
0.08721521827502762
0.09012567842579053
0.09077058396112367
0.09268943521299926
0.09704351001644643
0.10110432170307329
0.10727750041374731
0.1109320432164519
0.11177971909381126
0.11301344628096405
0.11512594073484193
0.12050596093885184
0.12206220540729644
0.1271594349616706
0.1292793514258629
0.13052839651708043
0.1330816540731778
0.13542419905372913
0.13742568162400845
