-8.673617379884035e-18
0.002743945501391551
0.0052958341310932674
0.006749021337014003
0.008799676301310582
0.014918154749746568
0.016357188406403073
0.01773270085825225
0.018509416554487353
0.018960342300305445
0.026440998987235065
0.027849006432913555
0.03123511208678019
0.033033415121072454
0.033273666989232766
0.04080656925941696
0.041526835480331224
0.04201721881722717
0.042174106406971154
0.04600301184321225
0.05097530212765696
0.053300599625934274
0.05603503813245305
0.05618194490930504
0.05659801738123955
0.05934724003765832
0.06136617970199496
0.06446332248315415
0.06499565300767586
0.07192308933048665
0.07200144536789453
0.07678363021979566
0.07931062530273353
0.08069978170932185
0.08489620461612156
0.08633414196730516
0.09073524322136892
0.09219647408886014
0.09706616639652152
0.09789619250775253
0.09883865093049617
0.10048699419254359
0.10308010362046761
0.10813932820059685
0.10985081854197258
0.11229441327864588
0.11728824477092022
0.11730531598463208
0.12028335101055466
0.12076669156643506
