5.204170427930421e-18
0.0006763637548137403
0.0027193665492437763
0.006739486651835299
0.008360520767176837
0.009310880004926388
0.009483599245159966
0.012827130057813009
0.014295997855439791
0.014863842161233405
0.016467145071353745
0.018320744914059356
0.020315716393041743
0.023261414288289928
0.023753096922876173
0.024946125625030298
0.029311797560956518
0.030770134971955916
0.03201563916040704
0.03246762481880264
0.033877212885550886
0.036443001384750665
0.03714449457469788
0.03911693878269774
0.044006899942944724
0.04492940980106981
0.046246455337196735
0.046507853056908584
0.04814637302839351
0.048320255328519836
0.04999609183783091
0.051695232277085064
0.0531108607886071
0.05590045941336034
0.058175033133268904
0.06211977660423874
0.0624159086982723
0.06256763894988752
0.0655036746332945
0.07009619779668427
0.07068710099438684
0.07257159522367619
0.07324296133641878
0.07434597363269407
0.07581127833286393
0.07614745154924919
0.07811357125013325
0.07856647779687734
0.08008809489150129
0.08231319795163226
