-1.214306433183765e-17
0.0008338648125354557
0.003716943377070892
0.008250681509121486
0.016791672691335087
0.024559114764329218
0.02707887107206919
0.030980729292310896
0.03810844887326601
0.04947067275253241
0.06043970038887749
0.06281391512844621
0.06451149286370662
0.076549649016643
0.0782537177086748
0.08240432154485373
0.08255578638838182
0.08345887920300842
0.09704087968304233
0.10736078324800082
0.10822806933510447
0.11539063613439295
0.13719699789378748
0.1380804200173703
0.13955887820189833
0.157575865339237
0.1577988427114723
0.16185982598391496
0.17579840561132887
0.18108886604443777
0.18399063532472765
0.19761065454788468
0.1979648967355948
0.20645996145656945
0.20648839388046147
0.20700284577023906
0.2111092160053978
0.21949870644515723
0.22037408990558455
0.22042122972341233
0.2304412471190719
0.23054700163028738
0.23118090343060063
0.23130467417241113
0.23662406831522795
0.24539393604585713
0.24589380329692417
0.25338817020186927
0.2536756040854096
0.2563396862676651
