-1.5612511283791264e-17
0.00020349644042557714
0.0003510873065820652
0.0005454977755128421
0.0008401391519443375
0.0011162033281157339
0.0012643008309308913
0.0016219834803269592
0.0024281650668457853
0.0028445258857375637
0.0030373031295623607
0.004276782306418
0.004855657896623606
0.004943614798350631
0.005322813467512243
0.005705142507306566
0.006600735306059159
0.007514200726888983
0.008124428288996203
0.0090064060547643
0.009731438775424235
0.010887448050238594
0.011281019352931394
0.012092292245041209
0.012874373492352641
0.013260277157091596
0.013813610676639035
0.014589069532708632
0.015259211599871024
0.016223185308210118
0.01650990621952894
0.016945931314243656
0.01708517304735651
0.017804522317543932
0.018697375690374905
0.019553511082703298
0.019822600215533573
0.020585807848552108
0.02075167919489901
0.022284382872895823
0.0231358652704743
0.02327707111950157
0.024217013661458037
0.024445499387059026
0.025242978395279052
0.025868463761531797
0.026495115177966454
0.02740717439812139
0.028244744454699836
0.028453397263853167
