-8.673617379884035e-18
0.0005668371811100824
0.001426592173596095
0.0018338880606201709
0.0022013021334692327
0.002424571785367216
0.0037172251301544317
0.003973416155338741
0.005361852802484208
0.005921321805817779
0.006387583010482671
0.006898624970272231
0.007080528572946743
0.007124144033829176
0.008731301055839578
0.008819053651326401
0.009943497849823535
0.010347750448674727
0.010833612822857734
0.011712572911279992
0.012429520542037347
0.013372623565219325
0.013895187870251178
0.014361401071736774
0.014384887139137438
0.014843206535221259
0.015350460023934613
0.015703161434580393
0.016388368491346797
0.01731230568444022
0.01813656757698165
0.01848273675849569
0.019410539627111756
0.019730506982665687
0.020059913645315106
0.020801034574880757
0.021722370664701833
0.02207434852613912
0.023430513841381263
0.023502937075419172
0.02386462548455108
0.024608212072179225
0.025189465854985063
0.02545227194424611
0.025875165199413235
0.02649071033066122
0.026510354538218747
0.028217170713070498
0.02842574143994281
0.029429865370881547
