-9.194034422677078e-17
0.0115018182228481
0.018069942443570623
0.03898595859925163
0.04316883758716496
0.05830908379505701
0.06281217268732656
0.07053001115511245
0.13124683111734547
0.1640135076508076
0.18113147651229705
0.1962524052550552
0.1979243824150814
0.2099560958792397
0.23567900633565067
0.24009352963712743
0.24919478123769134
0.2515190869723976
0.25704866857059333
0.2661738036773537
0.26643258903115374
0.2732529884677497
0.27506839993955096
0.3484027860583203
0.35233783231488425
0.3542645546024037
0.4043746977101482
0.413334106432891
0.4196065384107761
0.42167019496412045
0.45633392773640835
0.4577730974999209
0.49107448856002844
0.49813035407280937
0.5054953256660301
0.5216515328711493
0.5695729403185811
0.5705033244959503
0.6068463431195327
0.6233650466850152
0.6652455210028353
0.7015288209648489
0.7091765448353287
0.7147476069714169
0.7371746652273926
0.7419985843068367
0.7425450276721118
0.7542718538502416
0.7669639753884302
0.767742892011861
