3.469446951953614e-18
0.0019008012992747132
0.0035346499193393346
0.005500381366835876
0.0055944236916546115
0.0076948844850664635
0.010756385342970033
0.01115959976766759
0.01413694959541993
0.01617085180286021
0.01693858009448536
0.01714177631611582
0.018974252793225364
0.020160433494950156
0.02204895335240796
0.02297281571058534
0.029994230593800734
0.030330465337895046
0.03069548776790764
0.03178802555364068
0.03337915029883899
0.03402136018716326
0.034921187508660884
0.03505382914590295
0.03937512023942654
0.039679512500671976
0.042922935426484926
0.04378499919311409
0.047637233732604325
0.04842613759383799
0.05004150419778825
0.05179822064114769
0.05294409395560213
0.05643930736783969
0.05700422060165732
0.05861581149598844
0.05895102365143675
0.05940786348432018
0.06308670818304479
0.06430894478878063
0.06487569232696574
0.06509760788277207
0.06758552793573538
0.07031323237045184
0.07335654682273092
0.07379317474668469
0.0750311901750118
0.07643519738910452
0.07735604664681003
0.08148153676425149
