-3.660266534311063e-16
0.000898189843203976
0.0039399073307478695
0.00966539866121222
0.01816555340415007
0.029005903305010537
0.04143897688080832
0.05273886267181999
0.05280033902595122
0.0551769590142303
0.07076230806065671
0.08016165667439477
0.08199999156356778
0.08202649080853057
0.08724707372579873
0.08771229491409346
0.08850889739476954
0.09565999137618099
0.09616720970729711
0.10619776381501636
0.10708206237916151
0.10760197591060593
0.1176574417471475
0.12116446644201743
0.1267778967288563
0.13179026858209575
0.13664564721770187
0.1406913613089099
0.14695006566637497
0.14912007643889796
0.15076337023753328
0.15788778846011395
0.1628848218770132
0.16952439484184995
0.1776568994648199
0.1805407219458996
0.19199027816648917
0.19381284195100104
0.1939750582717663
0.19980016776335308
0.2073523155137655
0.21571310344870168
0.22603796831590478
0.23739165769675827
0.24014680630494895
0.2545126804981564
0.26556029989419455
0.2691250807178613
0.27557890829396176
0.27702401637576096
