-2.949029909160572e-17
0.00010771829675465527
0.0003037362120203932
0.0007973981491969165
0.0012847848355292645
0.0021976721834198153
0.002394983472170511
0.003495551327393851
0.004483953205489966
0.004734056695972605
0.006866744067815877
0.007788374963633318
0.009199665623690114
0.01154650641695698
0.01221762239126586
0.013662609307829936
0.01395976376007623
0.016131336927306526
0.017870267385453657
0.020298853512798455
0.023721516710942248
0.025467156187694545
0.02734602244824616
0.027825541830353913
0.030303628197905004
0.030689554644657856
0.032461793450634296
0.03519749114910853
0.0352938638033236
0.03604394452298281
0.036322781672273506
0.03717754859372093
0.037508378579885045
0.040061295215720646
0.04117330335101506
0.041550033008961595
0.042280680801717804
0.04280368725937111
0.042892461238594026
0.04332444058911271
0.04527514790308693
0.045579362350998874
0.04641385054481571
0.0466218076904484
0.046890467179486715
0.047243799238144146
0.04806824371108326
0.048462411977474695
0.0495878217822196
0.049704332734935734
