-1.5612511283791264e-17
0.00042161470693423235
0.0013163314886508737
0.0017496894062209913
0.0018034566894992235
0.0033571316605156814
0.003592097726680262
0.005094860659212896
0.005495645669849
0.006383236037116139
0.007236765577490237
0.007687155381992496
0.008636655518696043
0.009267918152544045
0.009523297962634238
0.011136533978193407
0.012866164660439444
0.012968985500521937
0.013912119954775598
0.014046769028471668
0.015507885028401518
0.01604118559900932
0.016439071520851105
0.017520875803951716
0.01791968253638633
0.018601650110923677
0.018735325062590708
0.01888516704518363
0.02032701323717611
0.020625380332365426
0.021982457558889966
0.02269376555400291
0.02279014373821555
0.024006026187593926
0.024074287959187098
0.024844010504392652
0.02486836896461339
0.026206374715621247
0.026381765480581867
0.027451930842163928
0.02837401094601861
0.029505978684078567
0.029578021785619954
0.031126260914109936
0.031139945677877312
0.031690882159993314
0.03201654924261881
0.03246910970186639
0.033174532540846735
0.034704093360022746
