-1.682681771697503e-16
0.029305424131104554
0.06573241164894257
0.06575523880869581
0.1177333339783972
0.11810694613517918
0.1181578897171534
0.223383306479758
0.22340166623045646
0.23143218010062802
0.23151708210238228
0.2450597596252732
0.2855084010366007
0.2855506819979758
0.38641490561338665
0.40560198934910496
0.4057897500955024
0.4189215875940148
0.4189807004895237
0.47696030680691237
0.47697990147767116
0.5381244586969188
0.5382153933256955
0.5727438991652994
0.6005759491454168
0.6008479515269103
0.6278843144572018
0.6280258768035609
0.6861653133450478
0.6863310480836798
0.7968845227682134
0.8117680895805852
0.8120141979441114
0.8239429896992888
0.8311704852760866
0.8505963710069738
0.8717784864939221
0.8719968184060972
0.9235633698329714
0.9238080125732928
0.9336059926128049
1.0093071056594214
1.0863164935812886
1.0916413320481997
1.0919319724750505
1.0933480440457355
1.1140030781296915
1.1141524079688294
1.2109869912644005
1.2112369830821792
