0.0
0.0010279146004261216
0.0018652525740524544
0.002045035865181748
0.0033984358619663993
0.0040307277357436375
0.004397677176511974
0.005903599616432694
0.0068339319825585585
0.007190517484932641
0.007445463711964783
0.008383370645962293
0.009010098530781817
0.01040899571143772
0.01148098187054719
0.011767427750394239
0.012438448085873808
0.014129094514276895
0.014315282204466493
0.015285929529907474
0.015532701385128621
0.015575561187483449
0.017096038291563184
0.017472916246890312
0.018794016751847754
0.01977379176011304
0.02065616983857743
0.021387065674738817
0.022758319834806875
0.02363230276185887
0.02399917866642176
0.024091417572228775
0.024265403775786856
0.025103995200018096
0.02571941785443311
0.02774451205622333
0.028267775854230424
0.029164829473184974
0.029672216287153573
0.03107411282123941
0.03122846918657981
0.03168386399482461
0.032854279456164356
0.033499486755292573
0.03576061496932411
0.03582206643845842
0.03670807888742415
0.03687685262000565
0.03698658309675358
0.03796747676960048
