-1.0408340855860843e-17
0.0014587572540526745
0.002271339836936505
0.005973790833083156
0.00884117101556022
0.013660532753415342
0.01870049971520009
0.024236707388115487
0.02891694721309069
0.03714010104735586
0.037377058528444036
0.04860210757239623
0.05142563351263468
0.053530770735723744
0.06544079549137122
0.07166370267868176
0.08008610412620361
0.0857981450146777
0.09195753453823573
0.09291461144223236
0.09810819518523224
0.10253303039450239
0.10423774888428827
0.10466940254491591
0.1054882688950624
0.10603147260679653
0.10832864620083903
0.11171098073984174
0.11224625407646495
0.11252984296393119
0.11604712557711723
0.11972222291926617
0.12141115915003207
0.12205959721521577
0.1251126183688403
0.1285719162067656
0.1326600156172987
0.1338693764555462
0.13516103332547813
0.14053316799053475
0.1432729974330237
0.14535628754930693
0.15098899326969717
0.15127202487396876
0.1561376276880523
0.15917000747214566
0.16697060109710668
0.17027243275187923
0.17183083406935634
0.17261323971970996
