-3.469446951953614e-18
8.998521736985725e-05
0.00012264622316973846
0.00040520204810238353
0.0004401841671185149
0.0008970152261340344
0.0009962596815967124
0.0016211434161960796
0.001731993248642696
0.002484672289510126
0.0027083051693815655
0.003617525225174204
0.0038106011130106376
0.004745906719140129
0.005223777723301843
0.006342928379102218
0.0065659826781308255
0.007574312792766819
0.008356369335838417
0.00963495264716637
0.00990501281756991
0.010774531747487997
0.011858446486071489
0.012703234996158231
0.013246331888019268
0.01338191664658694
0.013861523691653008
0.014471001316574425
0.014936205409105242
0.015274849560813085
0.015538492325088584
0.015797233400264045
0.015863229430449495
0.01614527318834156
0.016237121753137643
0.01665101921541426
0.016716867696779422
0.017309062922895593
0.017372444025306764
0.0175159434708555
0.017794497799206714
0.01804933308517495
0.018120484704404
0.018581175749070616
0.019518039058801312
0.01972532528660658
0.019966168230479274
0.021538024514963713
0.021707814693350425
0.021746372210459518
