2.2551405187698492e-17
0.001255805627083743
0.0012956664451998848
0.0029712173936301614
0.0035756138418857834
0.0037642043688125813
0.006807157049955296
0.0068326369678127444
0.012169390419643782
0.012173209208337097
0.013394812448538402
0.013874957456795711
0.01566341062226409
0.021620430700647238
0.021695401464525775
0.02583338384586556
0.030545605969338856
0.031292812365604605
0.03264174179836312
0.03290310167829119
0.041617454544695565
0.04181581451559954
0.04704443436462832
0.04779032171993599
0.048840930792900424
0.051959458337865305
0.052677370662067464
0.05324168512628983
0.053364441958161334
0.05378482266215651
0.054832725844550186
0.05890169150075681
0.06047488085839798
0.06073562797197233
0.06156139112225397
0.06261299033919383
0.06289806158227461
0.0647625514253866
0.06509987820780287
0.06513927386620108
0.06533272542712013
0.06591286354866757
0.06599975537522543
0.06918673168783357
0.07211320653241934
0.07268987401781885
0.07314082073525537
0.07382747884377329
0.07406506567794295
0.07425928085841554
