-2.6020852139652106e-17
0.002333018173731209
0.0024527219818160743
0.005787262513167078
0.006702368527295088
0.007124529626632176
0.011708748819205457
0.011757857766782466
0.020085778686710895
0.02092915475759799
0.020999957701051425
0.021159030931761982
0.029480145471195804
0.029566870222132585
0.03594712598800328
0.03838602600870287
0.04065229273095426
0.04792160892521889
0.048054523538928556
0.050052743417181626
0.05542267171824863
0.057986546366191
0.05802727543417826
0.061441243327471924
0.06182355187455072
0.06791808243131268
0.06813966290051972
0.06967576033999467
0.07250452661250911
0.07453663505427247
0.07659355341806127
0.0773227366168448
0.07773498318570417
0.07816353305577338
0.0783694047155153
0.08735225443683632
0.08763761333264695
0.0884667458828361
0.0891246560920452
0.08949069015358749
0.08990503885134145
0.09000741097514976
0.09010959216048595
0.09575926664585203
0.09636354535866389
0.09645775273722622
0.09869305100594117
0.10296231159778389
0.10376261848124856
0.10440762530059364
