-3.469446951953614e-17
0.0006812538294295612
0.0006814746478734576
0.0018042320405241546
0.0018831112377038686
0.0018838855459553834
0.002984626848226691
0.0029870222181988607
0.0029874012032707134
0.003562021166020231
0.003562508991718137
0.0053208100136580404
0.005321532365500687
0.0056761026403841595
0.005677416952463784
0.0057033661005287725
0.005704796365252255
0.008007657431881027
0.00820626576078575
0.00820705546900159
0.008296372125742872
0.008299823901307285
0.009063052811801255
0.009064866456168224
0.010039179888022122
0.010055421614744249
0.010056182809465438
0.011334778964708253
0.011338266907627672
0.011598666901118831
0.011600499268840816
0.012936127903251786
0.01293740781511485
0.014264433565118343
0.014266693499447139
0.014440852292277628
0.014444600461080334
0.014811411426359859
0.014814662797358194
0.015483571296795092
0.015484687605215016
0.017330648756199024
0.017332732976895478
0.01852931958033894
0.018721787681581753
0.018722841994845328
0.019156448755389043
0.019159517466989018
0.019846424927501112
0.019849252942564642
