1.5612511283791264e-17
0.0010837146384152334
0.0030656435044738046
0.009635073942102836
0.012170606040432219
0.015396544066132655
0.022985685521353015
0.03557399659662653
0.037921091550708316
0.038856484439147625
0.03965918213242866
0.04119127690587018
0.0421388614029574
0.042865971148221146
0.04454351191845862
0.045895158233974484
0.049419055391161246
0.05529302927188425
0.0555357554911401
0.05840367660725045
0.06140922868543237
0.06407477977095152
0.06598653683691819
0.07011125617044736
0.07385468161427212
0.08046546100817584
0.08306813467009161
0.08369382730734823
0.08442220321907087
0.09139226037663015
0.09645126177681933
0.09934413827421282
0.10993680198154167
0.11119460421812921
0.1167628740175538
0.11875211294168665
0.12643675125734077
0.13098351368492064
0.13132108487996424
0.1364641514005216
0.13792032598229545
0.13970369024154344
0.14366115605387464
0.14835825793025512
0.15167061923333827
0.15382602506422371
0.15457025189122103
0.15622043134566282
0.15732459605532897
0.15805643973609879
