-1.9081958235744878e-17
0.003640292018082983
0.013948331515817295
0.014115662038245517
0.02104273660162953
0.0359493571453608
0.03689245665801277
0.03716144636102449
0.05645912127940755
0.05740863116875295
0.062041964948469606
0.06723285511791502
0.06737636726559516
0.07058587403278352
0.07231884607518844
0.08851152961292463
0.09105867540510106
0.09702561261794385
0.10443139333597057
0.10450992493739465
0.11763973330995663
0.12208539182685206
0.13369761616243622
0.1357162734936153
0.1371302515279168
0.14820131993517893
0.14833528574477503
0.1504208228727511
0.1548595754609392
0.17509222963933213
0.19336178879079335
0.19853189817575814
0.1986840075033746
0.19982423675371386
0.20115722186946491
0.20380855833573525
0.2042935203794368
0.20851480079554793
0.21225485566492955
0.21321323207440976
0.22506684906841154
0.23943738787597055
0.24079842849039457
0.250072662667234
0.25537865726445613
0.2555201765176421
0.2579085644019714
0.2742576609960284
0.2774279614030087
0.2777648948891173
