-1.5612511283791264e-17
0.0028284094274534342
0.0064720457539082805
0.006964844744268646
0.009264931488949623
0.01520311140520939
0.015483950148218168
0.02009156338286462
0.020180988070461245
0.023989933084176338
0.02538412835098381
0.030285011832033623
0.0303680202841514
0.03403731622852975
0.036487572335239256
0.03667018066564735
0.038303840889811216
0.045352121296032256
0.046581480619256245
0.04772524827817134
0.051503141907575226
0.05308414482466715
0.05485338153828571
0.05682507850270672
0.05805669142379386
0.06764617338053927
0.06789503116125209
0.07370914774748259
0.07617708353762359
0.07636531946774441
0.07901933922341631
0.07934011976137932
0.07996967163718062
0.08425431954489686
0.08432766686056363
0.09434238084188881
0.09815560692409381
0.10072603452623761
0.10126337290804394
0.10423246135402159
0.10433436316240298
0.10505490985273827
0.10645337758356575
0.11341151320239516
0.11578362123949064
0.11614066448176628
0.11857871128931104
0.12082108658804928
0.12254087911324373
0.12720706278581154
