-3.635980405647388e-15
1.1684237986827641
1.607702242214764
1.6813576620454957
3.777854239336969
3.9864432657743034
4.1732963958840985
5.13426066650994
5.210085312887347
7.574949872176219
7.743061888935126
8.082406837937963
8.821585322541097
8.88275589618214
10.599288860253921
10.615119041075806
12.644708672117558
12.815757532263262
13.402785482198153
13.682938769622934
14.035114617175934
15.48047488797492
15.495640377406088
17.800660389248414
18.017796931862478
18.98698827062422
19.017892372419443
19.812890654893373
20.18867440242472
20.6402284964139
21.59835952584007
21.76069559949853
23.972792871505444
24.063304610325485
26.126378057884644
26.674097851018875
26.971017972207218
27.346611025955973
27.550501172029502
27.889808781819436
28.48523335637925
29.214946552026362
29.596396122154157
31.31011955660153
31.444027952458942
34.28024115769466
34.4999787273124
34.76387829162652
35.56284766347316
36.26536969169616
