-6.938893903907228e-18
0.0010455074422016791
0.002438566904423135
0.002784518785458002
0.004517801516395414
0.0048185182807874635
0.006211027755860807
0.007571909475991781
0.0076471735274435074
0.008178154826814275
0.011040635754254602
0.01267123107541898
0.013921200411103249
0.014184170661270099
0.014240214257092288
0.015627569063063132
0.017577571823106965
0.017995124559190896
0.019084435797125633
0.02132839015744096
0.021540643847656978
0.024312714329896852
0.024949633442802176
0.026177389566784393
0.027573248339651267
0.029727661752409325
0.02979966565317809
0.03035421133145111
0.030986293829372333
0.03239414466036077
0.03342751607881684
0.03483503128579828
0.03658728258690819
0.037379628911488126
0.038875476281593366
0.04046149676871586
0.040780121087611226
0.04137182589420829
0.044632247183252254
0.04583729781021527
0.04585221389033743
0.047822150922128374
0.04837498140122388
0.05026476655346828
0.05119626723861314
0.0518774971444403
0.052339629456594206
0.053870012757868534
0.055080046811269164
0.05687356759447725
