4.683753385137379e-17
0.0011898135252046901
0.004527989767960981
0.009291719706738042
0.01610060987364944
0.026007708286347464
0.039409479626056836
0.05110514061288522
0.06619798782013872
0.08194354187849803
0.09493609549886112
0.09495756047157855
0.10479190689046926
0.10775778267373552
0.10778190848681829
0.11575134741827926
0.11576071215891788
0.12479491785849804
0.12656222023033997
0.12658820006214747
0.14183445157207372
0.14185098376548566
0.14884281480223246
0.15661808711320377
0.1566294263934637
0.1707946127033094
0.17195305492243002
0.1719683227177348
0.19579981489498666
0.19581787544286808
0.1993689430119964
0.22031806299818116
0.22033385757139257
0.23310662685671044
0.23991840918309604
0.2399511633842218
0.25878089030970747
0.25879641139270304
0.26196312366011953
0.2771129750243684
0.27716593483267277
0.29677072419714173
0.311939334602293
0.3119591521710659
0.3263594585896521
0.334137871794979
0.3341577987070587
0.3500328634136546
0.35011053761244726
0.36210047191418465
