1.734723475976807e-17
0.0049949979065563
0.0049994800603170245
0.01464933012951026
0.01466234182596427
0.025782623974814345
0.02855838790875119
0.028587713434335645
0.043879726270535234
0.04392135178858417
0.046276817838967185
0.04635432343555599
0.06168151168263319
0.06171252679102717
0.06271557182571368
0.066631972509279
0.06674159204711103
0.06745522457946333
0.07898183489640805
0.07905990963875473
0.0827783203728566
0.08285703010572447
0.08469785341514842
0.09320132451039113
0.09480114676302438
0.09484691919667873
0.09901900643896286
0.09907222046310071
0.11027198162319828
0.11035767397296502
0.11042038552701536
0.11048165750356889
0.11305889408828224
0.11884386611096685
0.11900810010565178
0.1239490705512749
0.12399843699595599
0.12494817867470394
0.12506846312306882
0.1275959155962209
0.127663774430057
0.1380227784693079
0.13991712905750292
0.14009931683626523
0.14711023288635974
0.1507862128706899
0.15079655310728518
0.15661245280227523
0.1566892374519125
0.15847255118247502
