3.2959746043559335e-17
0.005731343588280565
0.005735425688776595
0.016459814367874907
0.01648166029107788
0.031640782816172976
0.031946275401439204
0.031967266596285286
0.05112998438005445
0.05120096576866676
0.0516249392543881
0.051681369854853776
0.06697178353186403
0.06728136084063631
0.06732361239731431
0.07226372957490708
0.07232854627976569
0.07489651991842422
0.08551214704353012
0.08555936536097314
0.08876130568992507
0.09887425363080049
0.0989651385058902
0.1028562577407553
0.10807078217128771
0.10820091771269769
0.11842398360008675
0.11853691679977073
0.11929853568765154
0.11938776613819545
0.11946660616590656
0.12869439544245131
0.1287721932890319
0.1352448048108474
0.13530565553884868
0.13753859144068709
0.13765399976305723
0.1377589352018283
0.13784518257752745
0.1406050571546725
0.14075064984368738
0.1473106954478616
0.15737122126947478
0.15751588566452662
0.16377791330104732
0.167910154172941
0.16815347023954771
0.1691074278313832
0.16926608290178297
0.1781830871213813
