-4.163336342344337e-17
0.034699329657140364
0.0347146217668236
0.07120115882601048
0.0723044426240785
0.10463434369625599
0.10464768200792551
0.11734577973136225
0.11740365096067111
0.17574648109289626
0.17583674617673326
0.20724451199985047
0.20728431489790689
0.22065010395527812
0.22071172648206122
0.2715239224223974
0.2860301107836521
0.33275480622833503
0.3329130259641392
0.34365909180945925
0.343754737977569
0.3557223952601433
0.35579981812440203
0.36745789910146537
0.3676539971921623
0.3911373406068043
0.3913394920684103
0.5141533197638241
0.5141888486160981
0.5218242412512071
0.5220635962632936
0.5755053730314745
0.5756218844692987
0.5823233079701424
0.5827346926526166
0.6056227360372319
0.6143949068542061
0.6145812291582226
0.6327540492227653
0.6747945740689364
0.6752016500646725
0.7023577362642393
0.7026201244038326
0.7186436525794966
0.71870938788495
0.7199776504595294
0.7200852277896527
0.7811698719602317
0.7814070783885599
0.8242543276876658
