3.8163916471489756e-16
0.02407584711358092
0.02511468785531073
0.048960978485649634
0.10767393985255655
0.115210944136812
0.12078274329505502
0.230193443115846
0.2590381504172337
0.2753059622559531
0.33048760087798573
0.33883152675272654
0.35862981064863264
0.36600682196916723
0.4216139699478757
0.44618426189853194
0.4578137252336843
0.5461097380958763
0.5490860179059781
0.6182555700110772
0.6280401564713195
0.6678899902488192
0.6777957334861648
0.7107302946132413
0.7114648169141938
0.7156938644829101
0.7273102360790956
0.7396693744070332
0.8005231606074548
0.857485027623236
0.9093051332904253
0.9919846309322358
1.0002015723354771
1.0679683995682123
1.1025974890286694
1.1112940393273159
1.1335283897080657
1.1753686792250138
1.1847245872895462
1.2214513240167477
1.2286911373817362
1.2975046249250433
1.298060184396585
1.369722122769876
1.3834677382716536
1.4611167126270923
1.5233950157646576
1.5560173150342913
1.6028373192916179
1.614829281584984
