-5.204170427930421e-18
0.0021993465977317023
0.0022004112202816447
0.004398474247717252
0.004645481220632231
0.008733208797835812
0.009715487538495321
0.01105400783003589
0.011056531860747459
0.011752777485395322
0.01175996224727307
0.015699324630454314
0.016541280829944653
0.01891568547148418
0.01892534005496737
0.021075782174053675
0.02334121592103032
0.024062142180842024
0.027601452327590217
0.027758068260286976
0.027772166863505136
0.02820803376168337
0.030709122619162782
0.030716801361219626
0.03689482986316081
0.03723000818152788
0.037259951300414505
0.03777514097862173
0.040875750297771275
0.040880081521059326
0.04136140140121809
0.042606462846593474
0.04390945346681911
0.04713916655975111
0.04809991907759076
0.048114579799421214
0.05189406648530413
0.054429420225139295
0.0557377543932055
0.05643419342435966
0.056443136792559724
0.05900003987978605
0.05957081473660238
0.0595823430150406
0.06316710374417524
0.06377799996305095
0.06379954124235372
0.0658227030829767
0.0690609814084346
0.06908826868436309
