-1.9081958235744878e-17
0.0005226629117069913
0.0009771899197754154
0.001565130820080838
0.0020482942636313155
0.0032281723804249846
0.003988053743054502
0.004675929748232718
0.004882994477502442
0.005754442825911888
0.005832148375352111
0.0060020531732358755
0.006627310546951882
0.007820456146189208
0.008198478293327793
0.008656860423371366
0.009118957082250868
0.00962541577105573
0.009765632757784767
0.010017216326019119
0.011094107712730538
0.01217661324113597
0.012543973163916639
0.012887706497928095
0.01347877642645593
0.013840548549770437
0.01403844858914525
0.014578808672327229
0.014822958842883838
0.015095231915798582
0.015459119612129356
0.01672811437520591
0.017182752530621924
0.01751844078970454
0.017783004001095948
0.018384980937881677
0.018885668607882586
0.0192591299863294
0.0193891618064089
0.02011088636508846
0.020636734030177586
0.02116842585401906
0.022230204256023144
0.02232198367688243
0.022696958180296163
0.0229839500280557
0.023311692186473748
0.023613747471769468
0.024134118189136897
0.025486824639874735
