-1.734723475976807e-18
0.000547247326450527
0.0010574630375445003
0.0016031766123914774
0.0021614709013990947
0.0024385406736842207
0.0032475542175483766
0.003935743634449627
0.0046148177620688145
0.004776921454537607
0.005229468755483389
0.005825522545434921
0.006224673578490261
0.0064437607978626524
0.007596013504671336
0.008285709316427416
0.008482121693145972
0.00949001907605612
0.009694222599086219
0.009752416959895685
0.010262013217199406
0.0110887717759583
0.011364280334574749
0.011479596588985981
0.01229555283009381
0.012963696624094552
0.013481988491689799
0.013901253813909541
0.014572226243059651
0.014969927979650978
0.016425188543157172
0.016686881662726513
0.017465237221463703
0.017475721492980323
0.01759219960949359
0.017993738455117377
0.01871093627034571
0.01927664491750085
0.019468995665428167
0.01974091507646096
0.020398286524825976
0.020946075775728504
0.021437325863942362
0.022020113273235657
0.023114618635593873
0.023357013843647433
0.023992622827639615
0.024578036221218548
0.02514730867623321
0.0254138649398322
