6.071532165918825e-17
0.001625052033325254
0.006498912536324621
0.014617688086148372
0.025975249508896986
0.040563514088764824
0.05836652128398153
0.07937377237576017
0.10357252614296202
0.11326349720486797
0.11338393333469793
0.11755742903956702
0.11767631196276955
0.12473956700913742
0.12486304439206898
0.13092767935200034
0.13485340542465804
0.13497668633543147
0.14794305902251104
0.14808126757958034
0.16142027648327803
0.16407442746782258
0.16420483896429372
0.18326383523837717
0.18338595252114803
0.1950247124861273
0.20555559773369927
0.20566650522295746
0.23098340069934095
0.23109955366007212
0.23172724490813257
0.2595764403951275
0.2596530141734609
0.2714319424845218
0.29132316465448604
0.2913666412463284
0.31415318129806685
0.32619296207948595
0.3262582412040393
0.35986650940319215
0.36426432693179156
0.36436593502516684
0.40542774470924975
0.4056283300884439
0.4084202192363866
0.4465689200602172
0.448219516007112
0.44972267723859366
0.4500139233390714
0.4511998032309226
