5.551115123125783e-17
0.012182039225301792
0.012185602029559294
0.03404123068899818
0.06352021228054093
0.08722730031782128
0.08726187231645981
0.09074595739794729
0.11234810124156634
0.11984614816749499
0.11990938556445187
0.12954208798404293
0.14072179327338208
0.14074561589430573
0.15888407706069252
0.1776055367100937
0.17882474825770375
0.20536354493655282
0.22315971738478158
0.23193400399234276
0.23201663569076963
0.24954745293827446
0.24959153537944734
0.2602961759988834
0.28279876733874876
0.282938053216603
0.3063393137064491
0.334581937702858
0.33462717460027624
0.3400496527220486
0.3460829746957804
0.34621734538091314
0.35352372156320655
0.408980969896101
0.4090565914868731
0.42177363844024635
0.4250157729022461
0.43939156652468647
0.4395153607311852
0.43980605692404406
0.47753091186799557
0.48439982620793703
0.4845628273556012
0.517058414392537
0.5323093322183078
0.5621086535917877
0.573695359622839
0.574099293404579
0.5948144617542569
0.5949561951028733
