7.632783294297951e-17
0.01371829470645874
0.04708078246182208
0.047085019001735645
0.059493280098416486
0.07581104291599171
0.07582518107718526
0.12461597652417929
0.13417915321925233
0.1342008522752187
0.1534707642141932
0.15351820537776367
0.20761062611711348
0.21478873647224742
0.21481528715770726
0.21719733917888362
0.21723321851039762
0.28001759351467337
0.2800897215020819
0.30584312233649047
0.31008307160310866
0.3103046119992227
0.3215683069204122
0.32161967498025396
0.3684283342482052
0.3685158788476662
0.42670662822379085
0.44407042383320794
0.44413090126209703
0.4470193444577224
0.4470487737533912
0.49169475631648984
0.49184559210384493
0.5008053387100012
0.500918821721596
0.5155377681953915
0.5156810791474026
0.5693709311446536
0.5848485254766085
0.5849664912837276
0.597133630311057
0.5972724522932694
0.6328445854554897
0.6330266438576245
0.7304402921027114
0.731469245631168
0.7316383145349323
0.7433823050308324
0.7434928630691574
0.7480663503720171
