5.204170427930421e-18
0.0002200491073632866
0.0008955166570997278
0.0019871141859256515
0.0035660016665627053
0.0055276283374202685
0.00795081150573239
0.010334372576693078
0.0105255832313973
0.010781113861431548
0.010863940268000345
0.011173409489637026
0.011602568051405382
0.012217972258778005
0.01295891182155051
0.013432833576761132
0.01420449082199182
0.014400149729863468
0.0155888572414983
0.016689683328461907
0.01768841382790863
0.0180722845300317
0.018831579866781578
0.02055978385367669
0.021865132851883552
0.022129338934822287
0.02369713425347346
0.02506911826968418
0.026833820724782104
0.02727902842970053
0.029402559942282094
0.031089722460660205
0.03150947059148954
0.033128569225769684
0.03560097490606995
0.037244630328449047
0.03794277633128989
0.04019104945543491
0.04080181598832339
0.040862378600931705
0.041836143234375574
0.04192724897017515
0.042059610804179415
0.042314674420094844
0.04304104688199403
0.0431471008661866
0.04443568903194715
0.045248444391219445
0.04545194355605975
0.04587512113538797
