8.673617379884035e-18
0.0006143608447410909
0.0011977639810529517
0.002738099320779022
0.0034759486344702103
0.0037333907769424197
0.004279570565075276
0.0050827058466181
0.005995790474676075
0.0060563696857689146
0.008134874802038275
0.008987778737087023
0.009057356463471512
0.010763466804100822
0.011156501192957571
0.011818483900072766
0.012659997614568845
0.013861829545101812
0.014381712601645167
0.017405103282274313
0.017681332891672327
0.01844679101811674
0.019592045738959347
0.019621266547266092
0.021063735955935282
0.02353274761238671
0.025046465548253613
0.026100748223634868
0.026735372734460507
0.027446117042338666
0.0293673599336208
0.02985356112124829
0.030632382411165372
0.030823229231090626
0.03298425206698111
0.03409051078182979
0.034633065550352025
0.03499569962683792
0.03587794636072117
0.03635334464283702
0.0368451054087054
0.03740581235757987
0.038883667288731744
0.03967351010740277
0.04069456278679531
0.04166177441626639
0.04298724629064822
0.04340864893363915
0.04480446716753268
0.04534100239982884
