1.3062467774105357e-15
0.0002001977030733383
0.0007991862771584857
0.001789947611215462
0.003162452181852819
0.0049051815630605875
0.00699255218415174
0.009390277564171467
0.011711392090960721
0.01207535647611853
0.012149699793218996
0.012891819347084896
0.013867138759173203
0.015057549668826697
0.01524398901597482
0.015387341229030385
0.016020682209664384
0.017012447555663085
0.01710670688124811
0.01812280040029135
0.018629815029736582
0.019196971086573235
0.02057451656598238
0.021150182486744745
0.022009632734005635
0.022964556372362284
0.024188002988619728
0.025368509945762466
0.025826573959493802
0.027518281649247148
0.02887152298832448
0.029226388702620128
0.03124907480054851
0.03258721481325205
0.0330481705163763
0.035376844272580164
0.03664274457930798
0.03721690782989478
0.03977030261345676
0.04101927562738711
0.041724064525681025
0.044210104101945154
0.04588715654430577
0.04671175744034407
0.04856772865996966
0.048955566417798455
0.049537795268009444
0.050508742967686676
0.05130893265360431
0.051741448984553566
