-2.2551405187698492e-17
0.0022091995649416232
0.00258517933476992
0.006686850305657901
0.006687708352412719
0.009201759621592658
0.009286455359917721
0.012572257130215926
0.012576380060137874
0.02038023905254277
0.020631453894116455
0.020640089120493463
0.020853757251841867
0.022651941451179755
0.022653857092087414
0.031290976840992475
0.03130154837227324
0.03239044655514035
0.032393667455098384
0.036213447342173764
0.036944632023868135
0.043958783943269665
0.04396912963435381
0.04554512332219321
0.04555759094010322
0.047889407951180935
0.04789536849298637
0.056357171776167565
0.05692692748069523
0.056942958605919795
0.05761514324555458
0.06062142050632063
0.06063789899654406
0.06110131871319239
0.06110736433132572
0.06151512515540274
0.061522175056677376
0.07001730901711954
0.07002195200364088
0.07324181096517696
0.07326099030778158
0.07576496225534544
0.07576864711438754
0.07729958253005388
0.0773024483897916
0.08099177193785997
0.08232367712861349
0.08233241770504993
0.08269606954004831
0.08926386198549326
