-2.42861286636753e-17
0.0024849560046431574
0.005982119115615957
0.0063389451960145695
0.008473754566241129
0.012323294582723668
0.013506715037407106
0.017465215497832497
0.018837678201724245
0.02016839572602277
0.021271289184749083
0.02248268279794837
0.029662670535428814
0.03212770796567731
0.03307613332298689
0.033468800786858925
0.03522874574154816
0.0391726304170515
0.04077436769408485
0.04192606112615975
0.04632753652251155
0.046636688992290815
0.04862547005878925
0.049498644004025795
0.05542207264491738
0.05934673631700126
0.06038908303061607
0.06262570874705203
0.06423012034526918
0.06544892000022752
0.0670219097893612
0.06789231623814518
0.06941312331192946
0.0748063742389675
0.07767728341836962
0.08030032460888335
0.08211174746875419
0.08495010466911067
0.08557352959367938
0.08867200695706966
0.09007503009197798
0.09363420357744462
0.09540997546858385
0.09742718307317577
0.09853667229993009
0.10189629031345285
0.10277983366828694
0.10391235550767924
0.10768954224457365
0.10973398577944608
