-1.0408340855860843e-17
0.0003971031163746228
0.0010260744584715369
0.001259930137373676
0.0013976571244427218
0.0020309379898115557
0.0021202085424307515
0.002190692824806698
0.002278012827800085
0.0026693634002650374
0.0036192770053126936
0.0038512404603631128
0.004618755126772026
0.0057656522749882245
0.006287083400730626
0.006354159452334912
0.007392974857545509
0.007443667464223385
0.007867481788140498
0.008372610798050054
0.008506044642275912
0.009055546010821565
0.009292824111309656
0.009730255198611195
0.010369663657356155
0.010512500987671246
0.011283634844351518
0.012441223970571747
0.012779127271196107
0.013371464885534473
0.014397581205184891
0.014500102639666874
0.01462763318209114
0.015452520592307657
0.01573368375254671
0.016214335370486388
0.016510968752267582
0.01697150515962982
0.01767216294359266
0.018431017266713846
0.01868583690778084
0.018945478804322846
0.019961599224195756
0.020003713872622973
0.020172568068575487
0.020469877503859396
0.020906904002427874
0.021722468733962122
0.022866329741045667
0.02310202856992675
