0.0
0.00044808563832993316
0.0014597563925264553
0.0017035506493661284
0.0021778559014897416
0.0022735825241206407
0.002481825579699103
0.0026225868703008085
0.0033922040871047915
0.004085190179794165
0.004576738357749344
0.005190637302539465
0.0066298290130024865
0.006774169737773126
0.00815222573940269
0.008285977071876295
0.008342451193648638
0.008883324006506118
0.009638867202618225
0.009915893953821657
0.010167737441065023
0.010264649752928552
0.01123778677506137
0.011787456361188805
0.012598212249695212
0.01288067968366659
0.014213051875716963
0.014704990914150564
0.016022926226678114
0.01643853530263332
0.01710906613977807
0.017728757383751924
0.018046388210140693
0.018697683298012052
0.019218543742519675
0.019901767857811538
0.02019402639666222
0.020373046841380055
0.020802232683908718
0.021139287287165555
0.021470720087230395
0.021737306807486978
0.0227853724627421
0.023253858554581355
0.024609794566932755
0.024945596775969976
0.025556245485538316
0.026427575691832246
0.026703739596446
0.026894650507157947
