1.0408340855860843e-17
0.0009791135003680406
0.001775800353265522
0.002986429765332208
0.0030509975267250765
0.003923154802902094
0.005756442133803328
0.006205898604529686
0.006836253918999459
0.008530492029336261
0.009021775754343443
0.009610232840306607
0.010025596236599888
0.011227421611192839
0.01195224500717715
0.012621969459211341
0.01271257796514935
0.012988010455590842
0.015713101761387648
0.01617393401799825
0.017161158694029725
0.01730570929807391
0.017945696565858968
0.018538868922212598
0.019078524060003425
0.020553190098442614
0.021026055136142453
0.02176473598122687
0.022791807265198645
0.023690705677892242
0.024295314924505637
0.02527624431875458
0.026802974954148615
0.027624104840560208
0.02774225599513372
0.028313051788986285
0.029320432179103136
0.03145053071605684
0.03199752645866411
0.03241619795328715
0.033037670614546696
0.03374819331580178
0.03510396748519784
0.03568609311245251
0.03679753601499823
0.03802727216620647
0.038584528065829814
0.039254079487660944
0.03995813393518059
0.04170477323168642
