1.734723475976807e-18
0.000509976675300533
0.0019844334298236045
0.003962451626704864
0.005156632006739121
0.006747597873194578
0.00727432694426078
0.008034203069570893
0.008904122754999447
0.0094576086423047
0.01053753450050726
0.011215192289718822
0.012874742927728012
0.013137231376600124
0.013421101227610607
0.014192931961966573
0.01607820250407077
0.018157823772362455
0.01900532849036258
0.020901360874339713
0.02166890018532401
0.023574704927875174
0.02380501353925795
0.024849191891217204
0.026367216593959505
0.02690325522083091
0.028342720684636155
0.02903492039471884
0.030078168305018603
0.031354059140978885
0.03254658723829106
0.034001823269390594
0.03436421688959016
0.03533692541331986
0.03686016255538329
0.03750643607587285
0.03924542127780066
0.04177686465172867
0.042144786495288966
0.04253545474208466
0.04462507748105025
0.045337140583736814
0.046007127230646795
0.047700357151364836
0.04991282087414647
0.05015945245927208
0.05128162712998859
0.05259702441116667
0.05348825217323943
0.05470331477532262
