1.214306433183765e-17
0.00029564718540328085
0.0011176673552703263
0.0024369775913721907
0.0024840039986627725
0.0032050469690809123
0.0038530276008685495
0.004378674318980633
0.004661941928337396
0.0054000613297117365
0.006346022848779191
0.006802263813114015
0.00714400760312719
0.008319125383287116
0.009127673559066003
0.009178857296120413
0.009740754723023845
0.010672055440131072
0.010727117825363562
0.0115384534391703
0.012002997291882153
0.013146830001080865
0.01343300927427741
0.013503372069281044
0.014537517624279834
0.014771993196881347
0.016289699611345514
0.016783101812924396
0.017018827236617948
0.01771375993446489
0.01818999159790835
0.0193397908038474
0.020133901852395338
0.02060974224349807
0.020823039033100094
0.02131670884261215
0.022485879633349123
0.022524604848678152
0.022603577688574787
0.02419801739822148
0.02445812366881319
0.024933278110610586
0.025992614324386196
0.02608947782827275
0.026591698616487004
0.02731845060366709
0.02782217910666735
0.028500484962424313
0.029684380645494647
0.02988661915896232
