-8.673617379884035e-18
0.00337211726388326
0.010079177234766925
0.010165134345896781
0.016107881595183053
0.020938229951036127
0.021071305775700266
0.02744497294259607
0.027480532632483866
0.029774667452423048
0.037975902540967284
0.03812257878473423
0.04930431557524922
0.055172310898403736
0.05563288551349368
0.061098826108556666
0.06114430080820584
0.06492715528324709
0.06501333339839876
0.07476041128217066
0.07598453447776223
0.07605565609599943
0.07800294424094692
0.07815226946870472
0.09540418220916043
0.09552949279465914
0.09627227093853122
0.09640410514881599
0.1014262121696287
0.11267255198871674
0.1139993761493403
0.12585474846471248
0.12644490475005424
0.12781117542361647
0.13117060186239446
0.1317017963760452
0.13475363056965034
0.13494179828764977
0.1401498220714407
0.14056658772986602
0.14354791075930967
0.15107592392148117
0.16269934064695493
0.16319770742638573
0.16696705119281563
0.1675727317241985
0.1728611656473434
0.1735421360933703
0.17722653356102325
0.19048924053395164
