1.9081958235744878e-17
0.0033226368021106196
0.010821430447390304
0.010906672791954281
0.0153258606736461
0.02095495648425029
0.02107154353266074
0.02888289528207439
0.03236304569736555
0.03241719650269487
0.03701110429061063
0.03708617428071562
0.04925225766885302
0.053986352346025245
0.05434204550842372
0.0578284510351443
0.0631939904746217
0.06326524557777
0.07006879712649962
0.07375011138456243
0.07688915981611777
0.07698076225503164
0.08003546956336689
0.08014516063667766
0.09692534680718504
0.09702459149907641
0.10227837617505897
0.1048138959008786
0.10483679973477934
0.1087990553200917
0.1096292037597825
0.11369976515553608
0.12753257854302236
0.13061127780179074
0.13078856404100744
0.13744384822408873
0.13961691452481317
0.14028012430455206
0.14110049484385587
0.14127541532435142
0.1545651129437796
0.1546609786355153
0.16062476054620886
0.16150503331604113
0.16514027551534124
0.1683093755478156
0.17636609210525858
0.17675111525042267
0.17684951539521215
0.18310421945876004
