1.249000902703301e-16
0.021857309770686728
0.06286738857858505
0.06288645166224216
0.08428233006349622
0.12492430795870225
0.12494607564500808
0.18426416514218022
0.19243119391664765
0.19248075122776534
0.2020059356490352
0.2021179877198881
0.3034846274792599
0.32448983657328934
0.32456164819186645
0.3304237380711599
0.330658592464451
0.41462470454634653
0.4146846112160258
0.4157374423336137
0.41582231605977094
0.4593115417276062
0.46811730344923275
0.4682515542240442
0.5678625424504861
0.5680708453573832
0.5882027675328858
0.5882638574233787
0.62480729422512
0.666638057072868
0.6668417036998739
0.7053532788787936
0.705518973900676
0.7171856357865067
0.7173437200329216
0.8003151020970888
0.8005156196866527
0.8489684904602551
0.8593025771033792
0.8595701683254651
0.900731601451695
0.9008443637663337
0.9072066271393536
0.9074310793312723
0.9549100978476754
0.955185528756763
1.0714317488397567
1.0717990224140044
1.0780733407235414
1.0934926829883758
