3.0531133177191805e-16
0.14087981399774963
0.14453197174484134
0.14456113468400883
0.4117439782851189
0.41181307388778243
0.43855214537840387
0.438646997229763
0.44964918036830676
0.8171339892647269
0.8173073925907408
0.8567793540225065
0.8789244058712843
0.8791018819316501
0.8860778047761583
0.8861165510761173
1.3617233015539687
1.3618533721524637
1.4329505369511673
1.4333297679018482
1.4364140887604444
1.4366975086327558
1.4525897796943368
1.489132003064595
1.4892131290080937
2.0491895246440337
2.049436339165971
2.1220159013696094
2.122118757870088
2.145260375137954
2.1460257688449373
2.1500505470668743
2.1503977747114082
2.1855161070581053
2.2487803159222124
2.248859464002547
2.8824588906701103
2.8826136524634567
2.9379643236640156
2.9383386895141737
2.97992835740904
2.9803289546682716
3.00017484319796
3.000587255027171
3.0195306242676603
3.039930032172527
3.041006789464606
3.1652140930018704
3.1653353418855876
3.863040450789529
