2.7755575615628914e-17
0.003656986864096382
0.0059689407677877716
0.015048197360702049
0.02251591810606536
0.028264852709196098
0.033125606985379294
0.03484287822011088
0.055131353998160486
0.0556407418890043
0.07196248162009704
0.08087851620114377
0.08223977762739469
0.08635484576561678
0.08948352124245185
0.09891838571320284
0.09931813157248054
0.10132971157963554
0.1014536472804609
0.10181701078242962
0.11326251648394453
0.12188106839616959
0.1332098852432839
0.15090299839240015
0.15230499606784154
0.15374799881018142
0.15632414168191874
0.16245011148890331
0.16299636454252092
0.16722775709586077
0.17067491324858752
0.17907060681658848
0.18362596006740406
0.18463187705688197
0.19716027655307886
0.20202520139969374
0.20480600799749285
0.20607742072463328
0.2106234526943967
0.225837843110961
0.2320676909706152
0.2336969872150593
0.24554645940585623
0.24957130542650202
0.2500749762345429
0.25902166596499776
0.2643406686352859
0.2770855314414265
0.2816274850818086
0.2819438348967405
