-2.0122792321330962e-16
0.06686314893554017
0.11597878100503344
0.11600331869638765
0.24334845296515423
0.24341131596046367
0.24482472496774138
0.3806601586484871
0.3807028468145965
0.4884702170856541
0.4885763179196922
0.48869181716611326
0.5528741101682126
0.552972556823884
0.7927980420189785
0.8015999468088422
0.8016209509795736
0.8274262019771516
0.827658158439019
0.8556260094961061
0.8557870618264102
1.0071526757052434
1.00723595573259
1.1943440227295032
1.2216666757404757
1.2220302738910769
1.273446801020352
1.2736710578563997
1.356755925336739
1.35690879140687
1.3809168972988326
1.3809935390618024
1.611837231688854
1.6120498451461314
1.681909960463474
1.6824475474587877
1.6928314140737066
1.7642397866499084
1.7645599437305908
1.8386552337168816
1.8388335839201497
1.999301581853697
1.9996128430509736
2.1189773540382064
2.1190436899370666
2.2458710438223504
2.246504227221486
2.250126219010756
2.303933605726604
2.3041924412047123
