5.551115123125783e-17
0.011913829479385999
0.011939650456454965
0.04375510862251159
0.04383094098458245
0.044722803631155425
0.048750776156065455
0.05852229537141244
0.058666058646186105
0.06153758808571811
0.06168043241706408
0.08451456734976472
0.09719583051012246
0.09814266704111912
0.09841138489627121
0.10374640306654467
0.10375454146642611
0.14560583065454724
0.15196894155183568
0.1519759704671156
0.16840652116501093
0.1798001858551704
0.18237691205070866
0.1858041265808102
0.19079644923397526
0.1929786854203282
0.1933013600377122
0.203878053180274
0.20428029768103606
0.2225048838465511
0.22274462581972665
0.22652019222987851
0.22657477495527562
0.24157089746361404
0.24188847856510326
0.24584095990298865
0.24614358565316335
0.2945845487320432
0.29604459991610677
0.29758151678952294
0.2992013353135236
0.31033816869808134
0.3176855885989611
0.31932876892095124
0.32128763749818096
0.32164929057515496
0.32179116622721765
0.3927918667115985
0.39338254760573366
0.404170162326555
