-6.938893903907228e-18
0.00983928747282036
0.0098656231670531
0.032647369572151336
0.03270266350151445
0.039531439723481686
0.04570310729797802
0.05261913559204235
0.05277720034245508
0.056507140926075845
0.05666151125457019
0.0721703365625076
0.07233318614399277
0.08346818096075265
0.08363728975763918
0.09986963231495935
0.09997816305471174
0.11575465354315277
0.11580659291299776
0.14304874730598263
0.14358470126304307
0.15010204408378505
0.15577919428774156
0.15629775442826288
0.1594042029630751
0.17346366123265716
0.1768647364943005
0.17700089751550813
0.17953496484439907
0.1839493731274626
0.18436277856314784
0.21119919772239729
0.21193917545641858
0.21580265484152958
0.21704513077718726
0.21878030048116306
0.21915779682309755
0.23270560461681108
0.2327343850355736
0.2708186453594032
0.2757334212607321
0.28531119371531866
0.2861599583091485
0.2888359985386445
0.2891187464210472
0.29013459550433307
0.2903571409906267
0.3061112560738925
0.30623605584248204
0.3261639889355614
