-1.734723475976807e-18
0.0077068383886466935
0.007726300945728104
0.02835691988693477
0.0284153994515046
0.03110939439520695
0.03393560933309289
0.040161670765067874
0.04035553685942975
0.04226726604649406
0.0424348155243807
0.05458358248974756
0.0632614040417799
0.06598280135962002
0.06615826020443165
0.06938977857953806
0.06952471689580517
0.09671214442989627
0.09850169490428769
0.09850451973533832
0.11182581130968605
0.12038031696810965
0.12282377341157365
0.12410257131505435
0.13194535299532065
0.13359226828010815
0.1352808126318524
0.14108459033193146
0.14232046478124352
0.14651449866099642
0.1465429549217827
0.1487918904508159
0.1489976003865746
0.16520423923803862
0.16555335684922703
0.1671446595636011
0.16728406114286193
0.19562256252075372
0.19570299922948883
0.19972603991526147
0.2004421447263112
0.20104200241338938
0.20771661691985263
0.2118967401953414
0.21197109513199933
0.2157462040054958
0.21649332875895813
0.26407276724622886
0.2642992368448875
0.2679430840554877
