-8.673617379884035e-18
0.0063595116134535275
0.006898889503743325
0.010748733631153447
0.015044472397939239
0.01994297442600535
0.025706781614783604
0.02818988917801106
0.029912985826956846
0.03102714069916608
0.03650561720839755
0.04448592791913639
0.046999710726342625
0.051252447732844375
0.05741141091005703
0.059212559087790224
0.060416621820924256
0.06815584219748877
0.07025757661736867
0.07358824489482085
0.07562340742273393
0.07893382851963554
0.08906832672282135
0.09125008647127436
0.09573118063138325
0.10015788420269951
0.10103673608635848
0.10722384449673186
0.10944933907822316
0.11397879951080311
0.11547451656293097
0.1207880971730655
0.12772907455452728
0.1299490677078706
0.13411893781014406
0.13744450578941558
0.14199902383481555
0.1434391437100143
0.15022803266360973
0.15547805196272743
0.15728440810468505
0.1589894169258333
0.16159620075255648
0.16624777017745407
0.17082473545935964
0.17552328463781344
0.17910562032438299
0.18450270845063152
0.18779061225139138
0.19052654412548808
