3.469446951953614e-18
0.006680196517460412
0.007158569352324824
0.010564269141486183
0.015379256495502426
0.02001813078081332
0.025488536402592896
0.028997688918661627
0.03048200593555679
0.03287795220643293
0.03802918034510281
0.04324142727116607
0.05114279503902611
0.05292874252951934
0.057662508386975585
0.06188075679598818
0.0627931870699236
0.07217501343497922
0.07252108389968923
0.0740587434330947
0.0786116766676306
0.0827751118531348
0.09222091575757171
0.09395853083081358
0.09827177944267576
0.10268784249127864
0.10528201308635497
0.11197184607239685
0.11452515708904273
0.1185209691918289
0.12145052579309738
0.12374422013680773
0.13107599789792304
0.13469307268965336
0.13720689662540508
0.1400504841677878
0.14135335370884958
0.1475532795138382
0.15189777516838754
0.15810499194263533
0.16255666124836826
0.16505845975282935
0.1703691612822943
0.17568495550122645
0.17782536369612367
0.18231339429030483
0.1847422034062079
0.18753068536799802
0.19416169021768928
0.19861358844957083
