-6.071532165918825e-17
1.0916091543978698e-05
2.55037680541928e-05
2.8180087604112378e-05
4.2164518429135475e-05
4.299605317512924e-05
4.924086588508139e-05
8.249608789233191e-05
8.381497715533211e-05
8.758742841720457e-05
9.220022576030516e-05
0.00010708949499377632
0.0001087187888604707
0.00012553869460915114
0.00014000175006395783
0.00014064577771871582
0.00015472948791224288
0.00015841876375973646
0.0001854992703238592
0.000188639842792453
0.00019267887613526324
0.00019964913431579946
0.00020999321328812014
0.0002267613117025221
0.0002329207023862665
0.0002374763833153798
0.00023976546555004585
0.0002552909551966232
0.000266695744623735
0.00027432436850330713
0.000280195286052198
0.0002977697304549637
0.0003129698977741551
0.0003181690737569867
0.00033065611017623134
0.00034160493761963527
0.00034859938146008726
0.0003687174698145876
0.0003714649652643478
0.0003874811640929912
0.0003953666458279565
0.00040326022721735334
0.00041079942361867995
0.0004118332556335494
0.0004191867936934081
0.0004232906373829795
0.00043833463000794715
0.00044645055352426216
0.00045333038984094083
0.0004612339852173037
