-3.469446951953614e-18
0.0001503202577235064
0.0006234261214072018
0.001455312199793786
0.0026718258262430038
0.0042733690187666245
0.006213322713752028
0.008394090657071864
0.01074943380910034
0.01342063109706528
0.01655202303116498
0.02007329741610262
0.023778187592363567
0.02707045084339469
0.02716681342736063
0.02854012295266832
0.0306683343485833
0.030780278312772698
0.03416637134303885
0.03811608137114928
0.041805122195295495
0.041840265016710655
0.042215594279647
0.04241923194427231
0.04261326081678455
0.04311228919866141
0.04400062803349605
0.04422482035127209
0.04518309411905748
0.04592529043871132
0.046906751327379516
0.04764887348859888
0.048145888395733784
0.05037755502000811
0.05081460626328614
0.05114549391579668
0.05392004499135305
0.05414874356160169
0.05516408608697255
0.057379119137539576
0.058490613964323986
0.05973348217379173
0.06099100057714007
0.06295758808522395
0.06445669958566717
0.0648394433933333
0.06775475494766232
0.0681701555107498
0.06972790909565606
0.07117304241828408
