-5.204170427930421e-18
0.0006991286105252677
0.0016322568239908308
0.0018028074801547944
0.0026995573260685402
0.002753093537272173
0.0031495998618026877
0.005284014251782319
0.005361775683313795
0.005604474207560035
0.005902614675247298
0.006854079356809159
0.006953303984439987
0.008034730831673541
0.008959414948347273
0.009000526343237192
0.00990307544011322
0.010140977952115078
0.011872905314714485
0.012083338884209061
0.012333163657356953
0.012782380951768315
0.013432745536895165
0.014509477224604989
0.014877243512280645
0.015204199127110863
0.015356686403655962
0.016336766057957502
0.017070770558167088
0.017546490199825147
0.01795041309001548
0.01904541931556966
0.019988415776993056
0.02035507948598233
0.021096502566255823
0.02187021209044466
0.022327608313552544
0.023591676854972064
0.023756472197221448
0.02479137171296987
0.025270341363163078
0.025790105187882953
0.026288270930665332
0.026363494536297778
0.026836819968555886
0.0270600603453775
0.028041121812272404
0.02859548137568673
0.028983004081639292
0.02956827511798818
