1.214306433183765e-17
0.003715735951595708
0.006838671932280443
0.00794919550289785
0.012498605445849477
0.015138298873813192
0.015145289705263376
0.02362569131819496
0.025786176189712517
0.026464875874478246
0.029204993205218993
0.02979261818037114
0.032832589698367366
0.036673929206085136
0.0452858894040965
0.04578737883159108
0.04827270121525667
0.05063161000316009
0.05167486250662524
0.052229714912023724
0.05600936487115566
0.06297297739357975
0.06454171144885001
0.06802775097101829
0.07002886442595926
0.07426634680799467
0.07558591708079544
0.08093482431867478
0.08180732946975712
0.08484134510512809
0.08812441473946062
0.08822293482115375
0.09319020690936285
0.09479860931236661
0.09703167231448907
0.10208231134064163
0.10493591611939947
0.11055583558910469
0.11117968286546782
0.11364489209661856
0.11897367580331276
0.1226316308185046
0.12355618090929117
0.12463802564767627
0.12595903209093506
0.13012285287426786
0.13187499517303627
0.1328626305330769
0.1360039046389682
0.14299830715599138
