-1.2715523078909996e-15
4.6073532279440625
4.610474905227161
17.284173506516044
17.29681773612476
28.028688911533084
31.752647761242013
33.004523952912926
33.032291642037976
35.86579329305887
35.86963445395469
37.17605513375521
37.2001201090505
47.9992768986984
48.029745154495785
54.09623248021881
54.1488406426291
59.24483207664588
59.2633216738885
72.29232802400429
72.30871622546914
83.9381471273422
83.9620836690689
87.32118661044234
87.35146651204278
104.86180998454496
104.92067952690563
114.59815818730651
119.39192451391123
119.48237283679728
120.08347596781172
120.20409849249968
122.58554534555925
126.0229232141178
126.09402401451796
127.890867582381
127.97953100971698
133.98662176985536
134.0994572403929
143.98555198017624
144.08833061115374
145.00346480872847
145.0479828358889
157.62112386790446
157.70812238979792
158.7754686357564
158.8372289760217
170.9766364453745
170.9872321087896
177.2010056614037
