-3.8163916471489756e-17
0.00013949842319650047
0.00038715954770210566
0.0008678223042402813
0.0014212369853852363
0.001808848806280683
0.0021953280876088263
0.002633837994718039
0.003002412796551881
0.00399459505662253
0.004282075296489402
0.004507786891550718
0.004834994515016466
0.005254188173706138
0.006224910983588244
0.006921743470132956
0.007499081986244006
0.008183550624394893
0.009307008456946592
0.009666748346889032
0.010313800213617575
0.010919587776391777
0.011303232408387398
0.011330019131730774
0.01285574283307559
0.013900725560407565
0.014614805579897487
0.015695101907419427
0.016758150461903064
0.01759654377081611
0.018712977616641535
0.01908467381907728
0.01997323148540219
0.020504924446483996
0.021920585017218365
0.023017074742685148
0.024324930093475056
0.0255758820108241
0.02784166373579547
0.028721439103914663
0.029485410717830805
0.03182016908615642
0.03230189502113984
0.03376738058333152
0.03588074253513504
0.036442212956088606
0.038068766750289584
0.03819859126644103
0.03908733958710389
0.040228484492245066
