5.533767888366015e-16
0.008100284348104508
0.01186269754220383
0.030551229134966378
0.0647197597757328
0.07689056336530667
0.09642693676853947
0.11314613356701407
0.12216915557853635
0.15474936059772432
0.16770459079045388
0.17387064649083905
0.18634253170209497
0.19839456186890841
0.21667900320829092
0.22546631272896472
0.22853777824683344
0.243570055160721
0.24750960324923932
0.27809269213276583
0.2856785649227923
0.30192409750040555
0.31780639140711225
0.3211169232817818
0.3514949619690925
0.36252805499931584
0.3890414200820137
0.39479650899832136
0.40027601555206793
0.4197921442019294
0.44657061908658013
0.4585215962083496
0.4755801201492916
0.48829235182327074
0.5050157893157772
0.5347277031545122
0.5398454240767137
0.5720119482118053
0.5728417567900566
0.5773006504779497
0.5867567033783654
0.603024233324202
0.619241340918334
0.6303602356626085
0.6559636776007094
0.6818326516991866
0.6906487880023852
0.7138223967388652
0.715760835699589
0.7202300717825952
