-2.6020852139652106e-17
0.0006861316627903222
0.0006900507899274856
0.0019417674216706642
0.0020010514420044177
0.0033356891567322706
0.0037295381074899346
0.0037348504671100274
0.005644879058091244
0.0060746682678969165
0.00765472318844943
0.007705813995363563
0.008241699592001534
0.008273701094876873
0.009518138369066545
0.01039384854220904
0.010880643972002406
0.010926412806698748
0.012338574001750912
0.013801655388965205
0.013836729111863651
0.014119451288084386
0.014197447899241438
0.016924945323430758
0.017088267667340812
0.018432394928383104
0.018502248369226745
0.01907554151035904
0.02035597833626874
0.020431556142385558
0.021450265533841384
0.021585958158419398
0.021965930014369424
0.02196916308864872
0.0223709488064198
0.02400736293338806
0.02404940829393977
0.025193832991398546
0.027326998741605657
0.027688042503415375
0.02772070745403544
0.028093834790539528
0.0281721872768241
0.028487199973740857
0.028837856174848103
0.0299668953248155
0.03001128170911692
0.03177564742135147
0.03197609394679369
0.03269680408136212
