1.3010426069826053e-16
0.024093572873784358
0.08201236133733882
0.13152149943893485
0.15651666897234073
0.16108316447831952
0.22210671804602988
0.24152125001431302
0.25249889473566456
0.3376946458494362
0.3618570692888714
0.40347694428714637
0.48642682366801726
0.4888373068839227
0.5187562371936452
0.5623300922764322
0.571836282101826
0.6217174335306155
0.6622430078479027
0.6779621290143897
0.6821205150544777
0.7209934100382093
0.7773679550175562
0.8188024936290819
0.8489222717254225
0.8842974508647626
0.9111027381940175
0.9447989220650955
1.0375225099827154
1.0506659133610314
1.1022497626802799
1.136992828413629
1.1520859131115315
1.1908377856860333
1.209413571382304
1.2689377975148022
1.2874414300476387
1.327602643506614
1.3462466544833989
1.4179365387761016
1.4640020536882865
1.4956756359149672
1.5074465949173936
1.5461041795266581
1.5590625533749907
1.5890057017403176
1.667192229571693
1.712833309586842
1.7180579082515592
1.7701618782424142
