-1.196959198423997e-16
0.0051684796312008105
0.02600805672738731
0.04443725660415086
0.0957507223921026
0.12847068640806486
0.20214045500049632
0.25381232176635027
0.3129276389568487
0.33003588872289086
0.3305181157932588
0.3696200279502206
0.38922037946634125
0.39196877769395216
0.40689463483279475
0.42421095015180893
0.4533095800610815
0.48403591994227996
0.4987963042583242
0.5370373390080002
0.587375282338018
0.5884949991383237
0.6247330643180146
0.6360189931519978
0.6917595004528351
0.7313384656252747
0.7901901142169928
0.8035052792088474
0.8127834017868173
0.8891412253467506
0.8927823399570757
0.9858268136461517
1.0339177867696647
1.039138582242828
1.049531812958402
1.1416064635799674
1.171419024018059
1.1886166894985963
1.207027792034095
1.269647348212415
1.2878886467094088
1.3090372979325027
1.3299234054840525
1.3488015391788686
1.3733622821156384
1.376399751585225
1.3815171565008693
1.4335695562325486
1.4457631893746952
1.4733091600230794
