-3.316791286067655e-15
0.0966432489342879
0.3821585898662531
0.8417839973807533
1.437746171656485
2.036516049093424
2.0550661676810775
2.296145694655195
2.5635069194318185
2.6190517216272657
2.7455763749525515
2.80318576952548
3.1506663491005455
3.340442729081414
3.6839545754623613
3.7899377654360493
3.8378810270748445
3.887657238079485
3.9642137981194914
4.348365635102012
4.403676989028165
4.915222471458752
5.276270802077342
5.33966277484022
6.134170242064466
6.565689326109393
6.636257190429908
7.3293567150833505
7.8288532523013465
7.858073685147314
7.895187926913069
8.081996937074507
8.488552962317758
8.63178209757463
9.103925174266609
9.250143478778757
9.25921843448583
9.59114342710303
9.827330792115353
9.939585106138436
10.479819804506052
10.677762867660318
10.833597284654946
10.980776169503633
11.198761267064897
11.53353786385719
11.711008299287457
12.222451891166937
12.255788094845139
12.440925159048303
