2.3245294578089215e-16
0.0005183407176047282
0.00233242623442044
0.005477578786784303
0.009209184832177692
0.013691181451682464
0.02005442708698068
0.02820843460294744
0.03616132990976982
0.04042050884605899
0.04752268330641145
0.04794197841975619
0.05739153341904433
0.06607690430484392
0.07070933587228556
0.07116039759243482
0.07712505992764389
0.07811669766128886
0.0795259515268326
0.08010605136923685
0.08284145243656271
0.08432592860463767
0.08967032580055931
0.08995516718216373
0.09138300038393318
0.09802808503287706
0.09847587882872517
0.10226095922914777
0.10715326258684754
0.1084890117130177
0.11334194490753306
0.11495378905022409
0.11900736284962586
0.12095609826207586
0.12813760085162346
0.13230838003420256
0.1345073291275073
0.13705682583701578
0.1472451979796485
0.14796892389170263
0.1485122399139411
0.16032006829040496
0.16198777579079404
0.1624055723195371
0.1636547861822147
0.17284459416701908
0.18017952613030422
0.1803965573076098
0.18728216578917609
0.19534797918732774
