-1.214306433183765e-17
0.0011143433275563972
0.002390400127321708
0.004155479950450739
0.00467617233170144
0.007625258846277299
0.008387870359036488
0.008678355439912433
0.01298551264076416
0.013629009562146603
0.014843034163539494
0.015215887709429216
0.016177562769944594
0.019422166677356058
0.019888730149608708
0.023346057831527475
0.024307561158613086
0.025823787443420343
0.02611871300928085
0.026472046345623536
0.026536942327757315
0.027730611391482862
0.028461187449770914
0.03166952266544684
0.03620240331583119
0.03865409702388472
0.03882112221091851
0.03935847413825576
0.039798158950279355
0.03996199984339379
0.04007456956553199
0.04337179317991065
0.045722270888296106
0.04641305841540466
0.04680942224180411
0.04682359896683001
0.052154160813955235
0.05363904005058407
0.0540686482953262
0.05539372926631302
0.05614407666562136
0.05717916781786855
0.05914443550472714
0.061304260917122176
0.06187134919164799
0.06238318651021011
0.0662679546781608
0.06874570313510195
0.06983067234719223
0.0703001249639357
