-1.9081958235744878e-17
0.000946452275416761
0.0009539755521006856
0.0018162290865233743
0.0019203589852368596
0.00372507275556758
0.0037813931455749177
0.00454050221701696
0.0046266754381514875
0.00480418624977672
0.0048146178991470105
0.007358063939311899
0.007447024594674166
0.008435764693048497
0.008470555455076379
0.009198999659060974
0.00928722106583141
0.009472000726272614
0.009596799032634022
0.011823762946944158
0.01198314353919906
0.012347793209348491
0.012457887699395804
0.014777147612672408
0.015098346120324702
0.015457209621389306
0.015495858166308865
0.01598964975484765
0.01627132076689375
0.016806215170346812
0.01695034667347072
0.018566543402863074
0.01869910184759388
0.018950896566245774
0.019005904303467817
0.02222285011273817
0.022907413788459383
0.023097743822260444
0.023324033544935376
0.02363199045665664
0.023927336911473585
0.02424239541635939
0.02437891968802481
0.02471687571806739
0.024934743738946226
0.026677667351560692
0.02694598375997654
0.02697367434174794
0.027384754080268227
0.029110156739195467
