-2.0816681711721685e-17
0.005031841702367951
0.013996737682902013
0.015299951315398989
0.017452736824520733
0.03277582591797761
0.03540456543277464
0.03686178887032309
0.039143344775291265
0.052877155628648774
0.0537469712300355
0.056057538092513466
0.06035356472955581
0.07037157813325805
0.077877970190555
0.08224409882149088
0.08515732161512472
0.08777188179072463
0.09604853764429304
0.09894262953588115
0.1018685905215751
0.10478177771809526
0.11846669845295414
0.12326279856046198
0.1265178304658355
0.1332028624492784
0.13608215933112677
0.13930853249608438
0.14589522109209752
0.15023665328084776
0.15430221529916682
0.16103204652511982
0.1638652863466928
0.17242637601362393
0.1755294304631261
0.1888901612691436
0.1917566266180843
0.19709103705277822
0.2035821083375019
0.207214998739476
0.20909235793355344
0.2179886711983507
0.22453337694661815
0.22780950697572067
0.22789468546525937
0.23427656976107045
0.24284542760448852
0.2473624838806593
0.2526805646030018
0.2570821689709352
