1.0581813203458523e-16
0.0049502695233602095
0.017140879672595297
0.02503247968931724
0.03073866053195702
0.04032845199489808
0.07264428378040928
0.09784009391367385
0.11364016216546213
0.11786275251789628
0.1681055566305732
0.18182094155510442
0.18823269076878668
0.2025092118058186
0.2088122465359635
0.2184255141433789
0.23838554375863247
0.24170373320424976
0.24898372225143484
0.2754692639159793
0.2830964116438669
0.28865781114074046
0.30495487657673737
0.32658943663527457
0.3416692287354644
0.3620888782829861
0.3697812020890374
0.3836650396632525
0.39080923548637775
0.3930288866248367
0.4113527689687246
0.41375906572537485
0.4390799923103784
0.4421162274365607
0.45922638642228836
0.4696896860782709
0.4761616371644776
0.49183723424926884
0.5058088939982387
0.5201615471089941
0.5449009132383222
0.5472020734458917
0.5719472573115854
0.584570092612326
0.6044882894811653
0.6264619322381113
0.6362782542653714
0.6432795830791933
0.6625547262110851
0.6728185910650816
