1.214306433183765e-16
0.02001645293230879
0.021094596334128496
0.02930178002090416
0.10233458888508537
0.13713850837767624
0.14880071049683208
0.17648604522573064
0.1883608972158849
0.20742892532017157
0.21315634960418006
0.22031773295758103
0.2523476506027059
0.2538783271556645
0.2655024497816222
0.28062280127289135
0.2840612446001117
0.35037185781834784
0.3746860133799762
0.4002329009365836
0.404918115887412
0.4144754959504219
0.44971764617546833
0.47183856687090403
0.5578247200645067
0.5606871233580036
0.5916940200154313
0.5954877801320209
0.622182628461619
0.6449746384335453
0.6468018040633118
0.6954047596039484
0.7019369891127853
0.704743259559806
0.7344225808238928
0.761575677328759
0.7725754381631846
0.7727322647216973
0.7809606701236985
0.7928631627574203
0.8115253312553515
0.826993601929174
0.828228542931428
0.8689234238691756
0.8917927064648503
0.9087617958594624
0.9298331364036116
0.939085792783773
0.9998337731737943
1.011087284513376
