-1.3877787807814457e-17
0.0014787463990098924
0.003357293606431718
0.004702567172266414
0.006390741486318146
0.008731440331148187
0.010143813792549231
0.012701881871600864
0.014268041278101893
0.0160094063967645
0.016785533521138443
0.018885627048860217
0.019434589252654427
0.023145499862495186
0.023586898553513626
0.02460514957754046
0.028442959856564858
0.02980171809179634
0.03144979895955492
0.03379351425737698
0.03540489385938201
0.03705835195994593
0.039169015429704315
0.04157951576250318
0.04336106412194683
0.0456263225103129
0.047470695319733386
0.048228854647818384
0.049521039938960655
0.052535209896587616
0.053967978601441556
0.05630222729252462
0.05878746001960201
0.05952693532804886
0.060276790296907794
0.062076528110265046
0.06378339184514835
0.06478806119740681
0.06816093933241929
0.07022699724963395
0.07167894174531594
0.07348258661461028
0.07462862321739908
0.07598835650018054
0.07678717620703372
0.07791562704269966
0.07976191128256628
0.07989148035974741
0.08339557909203439
0.08419233918542501
