1.734723475976807e-17
0.00016153559770253414
0.0015426065978390597
0.0021558708214805006
0.004128591683012314
0.005782647331640805
0.006031558530780979
0.006659827653147493
0.007488348737159681
0.007634615776403108
0.007921236122322565
0.008084449803177267
0.010635646956843771
0.010712573416506015
0.012033383772480094
0.012890647183831998
0.015747855021403787
0.015841290361911016
0.01656956830720735
0.016883829649998967
0.018261175837542394
0.019026580805791178
0.022867991355700355
0.022915214649902142
0.023489574878447418
0.023499140602122583
0.024269779250374275
0.024298908470058597
0.025665646774612687
0.0256958730291831
0.02766456223215715
0.02822958557322082
0.028239024866474616
0.029033459021975128
0.031428608950035755
0.031872935592594145
0.03332329133386694
0.03467323100591694
0.034770752646532246
0.034944527399087544
0.03606742588427201
0.036282569617935974
0.03808780741282368
0.03892052315135498
0.0403179390437821
0.041915430405401535
0.04249820819951757
0.04284367165244982
0.04400281989651488
0.04531312767629382
