8.673617379884035e-18
0.001047338209085459
0.002152760497281048
0.002872121436463086
0.005607197701463956
0.006797864629085633
0.007455867490862642
0.008698687244269898
0.008724793731080262
0.010982327403374197
0.01337635677672122
0.014042361059818013
0.0142615874024906
0.015873854361383714
0.01620536936531798
0.020990221143284173
0.023291471009783217
0.023759065262061105
0.023902230480735788
0.02556308234111576
0.02752078357993399
0.03191919400234207
0.03284630088922825
0.033075853167128515
0.03339400410498596
0.03763744141197084
0.040116237534744324
0.04234819691264301
0.042445170647747645
0.04459954341338258
0.04762075543415603
0.04771093965901952
0.048162062876733434
0.04891707650806918
0.04999966989370772
0.05131902994269775
0.05305784935536476
0.05476280418937953
0.055481638819664635
0.0558088256972683
0.05882985441268641
0.05956674294279939
0.05975821593695877
0.06192531785890953
0.06341755029040189
0.06352600928389347
0.06371480127779872
0.06496221703131629
0.06805913860436352
0.06955509559527201
