-1.734723475976807e-18
0.0005886692042679411
0.0005887538967921744
0.0012083182090451925
0.0018686936442671859
0.001868944932559187
0.0022703842625522285
0.0022713878521670814
0.0038343793434262516
0.0038356620894600627
0.004674394437548126
0.004733327105215962
0.004734446675269965
0.005328527102199101
0.005330048772940776
0.006452030812170802
0.006926526298149124
0.006929554883430071
0.007298821840505532
0.0073009531233322374
0.009760815262929082
0.010548255106289326
0.010550165466307526
0.011895311003813072
0.015333346689425839
0.015832679937249246
0.015838311184725763
0.015842623051466526
0.01627134891485612
0.018631318285436897
0.01864115122798437
0.020399978027437274
0.02040340545457229
0.021712072230169487
0.02172277438806098
0.022895604090135295
0.022907240015465083
0.02336779620090762
0.023375186802320994
0.023395520466860283
0.027706031697136473
0.027712397039170784
0.028069325603083034
0.02812722054074348
0.02813513358969181
0.02879978878551489
0.02881246581779212
0.030786376951338616
0.03281144523285436
0.032825876370425486
