6.92154666914746e-16
0.00011851831265931832
0.0005726272443516266
0.0011924993183455353
0.0017812702159595139
0.0028518527676654627
0.004866511033809034
0.0067380817323964785
0.007267120864827793
0.007296831836233747
0.007621856230031495
0.008985077846557476
0.01163936101402672
0.012833940240944882
0.013831069525512258
0.014260389271522038
0.015373780886468976
0.015427878697195032
0.015909630270881873
0.016804298386246266
0.016992790063441718
0.01702237801196449
0.018345491196565096
0.01853574431406476
0.019699236189102312
0.020386368292219292
0.02089030197873762
0.02158574207661637
0.02209881269504991
0.02295117072321886
0.023056530174149513
0.023969293248723607
0.02510241053655339
0.02588269013575003
0.026957186186700482
0.02807720708498814
0.028672628122163875
0.029734398490273456
0.030607396928910305
0.030996626314898537
0.0322337177261247
0.032810152496929125
0.032902283673708836
0.034286001032143
0.03704360777767134
0.038271727743846684
0.03995390869403937
0.04118010678105594
0.04143458330675089
0.041547722755308575
