1.734723475976807e-18
0.00012890126568696446
0.00047505808540861463
0.0010978524851561894
0.001974855210911907
0.0023499958507690807
0.0025368431431569936
0.0027339750725308785
0.0029109451226099013
0.0031327824943773504
0.0034176556861382178
0.003646964838779165
0.003972863375300126
0.004384726286474317
0.004566070413049524
0.004907923727698356
0.005380062722482686
0.006007241920500438
0.006240864995107216
0.006434006438013897
0.007283601949203954
0.007734848298453943
0.008101023616593752
0.009054109836971367
0.009082154320417273
0.009383515431492582
0.00951878098465704
0.009740833339668563
0.009778400053853548
0.010415884988335353
0.010598318208289744
0.010994389156291395
0.011108034977968145
0.011518597965370568
0.01203933457164765
0.012560711475261175
0.012929501564906706
0.013094243351134216
0.013310347941694318
0.01355083241983947
0.013777350198869073
0.01440623362077252
0.015165319153572462
0.015340402679118055
0.015513295472515223
0.015555489361995157
0.01589265958045944
0.01676345342807544
0.0171150110903076
0.01730847446998955
