1.0408340855860843e-17
0.0026541012697133444
0.004386195081642624
0.008134427591967008
0.009574706794427101
0.015390235683872029
0.01622857023738055
0.0188049767693607
0.020550601081264643
0.02207732062056239
0.023594881739918264
0.02757299235744641
0.0291274285868112
0.03331801107356863
0.034820420958732334
0.0377264485352241
0.043903476372618204
0.046761578106009186
0.049111942569161585
0.05033751781906163
0.05188488500250851
0.054497525193518366
0.05583750636142467
0.05715565998282642
0.059519630197613506
0.060511438478082775
0.063723812003663
0.0643098812282315
0.06747149305054785
0.07597743995339414
0.07904271973924257
0.08047273053309623
0.08120040889785154
0.08449131328535481
0.08811061140358477
0.08817142361803298
0.09122940843553375
0.0969153941928857
0.09778325986537927
0.10312866090414549
0.10509536696683477
0.10632169326998131
0.11033284507783576
0.11242083980081774
0.11305427886206755
0.11393721766537025
0.11700318192105554
0.11875038927358973
0.12042918220194905
0.1223272994676411
