1.0408340855860843e-17
0.0019177902808824188
0.00550093866629296
0.008234851548255434
0.012114954177531551
0.013885173180314089
0.015138356267773429
0.018112796692703555
0.019534506099839498
0.020540582808844403
0.027022282176640287
0.027451178653610228
0.030721914589675152
0.03373766304823595
0.03539800453124783
0.037335804143760004
0.04299411037235862
0.04778490971696257
0.049892669051174246
0.050886809097653946
0.05153921870182164
0.05222610432886932
0.053698282908442065
0.056426377193929116
0.059317544793022016
0.05991480751968028
0.06286578403057784
0.06689954003147558
0.07236872514139979
0.07551611296907315
0.07746698150413926
0.07976803120394976
0.08211364227945257
0.08537926044347548
0.0880303387020608
0.08906905720338439
0.09104274848442613
0.09647996143543641
0.10002207412763227
0.1038970546515087
0.10452170957982118
0.10480922414260006
0.10753046484298116
0.1101633730056309
0.11225650907899998
0.11316237073823426
0.11609125852848463
0.11862559870651919
0.12032871121880782
0.12275410403907817
