-1.0408340855860843e-17
0.0006170547178907075
0.0007154792130053926
0.0008290757209735936
0.0018118766387666893
0.0018515428185772523
0.0020687102578458624
0.0024888934946179324
0.002660709809239886
0.003815709592653099
0.0039176986937177315
0.0040275336661947676
0.004148899676918885
0.0042492998993342666
0.005178393534674766
0.005353268013628367
0.0060823178383123625
0.006485689942957321
0.006659623152976772
0.0068613950819347205
0.007049817803141978
0.007285619034443766
0.007566241772177662
0.008429649468000558
0.00892797726994195
0.009441293866802222
0.00976258317035589
0.009834681856769169
0.009986338065351092
0.01058732219856409
0.010621460350734547
0.010720113963527492
0.01143344478502817
0.011700558562811934
0.01249235210285734
0.01266457631824936
0.013685051828936338
0.013848304486680748
0.013993615884765704
0.014064944862252961
0.014359921766966455
0.014616701250659779
0.0149099183092179
0.015093386364503933
0.015383831184986532
0.016457311858729333
0.01661536897291132
0.01699810864439355
0.017101492920951998
0.018357055580043823
