3.469446951953614e-18
0.00250675357294982
0.00409532281293375
0.0073738051093189035
0.008636755277684713
0.010616400313449495
0.012472032564915131
0.015302395205352379
0.01984751710073023
0.02084019981977945
0.022319103980296004
0.025376355404874866
0.027439022990577343
0.027829130236986244
0.03023705285985872
0.031594891022045504
0.03202567052333728
0.03338067219325563
0.03711870929932839
0.04131766192209113
0.042483989759989335
0.04377257203941873
0.04470800333464804
0.04596527473124796
0.04660945684495881
0.04859914872688603
0.050791179756363054
0.0530371129877839
0.05575355196837021
0.061299648451896525
0.061636673056334766
0.06320374578964473
0.06471468340632189
0.06754943706123791
0.06862901876496677
0.07040155816737556
0.07195187663906522
0.07497812770911806
0.07675381898233298
0.07943082553898358
0.08154646536394698
0.08300859284975527
0.08322760448659919
0.08655326041251046
0.08787034444933094
0.09280350273391452
0.09431217045708946
0.09604822487589261
0.09646199863490795
0.09772788899054773
