0.0
0.004732368425570198
0.004734223373985139
0.010336339082130741
0.013733107737994561
0.013743692348255345
0.015417525103521108
0.024822815392682267
0.02838011872993955
0.028383975606719486
0.029737926708233657
0.031529395100394396
0.03153979421258378
0.03194795013790214
0.03889149731816515
0.03892910733676322
0.03955419039958022
0.044796780189322497
0.044859327633764864
0.0512498792927413
0.05267665713733146
0.052734702602351795
0.0568366036143828
0.06045981414888816
0.060505372395395336
0.062045384146959544
0.0620924824312973
0.0679534738173328
0.06940630776448566
0.07740348374113337
0.0774785199390569
0.08303417333954059
0.08313910420546038
0.08330727777209428
0.08886320592473392
0.08897680648428728
0.09305555106935155
0.09696628439060334
0.09709556150871117
0.10294430855164967
0.10326088654507558
0.10333680214651904
0.10551928855857311
0.1090524432958658
0.10911882853706582
0.11241672210705307
0.11687117128191697
0.11694442305063325
0.12146847954243904
0.12443788311477007
