-1.5612511283791264e-17
0.001209072749865498
0.0012989580617818203
0.003587529145751398
0.006514465752258733
0.007631800719731392
0.008880381955050887
0.013044785737493838
0.016242820287968564
0.01902034502800904
0.02592315011135874
0.028084925136523144
0.03744448991429422
0.040971707818231874
0.0467055851085109
0.05342830761706888
0.05364380950650003
0.054587575853298466
0.05540406468472806
0.05575101706671117
0.058449704227151004
0.05920419498917568
0.06051956838766131
0.06144266231353903
0.06695656920840008
0.06872809846736017
0.06903593236912335
0.06956950809802849
0.07256393080973189
0.07327675014309014
0.07526399012248261
0.07563151957469323
0.07630790513185912
0.08096588957472406
0.0844889185809246
0.0864687051322759
0.08847348376881825
0.08898645689879613
0.09248787868173826
0.09581924609892904
0.09654329295820185
0.09710107883969278
0.09834279470997173
0.10001512333237368
0.10674110890471933
0.10803660252041897
0.10837594614912205
0.1112133583621788
0.1173385237396067
0.1188863869225605
