3.2959746043559335e-17
0.015240121126334319
0.021496187070968294
0.029105015927037438
0.04902705571507315
0.05148876730802515
0.06303700486295097
0.07826846421831506
0.08300800460000085
0.0838132398125729
0.10939795853495712
0.12138027712030604
0.12242725808527409
0.14453817376376638
0.15668311268389945
0.16077487233005713
0.1643244673285957
0.166520231158773
0.17453803563860779
0.20045753317831685
0.2292037829013862
0.23410157126503456
0.25322351573925983
0.25431148335040243
0.256267666139845
0.25870107162490896
0.27617192311393196
0.27918661319372706
0.29199717105090267
0.29318232850913917
0.3017347210198026
0.33934281806536254
0.3403914231639828
0.351403550344945
0.3662085203632743
0.38101682635111056
0.3857436973995323
0.40927714578418467
0.4110779134998374
0.41326545963288513
0.41636506906578546
0.4344734768522685
0.44632510761061606
0.45392656271431997
0.4652312477828386
0.46768759194050064
0.47050969573702844
0.4981641021519131
0.5228623827661992
0.5426633724632464
