-2.949029909160572e-17
0.016018225675684193
0.016020911733661304
0.018031490720144212
0.045618655128358256
0.04563502311850104
0.05099551784544328
0.05637955416796674
0.056419117370666565
0.08760305154123027
0.08765365132295423
0.10052258393524968
0.10060858846690955
0.11026612324414414
0.11347791208637238
0.11352968114782684
0.13489834561484196
0.15048626733790438
0.1738034900022144
0.17390333208981523
0.1750275712904546
0.17512542054468405
0.1817292774040866
0.18181014730493147
0.18229167082782854
0.20989277897374573
0.20991077902350513
0.2501860202146068
0.2540125589481246
0.2540713317347953
0.26493321895525074
0.267853058320466
0.2680052875480099
0.2715030741165744
0.2786815243774356
0.27878290333596323
0.2892519628311358
0.2892862903752639
0.3466480316327945
0.34668339043902036
0.36239754444544514
0.36251554660274293
0.36259126655654095
0.36261062259575416
0.36539803816950334
0.3759791672403469
0.37619473131947934
0.38094628814628445
0.38101771659361444
0.3896488413180642
