6.938893903907228e-18
0.00017129521921113895
0.0006357258483438294
0.0017232302448810764
0.0019739601695893515
0.002504816616237365
0.00527267320532924
0.006568523667267815
0.008116818210128761
0.00927998785488683
0.010770601981298965
0.011275209186550431
0.012643951359484438
0.01408108489462625
0.014624352405319728
0.016411774545000486
0.017024525468734966
0.019285739042098293
0.02017165636928033
0.021267248134374382
0.022920380286020454
0.0231936717054477
0.026888850736312538
0.02823172159744107
0.029104938590458533
0.031115938158233783
0.032457618340250134
0.0326042608290077
0.0353411051950026
0.0376701880565239
0.03778080611479289
0.038545433219106015
0.039776330012727276
0.04171165659527169
0.042258430759582265
0.0434366280905232
0.04373283985399962
0.04476189035875514
0.04550061025067536
0.04597763980761549
0.04676485665661706
0.047298762454051936
0.04770727306842458
0.04988821450391398
0.05077938826726843
0.05214059565714904
0.052941861500686076
0.05413422898620992
0.054392216013253496
0.05561293036084026
