1.0234868508263162e-16
0.004654262335963536
0.018976853861592292
0.043040057977492684
0.07532173234644608
0.08278751168809578
0.08279636413296579
0.09215328609420032
0.09217962088335536
0.11135367240796908
0.11139312317911251
0.11382870444633231
0.14178106479187785
0.14183129798590766
0.1588686912022923
0.18265125337017823
0.1827201451684559
0.21249041923377052
0.23156573673431696
0.23165313171613067
0.27485819983967924
0.28656597528782535
0.28668139264711295
0.318185513635698
0.3182087632178634
0.32363933931325084
0.32369347493623996
0.3444980644912405
0.34581180715015764
0.3458468974295567
0.34840010206612526
0.3485251700732169
0.38123483224024246
0.3812939307315234
0.4186163768492107
0.4187788782061521
0.4224003345308088
0.42837059715969167
0.4284565678355248
0.4843538321031507
0.48447545103439754
0.49529264189660593
0.49548263059955633
0.5116255961182861
0.5467824848074654
0.54692754110206
0.5749684330257632
0.5752103354144291
0.6127321206389249
0.6163522008837686
