-5.204170427930421e-18
0.00016691957694815393
0.0008452262537302704
0.0018639828396706457
0.0035544968946888272
0.0050456985198726045
0.007415718929579493
0.009817088727326439
0.013829271007608163
0.015109322954902108
0.020922575252791356
0.02360422740377189
0.028416295251525524
0.032190731934101
0.04092139105002525
0.04355572859942901
0.05277031796922942
0.05577384621645031
0.059912515058349054
0.06192126100665666
0.06357017241815971
0.06934815660393384
0.07135427973351026
0.07163404032161834
0.07339943857204628
0.0736612868615787
0.0745851379643088
0.075185859809715
0.07890627881198323
0.08071359458631118
0.08122413965387772
0.08393860285153204
0.08545908250378484
0.08924596055342392
0.09107015116694399
0.09312814961195083
0.0940087598250566
0.09508691844303727
0.09800772082677235
0.10033895520927837
0.10509729568716424
0.10744348525032404
0.11492461472464324
0.11682768352807103
0.11984541614513854
0.12341770029423062
0.12706690105475033
0.12821562767990927
0.13524729690846635
0.13811563402518295
