-1.5612511283791264e-17
0.00039199390011018624
0.0010024277732727134
0.001651947795205503
0.002599969108883795
0.002829992794116769
0.0033884905353229276
0.004681290503430994
0.005117586648726972
0.005228569102301902
0.00640206727971211
0.006730939516545799
0.007418957409399888
0.007507528741754343
0.00831077306127488
0.00843760910619234
0.009207773098772692
0.009375528599734026
0.010599935653743798
0.011306675911633068
0.011821024275460593
0.012118168102265394
0.012297017883534865
0.01319995705780854
0.014042971626557066
0.014402269340097971
0.014916897299264932
0.015129103923218075
0.01663550228697993
0.016906092784465976
0.01727238232117092
0.017425180483512104
0.01753455540823686
0.018626935453916825
0.0187751282529635
0.018992683506939514
0.01943169491054872
0.019927527561762658
0.020620426394556197
0.021446624833536362
0.02297930499590354
0.023504194998042578
0.023691636705078352
0.02464761768842893
0.02469516515724412
0.02501060275327066
0.026270143014089573
0.02631467034432282
0.026758952090436557
0.027787142657167495
