3.8163916471489756e-17
0.007855084795315886
0.03127338553858417
0.06966115362659873
0.11828994374954792
0.1777063180093281
0.19008823567304411
0.19680336704835485
0.2047124582557117
0.21463763899212623
0.22916619649795258
0.2564368287917473
0.26991113946941175
0.2803171759113294
0.3006053727100051
0.33989935938163046
0.3741413439055303
0.3829098826797106
0.38813884165015383
0.4642513937280207
0.4800214516146352
0.4987362479970745
0.5371761053344658
0.5815454406996743
0.5953701451289111
0.6918015540172195
0.692679830821189
0.7229316744386071
0.7290622537948976
0.7412548761960368
0.7452071370257173
0.7792877017917758
0.7823775611767819
0.7884110021539292
0.8132230701244724
0.824039376449592
0.8377324552751896
0.8680675982152715
0.8688403191230847
0.904486460159133
0.9438527504602722
0.9752713328199163
0.9769848481187131
0.9953104347096664
1.0143165912003762
1.0390739896476646
1.0595229908132864
1.0979847125809472
1.1246507054376371
1.1719143427350884
