8.673617379884035e-18
0.003230446133388099
0.0032331507676986535
0.003977625655306818
0.007847377881045977
0.012137082450684266
0.012143536855364736
0.01573100350241536
0.03361500191955598
0.03968302920606126
0.042117718745972525
0.042138187197445075
0.04304888490442256
0.04386101224088415
0.044990674359351876
0.04500770758297557
0.05994680724516719
0.06818979463940517
0.06825268748424582
0.07060098342027704
0.07118908805417505
0.08301621780548811
0.08305478941225368
0.09571420757516642
0.09719016246569333
0.11464378577707766
0.11470406203081907
0.12012264503366012
0.12820315582817143
0.13270106692440958
0.1327617238569936
0.13484934695305437
0.14195222972762495
0.14686616724792317
0.1495209358189938
0.15289185636413263
0.15294477642488202
0.15888766051500366
0.1590546269633555
0.16719212279012335
0.1705408416220804
0.18519878729561845
0.18624802003139648
0.19581810528638097
0.1959249663762797
0.19854204090202313
0.19869490565855039
0.21052034622813273
0.2163001821642267
0.21825940156082982
