-3.469446951953614e-17
0.00034805601710344997
0.00041669909387324205
0.000786537750493678
0.001269835221910284
0.001370552780863293
0.0018049356806194416
0.0020433774863415043
0.0027001512415168114
0.002815699579972632
0.0032875981566721727
0.0033979176086194694
0.004178461833636543
0.0047447471156050695
0.005088860130350441
0.0068408510561550045
0.0070512116191389276
0.007992673114226261
0.008627478464081692
0.008880021501763332
0.009097190534615838
0.009830057776240108
0.010221787309393897
0.01139903731822201
0.011808890960885937
0.01337133741230708
0.014192485255405599
0.014688602598308212
0.015719978671170115
0.016026253577239746
0.017409692980140133
0.01787331437887306
0.018501069578350265
0.018559120366831584
0.018731915364485437
0.018952346461187243
0.019401401075717056
0.019922254711810403
0.02041237488915157
0.021006487182459094
0.02161509801809431
0.02182286508532854
0.022286356187794315
0.022807900783341613
0.023017632902945083
0.02328000107915059
0.023369787130234243
0.023700084941298993
0.023848953786270867
0.024004041959139917
