-5.204170427930421e-18
0.0007836086947818968
0.0015358887583133245
0.0021020400088773775
0.0034873563007065695
0.0038984199253867587
0.0056416229837399304
0.006223655345652121
0.006469191347327227
0.006723924624409591
0.00913653657065532
0.010475886199085531
0.011548550388719747
0.011809091678742495
0.012139112806563055
0.012279508527493136
0.013224559426071978
0.014615812976895749
0.01541574056431414
0.01614895278124019
0.01745141627501237
0.018293022029581905
0.01920921393385304
0.01985891555146814
0.02061199169156553
0.021096933689088132
0.021212048092604636
0.02189295730738678
0.02331843326274067
0.025980699192040393
0.026322525792768822
0.0272962869432678
0.02804043028864625
0.029915281012752308
0.03015144956120564
0.03033848669188157
0.030710603199414245
0.03150899818012987
0.032604974385783324
0.03381882783912192
0.0349642011913569
0.03618192103178632
0.03647696793516813
0.03688072005594382
0.03991771827418591
0.04064922890900908
0.040960338021484646
0.042566666874659986
0.04291619823239638
0.04342309261904058
