-1.3877787807814457e-17
0.004557834988493513
0.004557984874450936
0.0045580751801402395
0.013659434643787124
0.01365968618192868
0.013660783104936425
0.01368212770472643
0.0136824576931585
0.02728652863193838
0.02731751993354927
0.02731860296574866
0.027319661150952843
0.02733795182153325
0.02733926338894245
0.027340014413575656
0.045464936778193056
0.04546683079634826
0.04546939588713989
0.04549944336767366
0.04550664326644091
0.04552673109300628
0.04553495526503904
0.045535938193035634
0.04553703779231496
0.06812983922509228
0.06813500735015712
0.06813709471132351
0.06817573674957388
0.06817840320500412
0.06822106613702023
0.06822461590018167
0.06822841348698712
0.0682344374761164
0.0682367469701738
0.06823848323791437
0.09525271053051994
0.09530386108881954
0.09531083630014212
0.09532105768488532
0.0953374718085331
0.0953481059493306
0.09535241620364283
0.09541628896084282
0.09542071139952732
0.09542218574401992
0.09542603870548574
0.09543172439665318
0.09543405855288256
0.12686948718763028
