-1.734723475976807e-17
0.00845958089210261
0.008594316550719341
0.01640678815495921
0.025297765537564444
0.025383635703371495
0.026072073608300772
0.033144250580619095
0.03588808434104633
0.051117601326801744
0.05116896503025762
0.06142846974835776
0.06355941852234546
0.06419760817791334
0.06767788036227373
0.07214484683862857
0.08616576157765046
0.08622122075114916
0.10268144440754767
0.1028677965678348
0.1130927844698559
0.11836577909083061
0.12282109317301342
0.13042896730935263
0.13045526825434794
0.1320361059914429
0.13344707067437633
0.1510605372897481
0.15199562387878687
0.17860869122984074
0.17878428370758015
0.18158352582997797
0.1878052828451668
0.18897777276344624
0.18960080442977975
0.19337790034892555
0.19435978250717878
0.19461749586072558
0.20189567831178684
0.2055904538058925
0.2065955370303887
0.20731240816117721
0.2091396449800311
0.20932816847888777
0.20970110561273625
0.2267056101805921
0.23364099515685832
0.23379076911400073
0.23435252740643012
0.23638830183093926
