4.5102810375396984e-17
0.02268408481070775
0.026915142317908043
0.036796840024144295
0.04075907681797754
0.0575286069850385
0.0844714998380955
0.08557398656498852
0.089162600985951
0.11055117162576907
0.11369710755312096
0.12184472507176701
0.12944607195453847
0.13341955498446906
0.15172252738123848
0.15546256196741826
0.1907230889041112
0.19923186301881907
0.22039282409284908
0.23993344989022802
0.25170731890064907
0.2540990140819702
0.25462767717569906
0.259954268826445
0.26960392652001325
0.3043844873990779
0.3060907761986426
0.3112543800962037
0.314386602866832
0.3495092346874716
0.3609846380512493
0.3684986615722808
0.3767293531599041
0.3894169017548156
0.402524411785333
0.4124118139618815
0.4182411217088602
0.4193593220159919
0.4259683071439281
0.43097732005958445
0.4407678088206753
0.45525774747652775
0.46343164837348133
0.5281530931223212
0.5465077504192998
0.5489642885603537
0.5548263428945178
0.5678271753846875
0.5759823374730645
0.5873165330152386
