3.469446951953614e-18
0.04942421389579199
0.055186151637476526
0.06567662473886024
0.13422925647609235
0.16199660825196716
0.17632587351547693
0.17668010198454942
0.20438850013639506
0.2729974676633253
0.3028301596438805
0.31442134313517744
0.34537365773788314
0.3717847621484248
0.3870941088629525
0.4010866652119353
0.4795622269793015
0.4951081258166168
0.5086951645004536
0.5290858253473947
0.5566739790029984
0.6085912688052022
0.6097955168099294
0.6751517810001888
0.6752591908471757
0.725027798897636
0.7436899212577165
0.7546456354759512
0.7803416492706509
0.8144987749997302
0.8380620077507364
0.8450724194613283
0.9276360589935073
0.9308750576301582
1.0033519254772811
1.0232335503276722
1.0309742359565877
1.0352362383702425
1.066787713710668
1.0754990008179652
1.0967523336628824
1.1598997340038821
1.1626039818658456
1.2182386751589946
1.2195622212149408
1.3061716233507352
1.3149703016900014
1.3415852536106196
1.3697234386495376
1.3987473199198344
