1.9081958235744878e-17
0.01185999709574921
0.030722766370090526
0.03329514319425321
0.04721843599130566
0.05009993760870182
0.05777521597819172
0.08957999818948409
0.09650506634556621
0.10142372588399962
0.10971817252183996
0.11847314633359192
0.13513877953506642
0.14605698212741294
0.14862839605254466
0.1592812924490245
0.17060769335273954
0.18820951635276967
0.19931217150669883
0.22027056302415135
0.228451151537013
0.24234710995419656
0.24896747050742624
0.2544849412611424
0.27080922209923103
0.2740049686855542
0.2800243070878042
0.2896445670926047
0.3166117879204773
0.3333313361327334
0.3438564354270914
0.3457601487489169
0.3574324023306126
0.3693146042722628
0.38921247827282357
0.40050675025748267
0.4055482701588973
0.4194358728752445
0.43801872460184377
0.44534833603839685
0.4493722144081069
0.4554459402918917
0.4607500362585892
0.472108888614668
0.49380630622035626
0.5069210452786063
0.5112634400987601
0.5378516836122222
0.5395116524280162
0.5468737221565925
