-3.469446951953614e-18
0.0008799193544899754
0.0009146429560345486
0.0035415526326010877
0.0036140856507804933
0.0036148224496376537
0.0036223055137958957
0.004889729101988559
0.00489212907106067
0.005426118515526509
0.005428868991101669
0.007636845168670378
0.007642647554099548
0.007925382741194522
0.007926544851422567
0.007973275972828842
0.008125898576006934
0.012065475033294531
0.012073640629645931
0.01235446279807235
0.012357296666904544
0.01325100376943037
0.01325672168437604
0.014164818032771637
0.014415950225498268
0.016136882429670957
0.016141195717900944
0.0181688496100336
0.018174662997669552
0.01825050711898469
0.018260260578986297
0.018608397409203413
0.018614294993460026
0.019943152814399956
0.01995636057753461
0.02142872141287004
0.021444587243567875
0.022102630962048793
0.022479422738180363
0.0245081572905146
0.024524069409977887
0.0253559643852532
0.025370208971635548
0.026176964567217374
0.026190169055108986
0.026643872680464212
0.026654404925702382
0.028558633855370268
0.02857201320876243
0.030613646110501012
