1.3877787807814457e-17
0.0008740091175150917
0.0008791014594935927
0.0034899223220578885
0.0035006911805511437
0.007814282343385081
0.007835017522548069
0.009574485397172103
0.009611179488883672
0.011119694446138863
0.011175854924626619
0.01331462929689164
0.013394886182215732
0.01379777378148789
0.013831780870801448
0.015184358315581724
0.01526257645960888
0.015956917893806398
0.016067591857700764
0.01927646274792045
0.01948552308497442
0.02006414620555006
0.020255496624381628
0.021385984123215053
0.021454700895639854
0.02534556318502685
0.02580726865045878
0.02600549493993603
0.026432983680535274
0.03049167918726913
0.030563982953080805
0.03316348063297308
0.03371061057399053
0.03405152634460333
0.03453115594408967
0.03667448361842203
0.036679287698248415
0.03918254492447845
0.039189177440186726
0.04108224470078226
0.04115601666179635
0.04242128083028388
0.04243147769042823
0.042682312476487155
0.04312801434933521
0.044210602816782504
0.04455746266075242
0.04687316627400825
0.046882446453149575
0.05219214390429926
