1.734723475976807e-17
0.000875825131072306
0.0008836775962265692
0.003489479890768506
0.003505566277887307
0.0070062333541659975
0.007042778687139968
0.007780121078010465
0.007808857643543251
0.00840937944322982
0.008483062866365727
0.00981086786533811
0.009887203283153486
0.01151005237219792
0.011659372557654648
0.012171572924496788
0.012314681167913318
0.013659213278685125
0.013702000630466579
0.015896124719104274
0.01627194864038828
0.016355246809187207
0.016705155246562263
0.021023161594613086
0.021065859673305112
0.02200429023227355
0.022362745324405957
0.02282992192444011
0.02312750022691354
0.02656440780504911
0.026569236138113357
0.02919282940305467
0.029195736536242724
0.029798499627561204
0.029815517133689566
0.029852884010435843
0.030091049100677496
0.0313631433619413
0.03153508774651265
0.032174817489696056
0.032201759640333796
0.035914053659320676
0.03592355405445074
0.03844804037903879
0.038460178611392365
0.03925433526144225
0.03950913242309424
0.04006937309447201
0.04009950685490071
0.04125984416759055
