-2.0816681711721685e-17
0.0008738287613753466
0.0008784551760941516
0.003490793927620899
0.003500938672091473
0.007823352266225827
0.007844493243079424
0.010702555480317738
0.01073550596859429
0.012302998436621382
0.012348506075047673
0.013831023116726982
0.013870032720065062
0.014720177798198007
0.014795826720898122
0.017085666666728956
0.017150004389971926
0.017672277320442527
0.01776751310116348
0.020934013324820408
0.02106760585918388
0.02146467381644527
0.021501444705499362
0.02179681498822114
0.02203721408662141
0.026932405867929367
0.02730059728146169
0.027723821009176162
0.028069138766758185
0.03066678472530114
0.030755943595230477
0.0347436556102724
0.0354139465788656
0.03545929758658168
0.03608413017837221
0.04112220403127972
0.041127663027512244
0.04137246336745874
0.0414710529653978
0.04360049247635048
0.04361032389123923
0.044272026083241836
0.04483400088563663
0.04551864714450162
0.04600933291874379
0.04691961836005567
0.04694032455135284
0.05150409503888569
0.051544851841755224
0.053565410706753074
