-3.2959746043559335e-17
0.00416697367742515
0.00858199103636466
0.014926866802737722
0.01516539069983855
0.017576107537144968
0.02740008686613045
0.033120433520116975
0.037867842459796214
0.03819638665222639
0.04858144705528553
0.056228810829050464
0.05661699279146327
0.06018527004096871
0.06288102188147283
0.06452684800609963
0.06708883535104258
0.07969149220848318
0.07975533151765245
0.08846437569797463
0.08994304377369482
0.09184373510938278
0.09483906936863606
0.0958856117617345
0.09795918057499763
0.0985558818648646
0.10269097885521847
0.11098087343256643
0.11170353201307621
0.11992561715444545
0.12161870141658078
0.12894766550210904
0.1314125187665935
0.13595705233692784
0.13737426649038326
0.14956819849946537
0.1522328208624718
0.15347998377132072
0.15688076749956176
0.15962072928104312
0.1604699789200526
0.16274927460601743
0.16868890877279472
0.17766172534548563
0.17920881214072096
0.18479766463753375
0.18531954678243234
0.2002800871775919
0.20605312766297948
0.20791748777654512
