-3.469446951953614e-18
0.0008725321198135641
0.0008763577761222822
0.0034869291246737884
0.003498140274676549
0.007827591289267312
0.00784965240984674
0.013682414518788237
0.01370913115508183
0.013874334954676637
0.01390258868833723
0.01539928989467222
0.015452025621291316
0.018158222722802382
0.018238256687744377
0.021569736405092556
0.021633856420140485
0.021721398105429286
0.02184616262940115
0.023006655056306863
0.02305352537732412
0.02603730425254406
0.026145003141745407
0.02645100034467055
0.02663211150977801
0.03086641074330885
0.030960769780561906
0.03157803646087278
0.03185969406131706
0.032449960180844825
0.0327797883861498
0.03921325779213343
0.03965165897477951
0.040134038804318276
0.04055715426445123
0.041854604330455694
0.042007585889709036
0.04869889548718575
0.04949929329595961
0.049519394985300114
0.05030523391402047
0.052903052379013764
0.05290994358352708
0.05430264117676594
0.05443799325930641
0.05533237722130085
0.055345194099982405
0.058823387623077046
0.05884163738012466
0.05992446489463004
