3.469446951953614e-18
0.0011035661775959174
0.0016203040428761362
0.002754389709933743
0.003247107851735537
0.005007673946669988
0.005688570407038419
0.007001395590274835
0.007650926384657154
0.008051107209479996
0.009161586356614132
0.009246445163052243
0.012357465863205389
0.012453125568643248
0.014410449091283554
0.01518229696297792
0.015479400473118967
0.015974182618200904
0.016637188542003523
0.01747197750178918
0.01791570828429912
0.020289407866859538
0.020470765374779216
0.02096666265644319
0.021998618407607584
0.02441764389576729
0.02484622466684685
0.0257260561700303
0.02654718141915348
0.028073705363245077
0.02810118314537574
0.029722898602847825
0.030132408251590304
0.03019218483380892
0.03186940437232455
0.032264589370618636
0.0341905505853857
0.03487527348960898
0.03598898842657322
0.03720564862934501
0.03763331268843724
0.04038313340720682
0.04116795791853154
0.04192967456644217
0.04281005429972749
0.0435221870665666
0.04364878680667794
0.043965357111351085
0.04518838932859097
0.045891466182299834
