1.734723475976807e-18
0.0004558838959297148
0.00045627852830470127
0.0004771615461748764
0.0010966191177565095
0.001097167746631815
0.0015869909643599824
0.0016472616875412693
0.0016498371131877538
0.0021012410932847603
0.0024373006089865885
0.0024384479761050248
0.0028686175179095195
0.003348229084394007
0.0033500315982336014
0.0034554911442033834
0.0035618112323204006
0.0038808730812376693
0.004160381495139824
0.004162357371249174
0.004900517109171611
0.004904947126552881
0.005410454025140572
0.005411743022408615
0.005531246004727474
0.005619890224383662
0.00563105974467582
0.0066951575123440025
0.006709151798148278
0.007041031997083636
0.0073258384264865434
0.007339672779406977
0.007767624176069082
0.007768651553193137
0.00781565918689678
0.00800125165698696
0.008471869659245809
0.008484248423920085
0.009000971115564796
0.009372349465184568
0.009527210158837106
0.009533029430144469
0.009926900703849906
0.010541966473784853
0.010755138120835771
0.01076338553267162
0.010990576775667319
0.011032471399966095
0.011047997283913919
0.011726360701156924
