1.0408340855860843e-17
0.010303096532218019
0.010308561808814861
0.016166928646084607
0.02542741486733189
0.027405719201944574
0.027415690372260382
0.0402546151197342
0.0402800397429735
0.04617395175617596
0.04621620756902792
0.05145599679830142
0.0514707432505173
0.07737067028090318
0.08183417832512055
0.0869473334691369
0.08698810516819266
0.09307831401665127
0.09312934441881535
0.09599513270914062
0.09605436251814972
0.10904862326412224
0.10907482660668456
0.11821699359913608
0.11832040898959241
0.11966289421109262
0.11972036574101518
0.12766460505112498
0.1277306730088076
0.1656554597021253
0.1667036811272018
0.1667278676265098
0.1676931553327147
0.16776544698875237
0.18007915035605715
0.18854397711143697
0.18861679883327045
0.192878864709919
0.1929871697149079
0.20064325252417542
0.20072072638228308
0.20672655594896197
0.20681385654521922
0.21903928548589296
0.22447891520264063
0.2325405648321058
0.2326522517294356
0.23777162203020594
0.23783257849960118
0.26236101028746217
