-8.673617379884035e-18
0.01791861798357343
0.02415392326307334
0.02639572317038779
0.03186978269349349
0.05157714583156119
0.05870312447410753
0.07720106474456577
0.08432087090953296
0.08532182688545933
0.09263639718820346
0.10800978431194383
0.12127671836403388
0.12536146949468288
0.12656452321660466
0.1366435843692955
0.17278189566310564
0.17560347824200234
0.1888017658074301
0.1895733007039552
0.19575803250608803
0.20100881356510214
0.20585458451140967
0.21050270799552576
0.21522263394998034
0.2253872308201682
0.2342653110902205
0.2753162366325085
0.29805357470606586
0.3011703967907698
0.3041249940931023
0.30892073319526514
0.3119923354207474
0.3123330611647822
0.31664622602186054
0.3319448447025097
0.33600341798798444
0.3472111991258455
0.35784499591203073
0.37823741734145283
0.38177633448203036
0.39165786579177025
0.39917494604409587
0.41423095194883697
0.42000519854307244
0.4335053355798017
0.437049817720116
0.4451847583918422
0.451776248550413
0.4526736779739645
