1.734723475976807e-18
0.00011566223594576021
0.000364013201499834
0.00047369899829414856
0.0005207580247365597
0.0009508112116001777
0.0010126828866144997
0.0012275960009802793
0.0013201836545876002
0.0014380908456075089
0.0016008073845063479
0.0017000115671095307
0.0017336235155576505
0.001825022232243909
0.002322517563822995
0.002363235923707097
0.0024232521534014347
0.0024472775340904484
0.002568532891145437
0.002819677979663421
0.0029270783892911562
0.002932943713919887
0.0031272593372073127
0.003512747968564378
0.003577326187982524
0.003748640922349845
0.003803686225276246
0.004169632279836752
0.004219131337602527
0.004521236736983344
0.00479608912972933
0.004832859599621339
0.004971996349387636
0.005114879114017212
0.005294044585267672
0.005376879906713242
0.005482978531976079
0.005504716513138969
0.005805421157654022
0.005924291776703035
0.006102683052586122
0.006151049931394084
0.006218503344647774
0.006313728989666799
0.006618610736844914
0.006692484841009429
0.00674101410063053
0.0069094023714600435
0.006915996243776425
0.006956028878948273
