-5.204170427930421e-18
0.009286655455926067
0.010151390883548638
0.013807682059917814
0.021999580035966505
0.02799108087094069
0.03622379415493475
0.039836054614540865
0.04117487477029192
0.046144202134489255
0.0575698833761334
0.06058052407397924
0.06771673058991116
0.07581529802522757
0.07767834107747168
0.08349655834914069
0.08483921064565443
0.08995813841333158
0.09650817609142831
0.1108590398102688
0.11515365215595817
0.11946866958364645
0.12895958009068365
0.13171159206723398
0.1332928267344419
0.13845778386575694
0.14345413011991898
0.1469748207966927
0.1538479208778386
0.1648955702963386
0.17443459211673856
0.1774426416878955
0.18244977848270857
0.19020583147917622
0.1932192220100659
0.19615126218630818
0.19856323014738916
0.20592587369851967
0.21009092029718524
0.21316702230610682
0.22576110436328944
0.23029579251051688
0.23360755441607658
0.24076693310745845
0.247303341923441
0.253183958282676
0.2560018997601215
0.26066936348410846
0.26519402791677427
0.2764013946803511
