6.938893903907228e-18
0.00020284275720484045
0.0008533473324562491
0.0016263893148753279
0.0017019080248567315
0.001914353710907873
0.0026496952298525594
0.003336658077782396
0.003444235498225652
0.004155582929492868
0.00443752788207801
0.00452791290691776
0.004800861577066898
0.005176863116638383
0.005835933063941331
0.0063609031453572395
0.006558201489674462
0.007276400555192962
0.008529790643633536
0.00903357307057266
0.009339266987029549
0.010099362932547649
0.011445644339294866
0.01214060125898585
0.01310527652792705
0.013215923800750885
0.013938229208700777
0.014017346211454907
0.014869423175032101
0.015028344095048834
0.015492047623941784
0.015613825025656768
0.01621190894411214
0.01623296056531176
0.017213983273094036
0.01730337798145678
0.017460865254194213
0.01804980397320912
0.01833990886813222
0.01863806529325738
0.019172256548043866
0.019754791181415675
0.019904646490210544
0.020889498711983798
0.02231457794137906
0.022602523633604647
0.022999607632057793
0.023199976105403655
0.023483958221409536
0.023788713820817917
