-2.949029909160572e-17
0.022514419407021487
0.0664853360740026
0.0917060272089036
0.09294235774148067
0.13659250896888775
0.18521448736702087
0.20602237901102027
0.22020484548530467
0.2388734010875284
0.2592248264011374
0.26488625439298863
0.3273248195678341
0.34965201293106773
0.3574759569099178
0.44640085822291437
0.45510668406986327
0.46562824557398325
0.4835268308965067
0.5180444150447077
0.5201756746169369
0.5472323031448829
0.5943953412369495
0.6130428837692263
0.6578771196755897
0.6819504403088354
0.7145819849922772
0.7278649515241653
0.7582929754017101
0.7912978767719352
0.8399457894699862
0.8467482013025672
0.8472957824750382
0.8796664559971105
0.9004530728973006
0.9102507895567205
0.9537350513504818
1.0010894831580388
1.020611213085635
1.0687319649969744
1.0858350059651374
1.1067094001203481
1.132342833061602
1.1826642728255852
1.1955742022341804
1.2305057359667921
1.2361583499946451
1.2798306956855217
1.2875696209129597
1.3230504803044032
