-1.734723475976807e-18
0.0002388208200476659
0.001673041107637864
0.0030074257948311534
0.0040523429883760915
0.0045065953516424395
0.005499084393903534
0.0063472242453009396
0.006577875846431389
0.007530415875064719
0.008498478251028842
0.00961985808475751
0.011399586154646793
0.012495044544407969
0.012668989125680428
0.01376487217134713
0.014299435593282126
0.015659068465568214
0.01633497184362192
0.01771040699511539
0.018055556958119473
0.018725753608384944
0.01887691630645169
0.019492126967976003
0.020199950898159916
0.02134598489269804
0.021808336498034507
0.02258059491216248
0.02357109544517045
0.025336121244669198
0.02586607934514179
0.026825583428999683
0.027868566610733975
0.02835482731840564
0.02877263145174768
0.030439576709107893
0.030812075200760833
0.031435610036433
0.03341853420216173
0.03534171454940706
0.03591168319429267
0.036861087953881176
0.038703834603815115
0.03942283316825247
0.03953621243331479
0.03984505672366408
0.040120401592459165
0.04079786188823839
0.04112151074905185
0.041614782033065
