-1.734723475976807e-17
0.0005714106889073145
0.0014404838915395585
0.001693347337297691
0.0019185398858594278
0.0024584106133350696
0.0032126568570495177
0.004345334173394501
0.004430849231789
0.005218254690068109
0.005342153443046178
0.005567498437132393
0.006935976771395449
0.007050206520582544
0.0074999275497425275
0.00821587287884728
0.008778812201425583
0.009440387780522646
0.009550304561691056
0.010692394149364315
0.011098191516289475
0.01135063273785193
0.012279120324096749
0.012746930024439504
0.013064552670030418
0.013600553632636446
0.013957779163221206
0.014508960008453963
0.015918993192740316
0.016086261214431408
0.016744789969217015
0.016873652315842425
0.017278371572133522
0.017854830230376838
0.018231683453171485
0.01927907713193725
0.019634124904503003
0.02085105140321908
0.021031024613171023
0.02134761638047831
0.021706119208795567
0.021957060969201747
0.022817822287299748
0.023276237781942807
0.02400333805380806
0.024427695438422485
0.025240177693868403
0.025621840380477705
0.026353549044159714
0.026480835200309374
