3.469446951953614e-18
0.00046456754456046523
0.001218434697397101
0.0016020859599070077
0.001642765567432352
0.002074390168968503
0.0029069899214506107
0.003483889454988001
0.0040966740456638475
0.004492521823944079
0.004963056507545433
0.005057871236996459
0.005476428704829964
0.006494835194393247
0.006776468143180106
0.006861622430642067
0.007912560214094746
0.008446997506875263
0.008712522831720011
0.00892557802906833
0.010062128420526251
0.010434785026398883
0.01080173685734232
0.011673023579821805
0.01186808561894079
0.012362448886594641
0.012404008616789022
0.012957971339865352
0.013289671238160087
0.01442035154983566
0.014923715800143489
0.01539984582479025
0.015710254177373158
0.016061339455733112
0.01624122222876314
0.01643430970010676
0.01717022871482852
0.017497712375327185
0.018290694199324754
0.018882236550018174
0.0197049315933535
0.02014887164087375
0.020229307417930067
0.02048864636203826
0.020775510696866874
0.021727909538950672
0.02242292993007757
0.022505121404739807
0.023133066353907508
0.02390385513335328
