-6.938893903907228e-18
0.0005421170470468854
0.000542561760935388
0.0013591924415170924
0.0013600724578867428
0.0018281218084255264
0.0021699384670715496
0.0021741447122188545
0.002806580137146568
0.002810574872830653
0.003261739314904191
0.0032663773885694483
0.003440719001527714
0.00344325125719774
0.0035777740608794236
0.0035789069592989213
0.003782107471106865
0.0037854699900048625
0.003898447016296984
0.0039023828707554203
0.003938436908398735
0.005503912690772349
0.005507070945772538
0.005545050017502709
0.007296054007387311
0.007867377590370381
0.00787153118806559
0.008325782557345467
0.008345240553867405
0.010220904349117254
0.010232467987461075
0.011804086687925172
0.012026990426072871
0.012042936742595644
0.01222481515960215
0.012241768262474783
0.01300688411407933
0.013014728398329478
0.013745840678225997
0.013760033408171274
0.01479291442194615
0.014797712752816083
0.0153917342976121
0.015409225824482996
0.015601831986578137
0.015735633010100954
0.015752059959577194
0.017936030945163377
0.017953859886981102
0.018229078852129925
