3.469446951953614e-18
0.006497049622456149
0.006503649585133263
0.01753419965147527
0.017595246222272508
0.017608315171653177
0.021635769363011266
0.03029264547039784
0.03030100637573116
0.03278169373320469
0.033198540197470226
0.04827487756656523
0.048306919305193485
0.052691287587700066
0.05271700065830547
0.05556088823962995
0.055622430837578694
0.06298646428586106
0.06728222673021729
0.06846961018798449
0.07541537188741583
0.07548757098427643
0.08447057790973486
0.08910977948454422
0.08913339353560397
0.0982395136964927
0.09835552009297822
0.10304449584906716
0.10309389054966803
0.10794328989556773
0.10808100052705313
0.10871615839001453
0.10875686026349407
0.11005980784937638
0.1102015359669022
0.13548175889032468
0.13720915153668273
0.1376938996272025
0.13770338976716934
0.14245959060556193
0.14271892117661306
0.1480819625912528
0.17184871855277925
0.17193993557362117
0.17434928461826624
0.1746331699749371
0.17869903038659518
0.17888142638406923
0.17905706406310776
0.1836462804751922
