-8.673617379884035e-18
0.0006808076308832747
0.001286751280714444
0.0015314708347957846
0.0022323070407024373
0.0026872643006398047
0.0032392648967032867
0.003956844456033526
0.004160347415507595
0.005179493311907967
0.005300646273542261
0.00603514572091784
0.007095818851077533
0.00742514540915804
0.008329339883974543
0.008563347567547593
0.009167250755925371
0.00949012372287284
0.010088544879664737
0.011241985323034916
0.011424812373616451
0.011615370893211277
0.012735887527213904
0.013293640714280153
0.013757526428475357
0.014457434980599782
0.01509685464940442
0.015672576044363465
0.016140213067000204
0.01688410518762174
0.017528662729780646
0.018054408986457778
0.01838085978959931
0.01898039519272489
0.020273231125603586
0.02123878959820267
0.022139646873020787
0.02261704638160058
0.023226024515218588
0.023447749080615747
0.024421002807897677
0.02531399122675787
0.02562815444476344
0.02664793236201348
0.027190238493544155
0.027685595712277085
0.028290036669335425
0.02866860920934071
0.029253805410487277
0.02987293777755505
