1.0408340855860843e-17
0.0005852544675438252
0.0008420065555965455
0.0012754321360316598
0.0013547263624876932
0.001409978465369624
0.0018953834810006998
0.001972129661124363
0.0021187714313780064
0.0028799837406983924
0.0033755383012179473
0.004169441952195773
0.00523577689660454
0.005549968432824782
0.006027606203080129
0.006802002171835022
0.007004775875248266
0.0077296387411127255
0.008520603421770119
0.008717360750206458
0.009515602300491194
0.009903183501440148
0.010391663690655846
0.011133689991963886
0.011399543248672999
0.011982792171706195
0.012750055055303204
0.013372166696864448
0.013878845828560497
0.01442786137410333
0.015086297211353022
0.015288003601294215
0.015968759195868397
0.016299225666207624
0.016563540278574714
0.01741308075078593
0.018189728288343227
0.018782701124084096
0.019263934551069374
0.0197143019155313
0.020271310482413957
0.02133535550476428
0.021766547017642718
0.022825910720455297
0.023022629032010744
0.023799552471617975
0.024099659466816574
0.02482895650226348
0.025718316236028098
0.0269691270750764
