3.469446951953614e-18
0.0006206628230862772
0.001182149023649555
0.0022031928003246794
0.002786356276063783
0.002848378569354746
0.00339794018418451
0.0037511683679766865
0.00444985175392941
0.004857146559946115
0.00494623440621041
0.005311380754075921
0.006091973469730149
0.006593325049911931
0.007312965496772185
0.00800809907468823
0.008401811252425182
0.008582174952360801
0.009282451609751956
0.00990616386830469
0.010138358549546983
0.010757911717976127
0.011740977248696353
0.012620777366464565
0.013415328674034466
0.013948327971923075
0.01437522354417201
0.015619613312741263
0.015831844536682432
0.016317326289916195
0.016518253275030946
0.017852908660541372
0.018251516366753734
0.0187286459856036
0.019714788496610992
0.020047681429617055
0.02107814789442517
0.0213331361233349
0.02213408441776163
0.022401823473041378
0.023109016511386665
0.02408299865217354
0.025337039069488372
0.025960000184560593
0.026338227670947144
0.026783414490977347
0.027367747035303543
0.0275585839038089
0.02842541581453239
0.028876913605996903
