3.469446951953614e-18
0.0003036837855838418
0.0003313147220030208
0.0003313834496978963
0.0008843281072577272
0.0009667184256485131
0.0009669133836797111
0.0009991292789271085
0.00099999756525118
0.0016560277958625694
0.0019373407829990606
0.0019428885725270937
0.001947304599692657
0.0019476269077622933
0.0020058886749712013
0.0020060363000249867
0.0025607942217335325
0.0031611583322344507
0.0031778995958201516
0.003263357317281161
0.003264119071352191
0.003346156473534945
0.003346616055487372
0.003404724308519503
0.0034051364486318413
0.003978460547944989
0.004706333200891904
0.004707088951225782
0.00489211175783787
0.004892248563166739
0.004947476419515156
0.0049490183485275865
0.005005735050340512
0.005014129543723961
0.005014997149956069
0.005049177431367133
0.005627485917429937
0.006593577849635228
0.006594756563076501
0.006600411973298163
0.00660077140669575
0.00684279876270792
0.006843449350989494
0.0069937198723128615
0.006997682043188553
0.00700371343956843
0.007004237057244669
0.00702044526781352
0.007123304195210312
0.007584060541874797
