0.0
0.006494810065651125
0.00688220552346464
0.0068852531935464315
0.01833456111818306
0.018342675278778496
0.01936085852565353
0.022408417959239132
0.02326879110608772
0.03221102177858085
0.04107307086601649
0.04108814710876379
0.04130511636489992
0.04237945988441236
0.043739891588135967
0.04374435269705828
0.05995837650267711
0.061792167159318866
0.06180918882967618
0.06402597454890872
0.0712008287006231
0.0712325418194417
0.07222728443863104
0.07488085759030651
0.07512403224472752
0.09054158935934448
0.09055370535477497
0.09180167149809706
0.09695374897586795
0.09897492983391737
0.10416628050882104
0.10578299138429785
0.10582562502746234
0.10998098875052387
0.1139944234097234
0.11401759070435952
0.1284073381898457
0.1286175517838944
0.12863298335332404
0.13032600271378805
0.1375929008326989
0.13927636756159803
0.13928578834432784
0.1471273555815296
0.1515598623445682
0.15203020638542036
0.15207942434591482
0.15953782443375936
0.16099737516787369
0.1617393827241747
