-2.0816681711721685e-17
0.0002772547473035656
0.000348658508360529
0.0005933130013964973
0.0011615742716060452
0.0019643819150102285
0.00242224057082922
0.004036870772489248
0.004038733906965353
0.005435822639115318
0.006493948223167867
0.008097260371047068
0.009174450528612205
0.0115248966409105
0.011587595830443458
0.01378504026938704
0.015864889612128633
0.016531011921145283
0.01663122268874776
0.01701560879333603
0.017164550635369848
0.017827577838173764
0.01859067444328926
0.020022084566007875
0.020314740721365403
0.021225623658423468
0.02140107625888729
0.02160766567974231
0.02189682826445065
0.02253616793604129
0.022710993982655484
0.023035591019537442
0.02329196606835316
0.024865098212651655
0.02522816299688417
0.025421441509099134
0.02714969700906769
0.027708584147282347
0.02870764897131048
0.028920260977845627
0.029163252060800032
0.029506628104873714
0.030186559689867068
0.03020000679687683
0.030401067189481254
0.030787728377131084
0.0315133634126273
0.03248723903616472
0.03298434505565297
0.03537295953621032
