2.949029909160572e-17
0.003639109323298176
0.01096120344740119
0.021366667446668722
0.022940812230133147
0.02387029964090484
0.03521166538147235
0.03895733919746061
0.04174160441707787
0.050772729974348285
0.05748742691439456
0.06201662193392448
0.0681606474999415
0.07660415084699972
0.08256762465179948
0.08350250756613158
0.08958367416889795
0.09238727699991743
0.10150440600028578
0.10986819628831553
0.11419496340439908
0.11785930911441443
0.12232747360360487
0.1292192500767271
0.13495552548413609
0.14294140915239378
0.15315534482792711
0.15352698619204438
0.1593203726398267
0.1664508338508895
0.17109457284534602
0.1759019016413102
0.18009147457461713
0.186039210850111
0.19102706779575218
0.19538387283902323
0.20196326350017382
0.21341319502661174
0.21477225063887756
0.21712392169162478
0.22891031011882915
0.23479546982131458
0.23667296464555163
0.2410674222163452
0.24614057285988455
0.2516687516996276
0.26363242883459237
0.27037410703983067
0.27276731561311796
0.277739739067385
