-9.194034422677078e-17
0.004647659752252755
0.014008078155911098
0.026608005430464342
0.029410277348745413
0.031623422681046974
0.0460086440800411
0.04855093795424925
0.053054356126526266
0.06684409518919227
0.07283062697133708
0.07865263662741545
0.08971729442352981
0.09624196909619195
0.10246497825145227
0.11033069942729865
0.11688990955366278
0.12237370622073092
0.1317528660139629
0.14000603313371993
0.1457382130135885
0.1527937907607272
0.159680872484414
0.16985043452271192
0.1772806957615986
0.1852400866794361
0.1919074572530564
0.1974986129979459
0.20718768469232654
0.2146701339302065
0.2183834533922184
0.22419164506662184
0.22813767028321968
0.23951900589018194
0.24427309019648757
0.25637729385120905
0.2584509837202065
0.269271513682987
0.27039433679967995
0.28076027000742987
0.28335007937900025
0.2920135933031651
0.30780154019729644
0.3109156998530243
0.3168435928692655
0.3222689203025318
0.3230778583632708
0.3274317549358211
0.34758172023830625
0.3516619329999537
