3.2959746043559335e-17
0.009473847049812875
0.029635251381584293
0.058437080647075694
0.06424631979318156
0.06970096934454895
0.0921659551433585
0.11518300310846787
0.14164272564678387
0.14521988262832347
0.17106581137002042
0.1846762260647267
0.21294410967595392
0.22761676609430234
0.23876749209437045
0.2558457172218739
0.26408380550217625
0.2785598558738588
0.29777976280469703
0.30295641446551447
0.32412627196912913
0.3251566363531011
0.3367992387716864
0.35998158322616797
0.3754366709362464
0.3909542770149059
0.3990491738334182
0.40555533821568507
0.4203981755273479
0.4374189589788993
0.4461120754913807
0.47118200549453526
0.48674887411625245
0.5085267674543544
0.5267951879266101
0.5538982290635062
0.5561337196315791
0.5734169071443834
0.597402167349695
0.6072178716847816
0.6272160462619198
0.6410414924056257
0.6533071912786299
0.6706014683609116
0.6785284022965254
0.7052492472980623
0.7217056292226226
0.7329091914056958
0.7515229145628518
0.7668442764802323
