-5.898059818321144e-17
0.008943953971452876
0.028424688767791723
0.056035067068632184
0.06406188094459798
0.06586431936529037
0.08532339894139267
0.10768191069269811
0.13504477035101212
0.13699624423836587
0.16226403563447317
0.17074627849316906
0.20004888935427856
0.21603178037995907
0.22722518709551728
0.24225852483316784
0.2477765485405587
0.27025147332416255
0.2789006582411194
0.30258812860444273
0.30705334663706063
0.31329658169396113
0.327033461631879
0.3542812338783727
0.362053401200639
0.3696938445475107
0.3883570253834963
0.3935175675900437
0.3975676975418813
0.4123224527962097
0.4497263546893254
0.4515109310603582
0.474934010105449
0.4817067262787587
0.5092667452107383
0.5179037881632057
0.525905290952095
0.5388472581189405
0.5634913450809849
0.566445200593267
0.5993912733889908
0.6001074313730418
0.6208026874103303
0.6362776366097576
0.6565498110902777
0.6712345803457138
0.6783939574973012
0.6934796687321535
0.7251635868216972
0.7348073708952522
