2.6020852139652106e-17
0.008418591533675643
0.026066177384260203
0.05526714601521309
0.05575592765481783
0.057496712120047234
0.0828042480564408
0.09321884951282736
0.10482252488789542
0.1331381423519125
0.15058849629222784
0.1647388619390896
0.18230438252358283
0.19572810790518685
0.20868249932857688
0.22036401072904832
0.2312818845799751
0.2416125131195787
0.2527901507237559
0.272834894620383
0.28523726324734794
0.2994316632593732
0.3121257795060539
0.3262665223093851
0.3356004753340796
0.3452493830882409
0.359964715410118
0.3659159461987615
0.37920879924154743
0.3877229460820876
0.39215858870142045
0.4175435539393054
0.427923033770935
0.44754694181293136
0.450472536686589
0.4686669192475401
0.48030299120364556
0.4935815517629112
0.5108386153720433
0.5306716029663264
0.5368329910306493
0.5518499021324798
0.5593169132117487
0.5923531068582653
0.5996240075168772
0.6061205413076928
0.6107994118645693
0.6327611031047055
0.6443377527176173
0.662193049224755
