-2.7755575615628914e-17
0.00710613129453218
0.021809580782414656
0.04364652646675319
0.04652735164957789
0.051211089591854955
0.06770385920890248
0.07999989045007651
0.09824350904255134
0.10825937291839809
0.11847576889120444
0.1307265467965411
0.14298298235470575
0.16013108326216757
0.16679268170398168
0.1751018245327828
0.19587802155112424
0.20883691920919567
0.21703527118270222
0.2280999232787508
0.23327786070287845
0.24990602752229563
0.26875975541888386
0.28158674007469026
0.28594545987272
0.3006102450737268
0.30229412083628154
0.312229062898772
0.32482803179598657
0.34499209366329014
0.34548535297375244
0.35481467319016724
0.36503723630226964
0.37052118296098613
0.37581261170759334
0.3812899130949435
0.39949568785626294
0.42083244120161
0.42348388013985566
0.4410401355459638
0.45642111114146267
0.4589100403703173
0.4708495993682121
0.4902566000159113
0.5084465026804128
0.5101105953802378
0.5130427786914072
0.5357315929408222
0.5456240017455608
0.5633672048232568
