3.8163916471489756e-17
0.007530968947159574
0.022997021311766168
0.046629906073431426
0.049921412405572664
0.05422041277728435
0.06977252926256373
0.08561117862252594
0.10633694793476402
0.11618395765798219
0.12924165741167767
0.14048015985742485
0.14834568347023772
0.16962565462685816
0.17956564462072108
0.1876729796447336
0.20953719374816895
0.22086001875358854
0.22672934165770722
0.24136882332077353
0.24696799190350388
0.2653719991152508
0.2878416560149105
0.29467491814546426
0.3095441156059212
0.3167480006496177
0.31925349347133875
0.3288372159595935
0.3441824976372118
0.35552073925923583
0.3669389533095323
0.37383120232286843
0.38099110344109416
0.3884403895841771
0.3992400071379541
0.40411030008573606
0.4244847648479443
0.4407666439249348
0.45626777947853364
0.4699394807593483
0.4856878866736882
0.49085842006562364
0.4991958408844541
0.524779262023285
0.5369765462140862
0.5440877517025106
0.5607411880200128
0.5659321131920431
0.5771473427439626
0.5916829389715027
