3.469446951953614e-18
0.0034979565300011853
0.010635182366583675
0.020530637152936786
0.02206283892105789
0.023441518513750148
0.03406047222976549
0.03774682457170655
0.04034497808272662
0.04896528315003285
0.054736660566176355
0.060308872270492815
0.06624873837855932
0.07450650460478404
0.07746860739002272
0.0818589651117605
0.08593834858093154
0.09004591980765062
0.10010796302019315
0.10662567581183603
0.11091679677989828
0.11560746581642235
0.11794809054829701
0.12187043523457029
0.12927951645310262
0.1397959951456165
0.14442042379560638
0.1479975034748006
0.15026588832060478
0.16187481366914358
0.16598088849930895
0.1709154872414505
0.17546199395879183
0.1828937021922782
0.18627305869172203
0.19172613445720227
0.19529410499267447
0.20588389366427415
0.20910544317893912
0.21380428483042027
0.21942040924550735
0.22248474032467933
0.22768693435546825
0.23275027024412925
0.2363663481141544
0.24472310997091246
0.25143819291616165
0.2597239511601402
0.26256961511252846
0.26770017506126204
