-1.3010426069826053e-16
0.006538916771322912
0.020089529566033063
0.03989275656745354
0.04266824161903148
0.045556183749472984
0.06371828361501854
0.07435078724097648
0.07646494416159379
0.0968270899933899
0.10477614684473195
0.11994284595584286
0.1384572343419705
0.14475532581040215
0.15320031736292708
0.15442150440307073
0.16362715764522515
0.18645034544947836
0.2019368391964418
0.2038147394407977
0.2131088911349614
0.22323165399993602
0.23007427112521298
0.24500425603307913
0.26165475315740044
0.2626789056015055
0.2766316695769475
0.29036877292322455
0.2984359779848087
0.30265129798858853
0.31044622504268565
0.33593434189756294
0.34044923884211126
0.3445016491869082
0.3482206658961948
0.358740731655185
0.36487302115114656
0.3781282124611965
0.38866299276647936
0.40249591621315367
0.41272103806252064
0.42064836876743694
0.42792566928496095
0.4478211186537497
0.44814305458824144
0.4592244363653359
0.46582884499362126
0.47500686782899487
0.4935498711595617
0.501522218720721
