-2.42861286636753e-17
0.006339389786262443
0.01970612803183939
0.037913031701389675
0.04183592558330154
0.04564949591074891
0.06281772017897914
0.07063025781805425
0.08420476433850632
0.09307799199061874
0.10344718643577169
0.11587133157048367
0.12973167370994085
0.14146277563851217
0.1472833850742233
0.15493055821066787
0.17223173588453383
0.18208473864937094
0.19596262999577585
0.20450755714995386
0.20675539068236518
0.222038110571689
0.23357511722167607
0.2463608378644247
0.2540058378930958
0.26382070926131773
0.27341644715386665
0.2807711741422745
0.2934234233011024
0.3009587086930704
0.31295726176646665
0.3217105806120344
0.3310560576797473
0.3362470582326818
0.34056877213978576
0.3503449078690612
0.3705819758536426
0.37306236809945054
0.3834500386728347
0.3911299513439168
0.40372856243980515
0.40620959217440555
0.4223855239968283
0.4361023670175179
0.44063816818195406
0.4537579354529292
0.4594035410658722
0.47600990203098015
0.4860107332162184
0.49631480688259555
