8.673617379884035e-18
0.00134861287465028
0.00438792615347533
0.005455942050176124
0.006083005382777331
0.008072834952709844
0.009476492453979439
0.011687782358290233
0.013407477075801552
0.015263028147764182
0.018439550233123034
0.020118463338750413
0.020716436022538455
0.02156222890844381
0.0220171850102944
0.02452850429992761
0.026737047842916264
0.028253212539427516
0.029160078070954866
0.029874688677498262
0.03255543000815654
0.03404006215328929
0.03804722760301197
0.03886654575301293
0.041585329057288484
0.042397372782580454
0.04302891579365895
0.04465235175509712
0.04566352276620808
0.04765473556076352
0.05179556656969151
0.05254263108586616
0.053786499674531495
0.05659993326590957
0.057611774344291496
0.05879756100193028
0.05965043525389418
0.06054303452822441
0.06287989308499439
0.0642618624302373
0.06765384283375803
0.06913208048354438
0.0706767710825982
0.07226559575506102
0.07316381753265915
0.07348225547898939
0.07603632340673452
0.07652135525731726
0.07798595390778584
0.07988433069243324
