5.204170427930421e-18
0.014163044963181362
0.014167752394944113
0.019876711302500447
0.021991129482521764
0.039666280298399866
0.03967665719661098
0.046987347728959704
0.04701665751458364
0.04843887061077382
0.05288300692962573
0.052890361432774834
0.05459481307193111
0.06643990817915449
0.06893454012724926
0.06896158158235405
0.0842226680779292
0.08692234402957279
0.08697064666113848
0.09936827857023746
0.09941278595663046
0.10639273483333915
0.10640978072850373
0.11669866611898065
0.11676718809974872
0.1235939255601642
0.13593198594035877
0.13883089604918603
0.1507443152703506
0.1507977448152749
0.1598063722114324
0.15988797110386066
0.17158554641406232
0.17357668765020814
0.1736059667187947
0.17760668407909386
0.18057784407152233
0.18067057340869513
0.1831330650588295
0.20018121867226418
0.20025979944756084
0.20440457891252894
0.20444265185502536
0.2049908007748856
0.2110441293655643
0.2118492809109012
0.21191310113289116
0.2150290042171273
0.22278628425714558
0.24769871506488422
