-3.642919299551295e-17
0.013721774300233669
0.013724302597709884
0.0210693365726871
0.023193124929548697
0.040390395558153186
0.040414131864439734
0.046505238663349546
0.046521146901968555
0.05051034605906005
0.05185498764763588
0.05189111778333823
0.05769602452569502
0.06556454456483127
0.07110363271771172
0.07114791974981909
0.0859497395830758
0.08891847889650344
0.0889555273016308
0.09867657029334125
0.0986976915656576
0.10837052105801745
0.10844613156729228
0.11566337962509095
0.11571256182694854
0.12238366600081714
0.1306959189775554
0.14160325733299567
0.15205520213468096
0.15219767270494594
0.16195548732810905
0.16196040289424538
0.1714834174351506
0.1779167177792636
0.18086939043216632
0.18094188099826078
0.18436109794882916
0.18441489536168218
0.18994778543768148
0.20129916746599608
0.2013783408916561
0.20169569768977458
0.20809423255476092
0.20816175368739337
0.20970985979611467
0.21507118950556178
0.2163152341870577
0.21641153897388724
0.22794612705416628
0.2481134989412257
