-5.204170427930421e-17
0.005434916172262572
0.005903399011718042
0.021938463228378002
0.022346118001085928
0.022352440230663642
0.023551514080393014
0.028840565853907117
0.028844023647981838
0.03191207836727554
0.03191691974878365
0.04608562432474546
0.04608924706590722
0.048771455833477306
0.04878756626997256
0.04972387248412349
0.05279122228947226
0.07410227137850275
0.07412127591126856
0.07770257907986175
0.0777182828950707
0.07844817683434917
0.07846703128499315
0.08880776691040383
0.0933535580730319
0.09810413403701533
0.09813594562638056
0.11152521037407812
0.11156926934500803
0.11310643218123351
0.11314040760462477
0.11816639230007307
0.11818678972825793
0.11995413918543445
0.1199887798374968
0.1262005183551309
0.12625941383978972
0.13945835142813584
0.14475724327918021
0.14888764152226178
0.14895643331840527
0.15217381899948174
0.1522397622088266
0.15950888350176926
0.1595269095216337
0.1636358656630091
0.16368096163544238
0.16947766841133552
0.16951120155160357
0.1871876018751376
