1.0408340855860843e-17
0.0004656946037059663
0.00046605009025339934
0.0018569170284165604
0.001862575086098722
0.004167028571095622
0.004174088658568435
0.005474463417363929
0.005547425311542332
0.00593460764241179
0.00593961701039465
0.00601692008914269
0.006022522072659445
0.007312318616081446
0.007335472945614549
0.007368746434749511
0.007392960165927271
0.0074278496397081565
0.007449607523439981
0.00962290256201657
0.009641173231371187
0.00980291931615595
0.009817718043597904
0.011455295138605588
0.011480771384366447
0.0128346854051833
0.01287741259779407
0.013127032651611777
0.01316212369082022
0.01638167900760231
0.016434160976945916
0.01697289096898654
0.017004722277970938
0.01744087608575589
0.017463153170417085
0.021895005658085595
0.021987204965136842
0.022015247265946933
0.02205153792537215
0.022135998507511932
0.022220387520286593
0.02235631446605535
0.022363815306803973
0.02246183662835717
0.02250225380592341
0.02272464605623726
0.022762289744439286
0.023712976826996496
0.023784198016652755
0.02384145576305481
