6.765421556309548e-17
0.028737493017021713
0.02996951478859463
0.045871644800281615
0.07995101305960643
0.10021725732801602
0.10887026384651025
0.11509982430245343
0.1259347388827269
0.16948883459925476
0.1719660529310131
0.21190693675605685
0.21884726971446833
0.22852924102647051
0.2379444352666032
0.24242612513899164
0.28660834709368466
0.2973392674112154
0.3167224518356433
0.3393313276251922
0.3633706623662165
0.3827264009971732
0.3854135951121146
0.3943855317559982
0.39932612724082595
0.4419587193190331
0.44522308126343907
0.47964973189221544
0.4938230650801826
0.5103800099312152
0.5306096303845228
0.5449779267072205
0.5742456676295518
0.5861767199624093
0.5924649512631049
0.6005664594727231
0.6215844932399855
0.6332916276034317
0.6587427647748436
0.6849445734154322
0.7110818985516653
0.7201770864889057
0.7350908071572485
0.7572515100967228
0.7674564836325984
0.7954532912477615
0.8175150539513785
0.8321387659270794
0.840037321444758
0.8431781204378466
