2.949029909160572e-17
0.0012097822951905746
0.0032406125566099824
0.0040029634559915015
0.0060558274080436385
0.007159999639413045
0.01286354933471969
0.013622667938974686
0.01557819293170474
0.020849522350632504
0.021115389072111912
0.021958243667741795
0.02352335963924894
0.02659230937637501
0.031100014709785816
0.03286655551264919
0.03338154913746445
0.03575651107107086
0.03619862067534819
0.037337711713450975
0.0403347122354207
0.04109376199518009
0.0446005732883091
0.046695106597210184
0.04714851189623042
0.04722594909714993
0.049877506607110926
0.054400531946828486
0.056037327090444684
0.056218431686584906
0.059074275211025574
0.059333191099478176
0.062421781609316586
0.06704779998248896
0.06806744961093203
0.07045269179257355
0.07217726323676082
0.07379843865207586
0.07742954599069893
0.08100097610657384
0.08160376557705422
0.08201868021883892
0.08333668252335401
0.08748197467371248
0.08791163311398285
0.09143308072452049
0.09364158961165535
0.09657600398599302
0.09755443630359714
0.10088744870701172
