2.6020852139652106e-17
0.0010731780464943788
0.0016982556315699188
0.0044221007325151995
0.0052646411819464115
0.006709946586683854
0.008451778528164635
0.01178795092772164
0.015969096393225496
0.016881814893467816
0.018332973195849513
0.021884836962666118
0.02563287934194229
0.02639582532525117
0.028351824450677215
0.030432177609832453
0.034691643409348535
0.03626385755036899
0.037308229989273925
0.03763061198155518
0.040829023483676403
0.05014503570585236
0.0519547946236236
0.05213341153928615
0.05985511191524787
0.060459088968936585
0.06577696069702373
0.06804249901800363
0.06848312958956854
0.0736395307381719
0.07387948636377534
0.07784706311896895
0.08000931249182232
0.08121562379531275
0.08372470316144505
0.08967638705048454
0.09092493799121948
0.09188426371859557
0.09227024110245977
0.09561061011349357
0.09700311851824488
0.09747370193615142
0.09867478839325707
0.10003716646585704
0.1018669655925582
0.10301312292764664
0.106506174198357
0.10971881369818687
0.1110116173184042
0.11157091592767544
