-2.6020852139652106e-17
0.006541606358059579
0.007868996519227288
0.007870481674859481
0.017929799373207343
0.021584411725815524
0.021591620089695118
0.0342849247815994
0.03430106857522255
0.036696260462124534
0.040704211270111756
0.04070842262183772
0.06055980747130372
0.061831335571160266
0.061844131939778384
0.06404570186414477
0.06413748386430258
0.06497374662131408
0.0649818917797977
0.09122595129856134
0.09390917966230382
0.09392609611300073
0.09473530322665323
0.0947402321927023
0.09709278554807076
0.09763642312285337
0.10655163310830462
0.10656908047939438
0.11953275248038424
0.12641871976819796
0.13081776740545156
0.1331361164590992
0.13314621094157747
0.13447082873277752
0.14047474385645034
0.15148079855210086
0.15150091754767547
0.16485930739339158
0.16489059940602094
0.16618697199055588
0.17056496650617395
0.17064207900061676
0.172120428542119
0.17693344127333802
0.17694704657660162
0.18004624859021123
0.19750895807140356
0.19753454003362841
0.20975025533584854
0.21517926388971856
