1.0408340855860843e-17
0.0012110743946979856
0.003678403413210865
0.006973545242914171
0.008006141331638647
0.008447685124973065
0.011217118064774096
0.01327301553678222
0.013810189685620809
0.01647985490195175
0.020063897421997053
0.020780996672085522
0.022626713847210427
0.02594928792333452
0.027944609034077264
0.02899645456255897
0.02957742943946521
0.030090072585316645
0.03559274676788322
0.03609714954077654
0.03821198858901158
0.03847581386930855
0.039829619899862063
0.04446143913314788
0.045280170646374227
0.0475146527374287
0.04984619085825942
0.05023408021779117
0.05409573234489188
0.05581277349853365
0.05791421653876106
0.059392345479275556
0.060814322699831676
0.06214490711006581
0.06254841229320575
0.06752767429893168
0.06852830348596546
0.07156229682066684
0.07246423625992467
0.07348829728156751
0.0751169746555224
0.07594890179245437
0.07985904360535757
0.08217376260069817
0.08337897515758742
0.08464128586550065
0.08667530948938512
0.08864943031314268
0.0899023086637808
0.09354800073375567
