3.9898639947466563e-17
0.0033165106002027347
0.010070326138546531
0.019695385523293793
0.020638354281332823
0.022323918543550307
0.032137172482851785
0.035800748172393426
0.03812434264140803
0.046204306203453234
0.052052942117424984
0.05705074347550599
0.0628626371566054
0.07050568917312863
0.07477615059585657
0.07801375362015439
0.08131810306667912
0.08487835888294332
0.09430883158460387
0.1008283073572356
0.1051953086462103
0.1090919482194281
0.11088487576656197
0.11934672670518272
0.12199451186851622
0.13334413733159198
0.13706956757849206
0.13940226356471785
0.14546139976212719
0.15482460783406912
0.15779670971915252
0.16015043000249518
0.16630404739619437
0.17156878763724112
0.17578670598183965
0.18205146372071013
0.18494582228387363
0.1958247002981153
0.1979325370532715
0.20195178122369306
0.20721171462283103
0.21262767236814506
0.21703533382732837
0.22125643889358268
0.22353239383112744
0.23052185739095254
0.23760902530366823
0.24727670779006966
0.24821500565298837
0.25373896002532165
