8.673617379884035e-18
0.001455211497963205
0.004429206249026438
0.008301797399941213
0.009380701233501923
0.010075428591824009
0.013274273498166006
0.015747955379481093
0.016620281951752663
0.019559726955134214
0.023758857518772908
0.024779567069899137
0.026953620010805417
0.030763691464152407
0.03279957841633481
0.03409727220664594
0.03501134358634335
0.03614265045876761
0.04222824026507616
0.04279965841469981
0.045252345806286
0.045767521301277495
0.04768548833045939
0.052565221982486705
0.05335455563037444
0.056666103854542314
0.05915903205015325
0.05973378422445114
0.06482706438055753
0.0658307810562002
0.06882588825463262
0.0699370825937964
0.07146395108831122
0.07360958277957755
0.07431051465189763
0.07994056031330611
0.08216510466356845
0.084370170290253
0.08601357462245071
0.08715823417045707
0.08885083641218106
0.09033761756903672
0.0941649452375378
0.0974797904521422
0.09836313404317454
0.09999293919860384
0.10246324154749252
0.10587113686952807
0.1068376029782664
0.11192995066388062
