-5.204170427930421e-18
0.00158821085088285
0.004827654603491915
0.009065745227156955
0.010133776488329657
0.010970154161211722
0.014509200300452866
0.017182978085321425
0.018089674582461385
0.021377363786626538
0.025827689181372876
0.026865726169028728
0.02947470397582199
0.03331395673087127
0.035760807543029675
0.03716906952592412
0.03821224163105077
0.039436517354132054
0.0461007687081382
0.04662030625053163
0.04932242831070857
0.04999613489219731
0.0518827419527298
0.05707066417029701
0.05813858484086692
0.061758174301104855
0.0642664163454145
0.06518006214726045
0.07068249487565902
0.07191850951326541
0.07483732776614614
0.07627714086204541
0.07776712175742509
0.08047572795473444
0.08114770720792808
0.08716679160659252
0.08971178645235232
0.09189467333471696
0.09382025592507576
0.09488153713678968
0.09713380872578944
0.09865149151222491
0.10229402552203183
0.10621510964821503
0.10741752778927752
0.10877757838728395
0.11142737281954546
0.11562949513083502
0.11673845171120632
0.12270673580340334
