-1.214306433183765e-17
0.001664562212507107
0.005051264068657963
0.009495518288912397
0.010675953647591057
0.011427531939452633
0.015195097577936514
0.01808675231525722
0.01887913462947098
0.022353452450732544
0.027159966860671826
0.02806064469554584
0.030844095341100247
0.03555695429552809
0.037180935264548576
0.03877792905610542
0.039956432689393244
0.04121532084009137
0.04833942539017809
0.04870233616178934
0.05169214277534751
0.05241458621543559
0.05421270021528888
0.05999562552464561
0.0606793980635738
0.06477738220688191
0.0672795702974679
0.06823070627787474
0.07457477218998998
0.07521008065913802
0.07804628362723362
0.08007379423149476
0.08107852022672574
0.08416363130455759
0.08497592084279243
0.09125801209363166
0.09401998062245209
0.09629798221392977
0.09857528841755718
0.09897296680569191
0.10155619011370365
0.10327730197804236
0.10726718266192113
0.11132375345535864
0.11252736002111302
0.1140665335541094
0.1163701291680531
0.12086485854890704
0.12217831319854662
0.1300558528596638
