1.734723475976807e-17
0.0027000043815675907
0.008146727775843894
0.01596980656815509
0.01659608574116249
0.018162674157749963
0.025511406529675193
0.029505452336219005
0.030316045093121774
0.03700065371775337
0.042836796315331674
0.04551347392251714
0.05070297458857963
0.05724743469888265
0.060275060588439656
0.06258174878792502
0.06552521113697077
0.06770583249898508
0.07654961031580475
0.0801683934710886
0.08532641133585837
0.08766041629043472
0.08777380510018455
0.09641410437075693
0.09749997911938924
0.10685824716292117
0.10919700623215868
0.11220439596254704
0.11984772946091606
0.12363518556731894
0.1263701653513822
0.12930619424487982
0.13382130206701073
0.13754422802898147
0.14082762418300382
0.14841806909573152
0.150522868837426
0.15800585605898773
0.16020501023233213
0.16157296875740226
0.16432004190022592
0.1723837818297942
0.17327106987679589
0.17814916960378327
0.18107803937941036
0.18644530231405448
0.19124739211612346
0.19890002756812802
0.2031270310843894
0.20422945453142283
