-5.204170427930421e-18
0.00255792226301901
0.007715763289670963
0.014976016769034662
0.015658754375357416
0.01727760746462976
0.02410201155049943
0.028119238197377175
0.028466656984848994
0.03511365374466204
0.04013310712257258
0.043153699581672526
0.04807992679570484
0.053805475372000706
0.05718702423793042
0.05933373261511237
0.061862099707130754
0.06408721460537273
0.07287474417297875
0.0758097566083469
0.08065470510909215
0.08243929646011013
0.0830665397385529
0.090512610471662
0.09295158540035643
0.10064304863591947
0.10300166818023503
0.10599248826978148
0.11406023503655634
0.11673622186110431
0.1183414315854122
0.12133176176992223
0.12648273543521432
0.1302039578566116
0.13304598595559972
0.14084307013378614
0.1429762164604537
0.15010051003214947
0.15100130223553376
0.15240178022644868
0.15575907777347095
0.16166695741254342
0.16351304707889794
0.1674177162411975
0.1712015373289743
0.176589641232893
0.17975102857780992
0.1886570407943647
0.19122001198716934
0.19324102701421164
