-2.0816681711721685e-17
0.0020007419975120178
0.006056063233436925
0.011516952345769481
0.012556866292935334
0.013657183632043489
0.018430727737764108
0.02192760532374686
0.02246013512341745
0.027094486678173872
0.032155556778599236
0.03348353149245552
0.03730314998488083
0.042488673246441386
0.04473476893022054
0.04648951418563895
0.04808240032253341
0.04967270445200268
0.05798759528287945
0.058410012354268896
0.06235521015284832
0.06354210155009193
0.06488440647480875
0.0716274236186241
0.0728160508207451
0.07818155658652051
0.07991833770091239
0.08241951658899986
0.09023146340392532
0.09081437817199016
0.09335538829961498
0.09550467107564811
0.0974558268198488
0.1014410666401924
0.10287337633742615
0.10974705002556327
0.11290025684012726
0.11646277196593595
0.11824579412783216
0.11890643273105635
0.12161515022261248
0.1248662661593581
0.1294164443152095
0.13224973601989057
0.1344528315551106
0.13717616023807283
0.1397903493375496
0.14587091458506174
0.14769894398255198
0.15437065720826026
