1.0408340855860843e-17
0.0012609499685590202
0.0038281826429189345
0.007275837555846957
0.008363368892271855
0.008781658983486788
0.011677218697451594
0.013882542539345033
0.01436864523055688
0.017145210951855526
0.0208909542180426
0.021600456057477124
0.023573447561019444
0.02745592200999724
0.0290836632724681
0.03015178457082887
0.030753309570352286
0.031297986676329895
0.037212313673053464
0.03754942047844053
0.039840069663113716
0.040031025547021135
0.0414536696712652
0.046380186420368556
0.04715742027808091
0.04956217587813267
0.051861719892784264
0.052248639096008305
0.057023652871416954
0.058208903072796185
0.06046682148879864
0.061647060800161115
0.06354542210324322
0.06464184012060985
0.06514633212685066
0.07046943508840493
0.07142143537527301
0.07433515232030957
0.07592586136214251
0.07651578802812123
0.0781883360046907
0.07909496906024122
0.08323593231627419
0.08550721463196516
0.0874866774315499
0.08794642393864405
0.09015393809979624
0.0923665309778349
0.0936866783652474
0.09886112101736946
