-6.938893903907228e-18
0.00403106801943123
0.004119795275856949
0.00996016910455338
0.010750943023549306
0.010842787889611854
0.017255567496493256
0.01859861153180537
0.019948003986071598
0.01997835317356171
0.020405143112958088
0.02853890614863132
0.03132124140590761
0.03146375070407857
0.034530079837374224
0.03996875740527339
0.04494579168245096
0.044949285674447136
0.04559582675797625
0.04628270345589388
0.04692775036838342
0.04812250345617484
0.05137811007604751
0.05559459714438276
0.060754334400843775
0.0607900203442348
0.06648586001782636
0.06824084171795078
0.070785748432096
0.07324419545357631
0.0774297344537593
0.07802572846144314
0.07878394696776797
0.07879452690736419
0.08766470280554141
0.09002523880773948
0.09256951396643719
0.09346753278059859
0.09592003916742177
0.09897490547036783
0.09900808955158369
0.10250867748333405
0.10958072505475111
0.10958971642395608
0.11071325741512023
0.11076768144754716
0.11080874665073516
0.11451139210755079
0.1163051592546989
0.11734985091887644
