1.1757955720170798e-14
4.690160645145265
4.6922484241039
6.186234530564777
13.361023573691854
13.374640148719529
17.090746120025567
17.09665610425187
17.194799082333496
25.81121383049978
25.82263939606377
32.509925477471974
32.53436666285731
33.59421892273162
33.606259698349845
34.90176747522105
41.92279892071973
41.94141529507361
52.08605384222089
52.10422787100398
54.77495062203415
54.8105414790802
56.08127481833916
56.10158758117866
58.455834587547955
61.62710664923521
61.668059819078856
75.55665982320377
75.60888113042111
80.54212640190623
80.56113796176007
82.07571426628405
82.11987962513051
84.89334685871466
84.93386470540597
85.642048154022
85.66978605381271
86.35025316212564
102.86621395505489
102.91972054151861
110.24171163387624
110.30769840541963
111.67521983343505
111.70380232824836
113.74183897827709
113.7693293673297
115.70449215125778
115.77866036176069
118.76059740302864
121.73461267036184
