-5.204170427930421e-18
0.00021391071911831816
0.0002632310799387579
0.0004962044628009574
0.0006065366206429949
0.0008384227457557784
0.0012160754571406123
0.001310750909551012
0.001451234366262306
0.0015145226332489055
0.0017287667937687882
0.0019719462302507946
0.002213165546216249
0.002273200376584711
0.002379822819018289
0.002534339726487025
0.002560655485516511
0.0028876130475504747
0.0030532745964837772
0.0031257536906301904
0.003320269076288001
0.003436515149711975
0.003712549975724077
0.003848867917540912
0.0039872368924313215
0.004081240102059876
0.004324217427156437
0.004378683159019989
0.00463082453089274
0.0047484285228433475
0.0051145991495427055
0.005149700220390192
0.0053099410056530755
0.005452145185514566
0.005641874225216557
0.005932005138492813
0.006056912389617667
0.006127009329238381
0.006324635537805748
0.0066010849661481494
0.006665590650313835
0.006787840307912315
0.006955687257416252
0.007286464640592903
0.007390618879589585
0.007543028293506273
0.007692921142594561
0.007966203638073365
0.007992286830980916
0.008158115573391246
