-8.673617379884035e-18
0.004536348564847154
0.009066635807792824
0.014859737775685363
0.025048807735160064
0.031522254622884625
0.035663201390439915
0.04964707224191256
0.05625126787359718
0.05646877823079347
0.06475923270907542
0.06719202339197836
0.07074854223269454
0.08352794024797082
0.08415698449497794
0.08786457951986829
0.09385130984536717
0.1004336649581686
0.10074603264837799
0.10603919093184806
0.13659130463133612
0.1386360799099943
0.15607055782664872
0.16406157956858586
0.16490888585069893
0.16732835910199367
0.1700162429218054
0.18117977243194577
0.1830092333113551
0.19085272087190125
0.1944571079554061
0.20266004247164293
0.20802767016383317
0.21610281680018073
0.21916387786344257
0.2296434701960597
0.23104943074538653
0.24094397597174627
0.24703571164166416
0.257130436197979
0.26259477283287846
0.26494141857511283
0.2766145356113472
0.28286684539379536
0.2929203719982973
0.29629510273150533
0.30714655777104116
0.31628373455330216
0.3261031983643442
0.3262447818376901
