-9.020562075079397e-17
0.002796006689312503
0.0028033739021946676
0.003251106632878564
0.003270258458762141
0.0033622700527008026
0.01307496091289559
0.019762860175790695
0.01978622405426475
0.02203150331792767
0.022138576806453883
0.022227304518139035
0.046947393319373816
0.08468261342629102
0.08514707095168367
0.08559656343565901
0.08562704173874305
0.0857587202508851
0.08590656191682251
0.08621427728454185
0.08648064662790551
0.08884587909562852
0.09541981800649942
0.09592877194887131
0.11420221750029996
0.11522191398678862
0.11929547697888639
0.14499286768026318
0.1500244123435546
0.15019709431397685
0.15116874116837206
0.151215636256875
0.1564030699162576
0.15678767129523685
0.16431820820491363
0.16827737801329962
0.1688055152285388
0.19661080982080917
0.19828336697211688
0.2359956420710307
0.236178737189352
0.23701574766176592
0.2391040287398968
0.2392757273235224
0.24301333090424931
0.2530150094993621
0.2539488991207624
0.25843155806692036
0.2657722427226033
0.27464482841177096
