0.0
0.000515762974694382
0.0020635669417979775
0.004641257421670954
0.00825062451891505
0.01289363790130602
0.01854416140091303
0.02523649236555526
0.03294116097679483
0.04167121317225885
0.05141835414804076
0.06215520524607999
0.07390061602869714
0.08335791434232001
0.08346469360634129
0.0847335371248224
0.0848852954667067
0.08664154599169119
0.08715447820104855
0.08724135850999955
0.09037363220059454
0.09061526940014132
0.09471871875691136
0.09478165617959446
0.09999092681983707
0.10015685103738976
0.10046151837340685
0.106199100963396
0.10631768089899754
0.11336133450153811
0.11355469783646349
0.11512629624191491
0.12152279207867563
0.12172441466899643
0.13066373214126376
0.13081234595835797
0.1309413960533786
0.14084708184552966
0.14108474782410838
0.14762436164681078
0.15202293810586415
0.152195057628645
0.16411726755375108
0.164348036656611
0.16519817239922324
0.17716100486527347
0.17744829574757132
0.18384065712019892
0.19138944944869538
0.1916696473956161
