5.204170427930421e-18
0.00043483047665577104
0.0005927828559565886
0.0007945508260129713
0.001137881183440364
0.0015284842819406844
0.0022681207317454544
0.0029882459172207686
0.0038840550025538607
0.0045016356891655705
0.004921884557011754
0.004929340141673401
0.005444960753037546
0.0056299096760921725
0.006102761976030055
0.006231279522361856
0.007494423147797932
0.007661602012737535
0.008218115994564927
0.008241922368196224
0.008354431527367664
0.008865121625909906
0.008867719528756297
0.01056715915834225
0.010832272056559655
0.011103784765220158
0.011414547946209311
0.012167395225571266
0.01259686466941466
0.013261303506641882
0.013425951489651125
0.014142754054157916
0.014639862772951163
0.015067448632555961
0.015624486167132605
0.016314947956856327
0.016558530899979232
0.01689653172021456
0.017157749205835453
0.017317622341824317
0.017822251657895895
0.017926754207785604
0.018538270127711524
0.01897945706578128
0.019040763275767827
0.019872672046648797
0.019887509064183233
0.020191886688020542
0.021051823252460702
0.021384187609459572
