6.071532165918825e-17
0.004828826439352729
0.014653963143739556
0.03477162465627535
0.06034828536804459
0.09601857152885139
0.10659084635920914
0.12662093060810709
0.15353698451915027
0.1678791155212377
0.19580250095620808
0.20374283772816462
0.20974489639637328
0.219090169095028
0.2312946808702735
0.24180349712903748
0.24810168872508476
0.26048721243218753
0.26573094636808253
0.3065984815985317
0.31819892125065147
0.32413981915676016
0.3404925134643361
0.350157237379596
0.3880989013418097
0.38901842486995847
0.4294822740868745
0.43919450332284765
0.4714379576322872
0.4731779019426319
0.48799011816648596
0.510650656627023
0.5177105879643678
0.5619527117536971
0.5662850906910131
0.590413219334689
0.6039225703605945
0.6105918326217482
0.6106752314472877
0.6501164626990449
0.6578039969194367
0.672389294331429
0.6736059505052351
0.7025257198548935
0.7109864595915533
0.7249399474342477
0.7470243526974069
0.7733949330587169
0.8009575235437333
0.8080714574550755
