4.85722573273506e-17
0.011885521110370572
0.021205376252435647
0.02230085614077547
0.032619809123244914
0.05913630378258732
0.06234600405179571
0.06604836074466677
0.06633468091350715
0.08097222749474947
0.11872179004006637
0.12084250288559827
0.12182878708997232
0.12217371265463749
0.12968133741479074
0.13372364095127023
0.1337596058412653
0.15235423551938362
0.16699888893462805
0.1949270002270699
0.2027053672172411
0.20325210531684618
0.21461884337905807
0.2178087475581697
0.22239186511080467
0.22452603091478218
0.22455466233749322
0.23595960492479298
0.27371637646242564
0.29933297698431993
0.3063605216081408
0.3066877381863228
0.3089218003697664
0.31620487416663073
0.31683534262264756
0.3211452056727242
0.3331570547884221
0.3385171379162152
0.3385454951815313
0.34552248009042014
0.3898552891427061
0.39621952660155174
0.41696337800146877
0.42824163159183604
0.4332712496454875
0.43336853038403694
0.43407721051613285
0.43601239747836534
0.44398131755737424
0.4562716214914659
