-3.9898639947466563e-17
0.0038411682692718486
0.012131395382633142
0.022950576401303123
0.026841837057198774
0.030007533271578922
0.03004948268439297
0.045039368673363084
0.048071241604752325
0.062453238836774984
0.09085649720005438
0.09661712413228209
0.11082862420107968
0.11688437347656762
0.11952364043865667
0.11980584484785912
0.12489267556856366
0.12569124609290155
0.1271849473877756
0.1291381670616825
0.13760940419074805
0.13762869488716123
0.14533274566815682
0.14666479605562435
0.15062266251224915
0.1509303264297592
0.15577188803580141
0.16003788667192803
0.17130708033722944
0.17323672927535316
0.17926821728691927
0.1846051128211769
0.20853334817153701
0.21775984809777663
0.22954841966040515
0.23509641798297326
0.2438882375186311
0.24678775942986936
0.24979415457873066
0.2501471647932583
0.25320261944440897
0.260264518563375
0.2634121065013968
0.268668782942449
0.27391878319848667
0.28364649934224706
0.28837628736651044
0.3073485997662604
0.3146048931763346
0.33863427581065986
