-2.0816681711721685e-17
0.00023973070051802256
0.0003367897763143484
0.0004922732132719657
0.0008143195670212121
0.0010054975128100385
0.0016422318131503848
0.0016673406142361062
0.001980922622351883
0.0021055956035522013
0.002887073254931075
0.0034051043028655876
0.003961063840459253
0.00409635282839713
0.004552233072515793
0.005585105659154762
0.006631535607778219
0.006817224984018303
0.008071161718450041
0.008244044807826487
0.009153145975600017
0.009699390801207982
0.011265184043701403
0.012568264225418688
0.013453838876705244
0.014411170308043045
0.01531606544307369
0.0165631778050531
0.01760381832578054
0.017798270118033185
0.01794082407269336
0.018916023905078398
0.019536551145974322
0.020647009228491178
0.02140667179183766
0.02349228764575538
0.023896065616565036
0.025351294663729047
0.025887360538621798
0.027437678932133017
0.027722882894498917
0.0279452046417552
0.028223451154012105
0.028666242496643776
0.028811152468089442
0.029643777890171953
0.03017216504655377
0.031033055234138525
0.033078704455764114
0.03401278448636132
