3.469446951953614e-17
0.0035210667266730895
0.01588024516512876
0.03437125399890857
0.05207112895471208
0.05668912550443204
0.05682136044036546
0.08382885520954726
0.0877866455436925
0.0879586009481102
0.10550367359565023
0.10575493850473429
0.12517357064229323
0.1332896773281694
0.13365838243161088
0.16705862453349138
0.16741013232778312
0.16767326785317202
0.173418647798297
0.1736444471983398
0.20217037579540711
0.2025268843656995
0.21957676915056756
0.24711099878558118
0.24767651328992885
0.2833976499466729
0.2959355237396904
0.29656014941480713
0.3298735361401995
0.3305020643233253
0.33357428816740736
0.3342357055984988
0.3399690616280374
0.34114690682754945
0.34206756152388756
0.3446852064565479
0.3451856226508487
0.3603368908499294
0.360923582185772
0.39248574999783437
0.39260450686242054
0.39932976475590537
0.39961927888552384
0.4010698617518439
0.4376624500791267
0.43809353294877046
0.47557935611899976
0.47689203284321763
0.47950299066645535
0.4952580683577763
