-1.734723475976807e-18
0.0009559057741879672
0.001873555294076729
0.0020537448465087847
0.0029356349006208655
0.003894993896998456
0.004240304870319674
0.005242713847029349
0.006175953818049923
0.006456897981874371
0.006758816900539656
0.007321210244148875
0.007874178748820146
0.008791206280616895
0.009432907428830328
0.009919449270903628
0.010404894405569775
0.011807133863692918
0.013081622634235042
0.0141659607216071
0.014709705730206092
0.01559786537450014
0.01591178931837995
0.01679145252561022
0.01727469985237532
0.01799872132664431
0.020368119433974187
0.02072479547063239
0.021291531415507582
0.021689015170385545
0.02339198790499384
0.023916979463345783
0.02441028788794076
0.025305049272760123
0.025925056485692502
0.026682272459599664
0.027056960576799752
0.02765947990325708
0.02955369804816043
0.030926791951073396
0.032245810707412184
0.03277176959609857
0.033190967480464864
0.03394668601178127
0.034033982282750744
0.03510069869417233
0.03555731143761261
0.03766417807663884
0.039217848339354544
0.03975122586096724
