1.734723475976807e-18
0.007271467646381565
0.0072741028772674975
0.009590156000795677
0.020718912684210083
0.020727114409551224
0.02649989264739102
0.026508777192818432
0.026653158177332624
0.04000395370218903
0.04003498922717023
0.050423175351275565
0.05044167386917948
0.05207509692078586
0.05209336720502092
0.05411164792348771
0.06496898655037736
0.06502455986714174
0.0807573743795171
0.08081868167090886
0.08492623561306185
0.08495763448844393
0.08694449729512647
0.08697111274451713
0.09062020888108134
0.09554187436194879
0.0955634133557022
0.11718666177545499
0.11723752152749438
0.12484059282413414
0.12493107397250229
0.12724690726511184
0.12729951632182238
0.13153224707730965
0.13168797992800088
0.13276774265635166
0.13281254184667748
0.13386076259897928
0.15954854028393142
0.15957178489707785
0.17096265733369725
0.17099803401745398
0.1730541755099346
0.17315864488095165
0.1762714198765435
0.1764418754663369
0.17939423749915429
0.1794693179643822
0.1841021293420863
0.18873628158100939
