5.204170427930421e-18
0.0019887881276865367
0.0020287320077116196
0.006728628265258127
0.0069060899885039165
0.008691079427010607
0.008879900647720188
0.010815344950627479
0.010966279471745428
0.011986582309737736
0.012240644981973603
0.01345717850460767
0.013664270849198726
0.01693920593834449
0.017101074732079592
0.021678291908974266
0.022231434461914223
0.02282859730837499
0.02283665908206487
0.026026795637887602
0.026186582142991986
0.031970075803432495
0.03262082540807658
0.03440847246528441
0.03506441387425436
0.03643334335202404
0.03666033344235508
0.037323846525861674
0.03739525084619748
0.037784435200071916
0.03793734299738691
0.03913418637987379
0.03928526566372103
0.0434531103959156
0.044041385728087315
0.04573858489458344
0.045752218832773674
0.046246019747456964
0.04629913404412107
0.04868759701238213
0.052928149279298
0.0563059782027654
0.05658702621932055
0.05795067301722697
0.058139830060315374
0.06014888970527294
0.06018367671750872
0.06025485097271822
0.06084288297386476
0.0659821234435649
