7.979727989493313e-17
0.0037166224264734964
0.0164073635825934
0.03743752470420208
0.057981947612804154
0.06136765091157063
0.06161398397478867
0.08674762895964121
0.08792864542797212
0.08795993433387067
0.10574643971999259
0.1059868487002092
0.13097453001338122
0.13425812367481813
0.13470791833244145
0.17225972061950096
0.1728581150464445
0.18216903852173413
0.18483359596908389
0.1850460649249181
0.2153425789968349
0.21600873965031903
0.2358015145920019
0.2584471120679317
0.2589629665101756
0.2968548340594975
0.30631390787635115
0.307163128857371
0.3314796904262873
0.3316298724611374
0.3491486555152127
0.34923985701789223
0.3566857586357213
0.35751928560841817
0.35917802640164037
0.359888486104945
0.363779792326548
0.37675851988820164
0.37703415322392103
0.41126349064653317
0.4115131698339231
0.4176908773186146
0.4188002174880595
0.430095595792381
0.4522828825208033
0.452945283842494
0.4947726003986307
0.4962206543423885
0.5059245459311823
0.5064537526082712
