6.765421556309548e-17
0.017355541241989243
0.019802716494335106
0.030819850921855872
0.03089262405882154
0.0583564986759623
0.058568723396874085
0.0700289556241747
0.07304886924772608
0.07311856911607842
0.07817975114597878
0.10471436032038109
0.10476118529482345
0.1171094678856646
0.11738596414774762
0.12398001153417028
0.12413021081956142
0.1459001480440876
0.1460602579897333
0.15958838605939885
0.17279675238774803
0.204162226955047
0.20429810362405906
0.21446829010496277
0.2148316629990522
0.21979872975103737
0.22003774921563743
0.22019786275925457
0.22392839319752633
0.26443526005081275
0.26489981312648947
0.266491265685683
0.277296917458497
0.2840581901900334
0.28471736301683603
0.287423391350523
0.30156894267517675
0.32910059768979494
0.3293872799817156
0.3406995256380934
0.3412685560956951
0.3487385327265142
0.3502653966744459
0.3507055494934674
0.36368650343790193
0.36644835285140115
0.3674008803375366
0.38382002878652205
0.3838832250074825
0.4390429417465613
