-1.734723475976807e-18
0.00031028794098311024
0.0006058095034689008
0.0008643685732633837
0.0010824152963652134
0.0013808725707800777
0.0015498549494174715
0.0020643562476661877
0.002339165703775587
0.002504961096468689
0.0028237968103024536
0.0030647835979815356
0.0032798774565258038
0.003335927788677308
0.0037593042188692367
0.0042043235112533515
0.004641543369622364
0.004829820784306396
0.0049512778450607215
0.0052649162398500995
0.005312756179106043
0.005853687309165316
0.00605946171702342
0.006456748445161068
0.0064862884745312144
0.006870010256438913
0.007517881442324939
0.007565933604983638
0.0076183085615037765
0.008000570195008319
0.008101369279030197
0.00822432489740831
0.008412779010701142
0.009109316778904317
0.009667211565834702
0.009827374167402784
0.010108868978571611
0.010406760161428408
0.010547449689068926
0.01081159188071574
0.011007702062535022
0.011165972435229916
0.011382605534276525
0.011527801656138292
0.011868887232755759
0.011992378144872055
0.012626408404716778
0.012807046640226813
0.013436063719991688
0.013526423051188922
