-3.469446951953614e-18
0.0018245130489649639
0.005124650540038796
0.00587153728447746
0.008978401934093461
0.009954360453593296
0.01199329623011147
0.016726831236481582
0.017279883605858193
0.019969577370809177
0.022767649240008563
0.024710676391208115
0.026658809340771306
0.02714689200349092
0.030632901235790953
0.03186129176180003
0.033517251726730646
0.036448722226443186
0.03893045554506909
0.040031645076356655
0.04378642914940538
0.04457915792370921
0.04876975063314427
0.0501493577535977
0.050274338503556906
0.05218999830591126
0.0566751245398338
0.05852018940274347
0.06115189948917999
0.06417346944565064
0.06677332642605453
0.06760360062063046
0.07005498780151267
0.07331852886462478
0.07519246445256142
0.07884010824656938
0.08149003052755986
0.08274041157208027
0.08520096558462119
0.08701525753169098
0.09144274820503516
0.09254711178436267
0.09498833920253733
0.09571781828681576
0.09674611446896543
0.10271165645658849
0.10567565699826871
0.10718150082373817
0.10732330513138062
0.11268225932391507
