-3.469446951953614e-18
0.002213310382464688
0.004513299851986938
0.012382746782448413
0.013787755683232336
0.017990280781865084
0.020325870160977984
0.021221773561928024
0.025482425137538595
0.028793832763008523
0.035240998781622075
0.04233084876231065
0.051140759033554375
0.05651514488192718
0.06013582583364089
0.0620348462412969
0.06635373732543602
0.0719818151665983
0.08238192451097195
0.08354076319385775
0.0893704763386426
0.09125400829551915
0.09647993081685526
0.11085592634484139
0.11401296216414998
0.12418699732814832
0.1247827604279602
0.13191507037465058
0.13210558979080989
0.1365300824165893
0.13855430410556113
0.14935016604481127
0.15078656011186303
0.15142319310203617
0.1565227395352751
0.15811636057283493
0.15931989187430687
0.16013600629297164
0.16359458750032285
0.1689535723735266
0.17358892925637798
0.17419859684788377
0.18675656494055964
0.19618181978510327
0.198899825550777
0.1992793391461752
0.20064606541205984
0.20260000001641293
0.20407200853750215
0.20931805791164781
