-6.245004513516506e-17
0.009099242470688043
0.02762696003982141
0.0755068784002573
0.09897736977656563
0.10487452878921957
0.1434127715910582
0.14902418959103747
0.15242568517202162
0.1572985847283364
0.196782476406617
0.19770635326742808
0.22556218909987957
0.2578921582253251
0.2625867843996948
0.2660822444421202
0.30835501373455354
0.32566602483921825
0.3499579328699405
0.3747150517080082
0.40584881201205697
0.4276804265796253
0.446054152481602
0.4533964434394578
0.5013654806423535
0.5213277239045235
0.5489494041788902
0.5573086281604659
0.5786730000879949
0.5922504198862707
0.5962668835369668
0.6009552890894615
0.6113319082184262
0.6648444432886937
0.671812847377919
0.6804820285929128
0.6973849611916385
0.7022766695784896
0.7430850649387579
0.7561371298716473
0.7743222463007774
0.7802652566689884
0.7966416996064242
0.8032030887138059
0.8127505053207649
0.8740976490172403
0.8822079838083886
0.9270798021352927
0.9374287958519819
0.949884699821212
