2.2551405187698492e-17
0.004786086595021574
0.005059088217150426
0.017712803100997723
0.019563028738072037
0.035535641253814344
0.03870604046054361
0.054288445311625695
0.05811062624020739
0.07152234200262858
0.0768633652940213
0.08638801045192626
0.08950234048249887
0.09355772450945804
0.10303885305017674
0.10667271373180515
0.10983173552379359
0.11146471671603901
0.12068991492429747
0.1217801805497261
0.12237646075420007
0.1274682924541381
0.13122494744561317
0.13938174809151854
0.14908702080233588
0.15392949614252407
0.1567667623160203
0.16760758647411078
0.17441772677868206
0.18144636202808365
0.18706142442196672
0.19319749129519997
0.19607399196334108
0.20161765756932468
0.20771027323135216
0.21089967748537078
0.22054814461021052
0.227579026481973
0.2410154118203518
0.24847421415434934
0.25383709151867784
0.2652202356739383
0.27118835468556524
0.27527977132421705
0.28430129155115647
0.29040209454735155
0.2962725094413675
0.3063772272640849
0.3099708162605303
0.3258953526716058
