-1.7867651802561113e-16
0.14742236521129296
0.14745133304035044
0.19867036861561332
0.44289254346254403
0.4429666874105932
0.5166409454946906
0.5167150833381514
0.5546759718234848
0.823901565593564
0.9097617700446554
1.0083024746325477
1.0084139049954228
1.0493688340845908
1.0495699483605303
1.079465638374198
1.4048229344111551
1.4051518253616397
1.5842589832815408
1.6702818522542813
1.7353804564963131
1.7354767670774007
1.7411970030325026
1.7792556464606266
1.7796411060588124
2.107470271664328
2.1078479709398605
2.3297197843530086
2.330045662130462
2.4540662720494413
2.5912320329552414
2.6037570910346703
2.656145391235263
2.656162859209682
2.6702654732560895
2.6708608060615013
2.932605016173119
2.944183133190167
3.196365644610449
3.1966749188752313
3.425616488069383
3.4258036094870614
3.445920742477504
3.682141121983952
3.6824218946541043
3.7384984998713984
3.741189189828616
3.7557334369745847
3.7562340293857743
3.891433099619258
