-6.938893903907228e-18
5.348051281729542e-05
5.3505754928811e-05
0.00010038034407035441
0.00010044200628043544
0.00011729038052893728
0.00011749137691963521
0.00012399854561325786
0.00012408198747006216
0.00012676144063056456
0.0001268392831960518
0.0001275724403393217
0.00045785900945465204
0.0006062536003397841
0.0006064449311413041
0.0008893363181986715
0.0008898021084936692
0.0010453146890217879
0.0010463312578075663
0.001109563547796658
0.0011099776477672303
0.001135802911556353
0.0011359071284574446
0.0011430654763661535
0.0018239663407611274
0.001965035967434574
0.001965936774757234
0.002410920429094427
0.002411164287680727
0.0028381936307258094
0.0028425288344486165
0.003039758823147963
0.00304165063261143
0.003118738560322012
0.0031202844137327088
0.0031407400924063442
0.004045506375618561
0.004156093350233463
0.004158588530058054
0.004601526412738437
0.004602224432381416
0.0053550487487520615
0.005359133450481021
0.005814560548191379
0.005816433553234022
0.005977199438548001
0.005979185015361281
0.006018474454569574
0.006856497829827094
0.006920682896929658
