1.734723475976807e-18
0.00040070059908992733
0.0009853585797984614
0.0012787157719740833
0.002866351648752782
0.004336305618942575
0.005271718706699723
0.007647665455576819
0.00978516938900374
0.010369043449440703
0.015260917673740595
0.015526323643328352
0.019097313233664363
0.019584061926770813
0.021011621362296312
0.022262988049310893
0.02632200485755893
0.032682140184979905
0.036568953872045624
0.036728949203053
0.03753151016614206
0.038021426572930526
0.03823232866690744
0.039427283779562596
0.039683602471786976
0.04326267950037293
0.04424125312134542
0.045579775045623924
0.04910854989292828
0.05159233896373376
0.051836318912687085
0.0532457381532399
0.053880264218470246
0.05572827719982044
0.057374369553802367
0.05784522421997756
0.05805059350995804
0.0582974247596058
0.061285750763499854
0.06191243888105647
0.06260098439770741
0.06314651855276715
0.06343003563078904
0.06775013020240739
0.06861948714462913
0.06988225468165389
0.07413716213874476
0.07496671532683341
0.07684353175697045
0.07748812159872694
