2.7755575615628914e-17
0.00026214018794564614
0.0010400324522801992
0.0023479030175253164
0.0034938479870583426
0.003496149817007561
0.004129668623380385
0.004647818912106081
0.004653452872744808
0.005466755520699671
0.005468237879831316
0.006456031875308349
0.0071494836931043654
0.0071568255230661845
0.008960411461121408
0.008964169331754883
0.009170370620310385
0.011642355350000888
0.011655869256036866
0.012447670010266703
0.012830341972115833
0.01283377765687436
0.014470300023700174
0.01447442323987897
0.014828187644734666
0.014842162353358534
0.015981787953221208
0.017597649723568767
0.01762018794579602
0.01816917300412471
0.018192825676436854
0.018588312090898042
0.01859664294412089
0.02011256072580922
0.020908316064319164
0.020918241948546315
0.02197902188429505
0.0219815236950864
0.023453067973374632
0.023482494323794956
0.02435577494018195
0.026484294852446424
0.026491657982241713
0.026665067094805643
0.026703987938855818
0.027943818503075
0.028200511085164907
0.029287111651683455
0.030030371831220246
0.030355179771187235
