-3.9898639947466563e-17
0.002776866283099531
0.004957416578558199
0.008145676938064497
0.009012720984357967
0.012344028334191482
0.013869714436672733
0.014260511328618867
0.016437469309407794
0.01948101243350192
0.02155387862813931
0.02495234333936245
0.025479329795043103
0.026941268039634245
0.032367064590902515
0.03340947922212466
0.03652220339457314
0.03852486509900053
0.03976455419404806
0.04124624716341568
0.04211193480163565
0.04417046676004143
0.04492031900619859
0.045755947041040856
0.04772160504779234
0.05040507315517233
0.05216494339086906
0.05457464056581534
0.05651123803104153
0.05769133122617199
0.05918054884842188
0.06249060941761205
0.06446739097895972
0.0655415608109183
0.06640045023297167
0.06855529683148999
0.0691712022025374
0.07117338130483868
0.07425126685174457
0.07584433228957926
0.0772557643829223
0.07880876433085707
0.08063953196478958
0.08423934432169297
0.08486737185070874
0.08732171892809855
0.08865279824276905
0.09022759478479281
0.09290986865685606
0.09510162982518684
