-5.204170427930421e-17
0.003116997240284693
0.0055085572148970054
0.011864496029251012
0.020208412520410064
0.025729591913986626
0.028406777246681808
0.03841241577179121
0.0448501708649037
0.04668828323048413
0.05302250076706417
0.06774325287465593
0.06903952214509004
0.07329654241370523
0.0764916372508795
0.08523662102234245
0.08942490293164913
0.09834180632446332
0.10366833626104706
0.11889643165271031
0.12077429360359508
0.1267356287837381
0.12941651148833533
0.13603301231702125
0.1440896626557738
0.14762043605948066
0.14801640046813055
0.15604994969799332
0.16268832879234166
0.1689090830476238
0.17210182966312632
0.1799017295958639
0.18137167761578576
0.1844854109433142
0.20138205039408244
0.205317513733262
0.20972959261731344
0.21091890340027686
0.2177711532902634
0.22485623941277408
0.2282170464338707
0.23719150799859495
0.24375072219986732
0.24982664813824856
0.2508602509401919
0.26116053529687655
0.26214471761698993
0.26786050959354407
0.2763475551470268
0.28632035296501723
