-4.336808689942018e-17
0.008025594328578673
0.011639125505636496
0.020103558402411473
0.02371594584297714
0.024597812537638597
0.029299253372245163
0.04509150397993169
0.06210063815253524
0.06420823218230819
0.07192817583863095
0.0882478087468024
0.09928039500496207
0.1115055834960955
0.12419192818667334
0.1291389607015137
0.1389339638937283
0.14514063853852438
0.16103538858933147
0.16425307022631713
0.1776694168189312
0.1795797588409077
0.18742981873565062
0.19138283223144645
0.19437499293110946
0.20366993833184302
0.2108510264521179
0.21366005924525808
0.21648502132222452
0.22239159449675536
0.2256995109063942
0.23659398518624278
0.24354062006686628
0.2548453624850351
0.27579809314975107
0.2799122431790966
0.2824888125778901
0.28315803467317385
0.2931875615098879
0.3024876312508471
0.3043660087214267
0.30853234993519807
0.3176410841233621
0.3266501258749089
0.33567076011398056
0.34351695394335147
0.35715956100427837
0.3715968311457132
0.377406133437539
0.38299975063576996
