-1.9081958235744878e-17
0.008028733893440299
0.011631281951441886
0.020106873266664042
0.023718202637020777
0.024592608669350452
0.02930242504350416
0.04510033162822913
0.06209388193049845
0.06420262978856635
0.07194035667619915
0.08824809502317074
0.09928782582724463
0.11146725929082625
0.1241967752495106
0.12914652780402722
0.1389251399282577
0.14511608233021564
0.1610339386333123
0.16421014624888186
0.17769750448009125
0.17970024993933664
0.1874673482784774
0.19143771719683145
0.19436052270433962
0.2035814681075667
0.21086451486153254
0.2135236994941027
0.21635842687670598
0.22236724936279764
0.22562648125359966
0.2366851637314556
0.24338275653866098
0.2548462842048568
0.27584272365768564
0.2800012504475341
0.28257315206785066
0.28310479340206435
0.29310482691636286
0.3025803539864396
0.3044685556812403
0.30846271426503213
0.3176127240254594
0.326548721725871
0.3355927728278949
0.34346324702866904
0.35712986342094777
0.3717175203983969
0.37730706595381036
0.3830681265550534
