-2.7755575615628914e-17
0.00423916882509915
0.012394444417123578
0.016290850757864475
0.01690161230934334
0.027703875753011475
0.028337392791441374
0.03615922220108235
0.0507342738271022
0.06225267895775829
0.07023795580791002
0.08067689674921365
0.09186868901528393
0.09573538788375721
0.09695071379745247
0.10291491323888897
0.10959451564241725
0.11595076817477239
0.13024006473533598
0.1393078627352971
0.151420340539768
0.15552334593297726
0.1637236699692331
0.16930188090884418
0.17549878312067485
0.18525269055836646
0.19119165627855167
0.20082698353700068
0.2136407751817114
0.2165293907935209
0.2177449949407933
0.2199257943273842
0.22605104553662878
0.22891828659185387
0.2340112534935086
0.24089315602505312
0.24388556642183368
0.25983390513313476
0.26540120775876125
0.28255889975166776
0.2835741532493011
0.2885555758580463
0.2913132178214358
0.3016040750796479
0.3016151826221942
0.30680535618145705
0.31136932643200294
0.3122859595232757
0.3176023905679696
0.3233152944210064
