-1.214306433183765e-17
0.0006899721289268853
0.0015961245870232312
0.004372371640498326
0.005632738729877363
0.006018143029677124
0.008609573448835695
0.010117880606079816
0.010449218489808431
0.011912479730648644
0.01267558675979273
0.015254146983284847
0.018830082226734948
0.01926889598281964
0.01988648511223036
0.021157316638582314
0.022790441509859566
0.024627196983837668
0.02491562223064231
0.028743177882593986
0.028998630699619193
0.029195991409362923
0.03198624649541575
0.03339374559125059
0.033998508392080816
0.03512223802273435
0.036460999804601255
0.037880489318678795
0.04018493654523851
0.041234751201943906
0.0435787658289651
0.04547770114757956
0.04555385476816497
0.04984866994158365
0.05036968023528565
0.05080934482649086
0.05345668465189913
0.05360894560035847
0.056005919746343495
0.05801700309754792
0.05835144191298199
0.05855579903603394
0.061366720385632186
0.06154462128024523
0.06395882780640451
0.06445668941407379
0.06604624464437955
0.06639119645854964
0.0672333846064088
0.06805736575703644
