-2.0816681711721685e-17
0.0023817753216107667
0.004179580347231612
0.006726161655699661
0.007076791880019263
0.010045446135848011
0.011423926456107283
0.015475366852586657
0.01645077914367364
0.01971103159130133
0.020222253933541753
0.023243029517546143
0.024948681263033165
0.02613634961736202
0.026953126538946076
0.029191054431994136
0.03093560748575451
0.033435410384448735
0.03564536236256138
0.038033632953863236
0.03911513255354343
0.03976859096206573
0.04177996307442525
0.04309365912542866
0.045874868383923066
0.04816598473606026
0.0510288917115868
0.05150833198982977
0.05326322122544309
0.05617980862505787
0.057787883107264466
0.060823054136275916
0.06227601052449073
0.06523862812825988
0.06580412060077864
0.0675606228855631
0.06923666379861589
0.07027374907642564
0.07343312007707961
0.0745054034769722
0.07705924128483774
0.07853894843216096
0.07977338831599329
0.08271821396611982
0.08362651040869705
0.08717083814348406
0.08941609879399912
0.0910585243443114
0.09395096196597903
0.09449377699357156
