1.0408340855860843e-17
0.0007876780358795025
0.0020789296227573233
0.00322386036201127
0.004921576232656781
0.0054949752756780525
0.00641340070777041
0.007178908431572864
0.007835943108612032
0.009119857715748256
0.01047508525466669
0.010537666537428726
0.012021110192294354
0.012528351672309904
0.014126463153860016
0.01493023789703929
0.015752403670585814
0.016905491614656452
0.019845719420638994
0.020481545683215203
0.0229656084589918
0.02325515579678497
0.024174784160848332
0.02474275479295699
0.025986753335287792
0.027233474971655965
0.02818156248191861
0.02887250314549112
0.02890634556053996
0.030204375006520935
0.031251350443867634
0.03436772411482373
0.035159682773833655
0.03539818025812761
0.03611169279033737
0.036604005845653056
0.037302805787754634
0.03973789647842296
0.0399730221994729
0.04112374827331246
0.04241225521746001
0.04436237030499875
0.04500067059514546
0.04685538344666722
0.048585916662738066
0.04925659515335832
0.04951373082859735
0.05153213102456331
0.05292280499133074
0.05366322974418871
