6.071532165918825e-17
0.016004907401216427
0.017382481332089007
0.02891091251475198
0.037533220805872805
0.06077548967320342
0.07036696894142702
0.07198407770407955
0.07386044728020166
0.08622920287444043
0.09442091183965386
0.11556033925656183
0.14229728207879436
0.14311404290627408
0.14357250403269628
0.1485749080463516
0.14957800271389127
0.16187655068216242
0.18320263837099043
0.1935969766154557
0.19626130922349422
0.22090350958254332
0.22853085321757088
0.24715673769295649
0.2510954742965198
0.25626072483029
0.25709777367953324
0.2600781030778235
0.2793305485126527
0.28769055068181226
0.30138687801308506
0.31188330676012016
0.3126617835174863
0.3302438565624981
0.347936491704785
0.37194145088336217
0.38149273440967213
0.3830048091149263
0.3892757532859949
0.3895430718759453
0.3929204868152332
0.40498070133225844
0.41665567864299496
0.42627081788806903
0.43621953657315365
0.45553139395532827
0.45620072067585504
0.4609385524460422
0.47022125145750504
0.5002244365024971
