-1.214306433183765e-17
0.00043062371224914485
0.0006608760241494909
0.0009641882512160527
0.0012587359079538306
0.0014061694787309668
0.0020009293644044964
0.0022226395494855857
0.0025984637936598814
0.0029498090813678286
0.003073485361633552
0.0031702374123394068
0.0038559963271190944
0.004345019857727896
0.004533108754030658
0.004804815053805431
0.005102537280310267
0.005393605272887068
0.005528713549372618
0.005948306075831937
0.0060266411469205115
0.006992101513590967
0.007271858240821655
0.007535537317933433
0.007671662402033508
0.007737110427773057
0.008103023396266366
0.0086533303931475
0.008769090969897917
0.00916154138238356
0.009256185678378328
0.009635767587575278
0.009966712962352907
0.010641023154197475
0.011116558179506507
0.011496513130264193
0.011709110765062305
0.011823763385659316
0.011891270146204452
0.01221668644871555
0.012712672826617902
0.012980793939991965
0.013300459144413157
0.013621334281019177
0.01375723677847745
0.014553918070610973
0.014597764139387166
0.014920624996612815
0.015345407352730283
0.015711535376508164
