-3.122502256758253e-17
0.007254634267450282
0.00742833088545662
0.017812654498728174
0.017862767258025776
0.026301711140313155
0.03062472320316794
0.030632541827633593
0.04116952494251458
0.04524075918548341
0.04525474030527511
0.05364913227202273
0.05492845359707075
0.060975804970953194
0.06100981983814457
0.07630860459249941
0.07633237059823912
0.08726549936968386
0.08734447827750146
0.09317387442570996
0.09511057402519427
0.09518399198079852
0.09680409687650975
0.10537630418811858
0.11969110150921793
0.13178274949598998
0.13184421321938328
0.1448560016447921
0.14692296955249307
0.1487124091399204
0.15622804016030814
0.16339784352598632
0.16347970278043747
0.1653731256749722
0.16549143876057298
0.17645912362201105
0.17653676137773028
0.18231712288206156
0.18239014003690324
0.1835991053649542
0.18390773720612252
0.18980294918719506
0.19083207854751938
0.21962366570828687
0.21970805464471144
0.22033621645342227
0.2203872316204626
0.23119980394994688
0.23133699819003004
0.23440967212584787
