-1.734723475976807e-18
0.007211622252359466
0.007415793211940252
0.017816163419999802
0.01787412637161842
0.025108093198994534
0.03063774282556353
0.03064782129619783
0.043952793030952945
0.04526307810088721
0.04527365671098723
0.05246940723868052
0.05413597221828049
0.06101391535680973
0.061024094523468055
0.07631994794822757
0.07638091969506526
0.08730124424064362
0.08737002123995867
0.08866906908920735
0.09195276160875615
0.09293692409993519
0.09515310874136645
0.10888100949412073
0.1212020524581608
0.13178334664624675
0.13180704027052587
0.13792899625169905
0.14423725595227538
0.14570812838181837
0.146548327988674
0.16346217323969936
0.16359118540041986
0.16548872714908966
0.1655234333168661
0.17652404598775115
0.17660522997002487
0.1798513829047757
0.18097937966913147
0.1823675419691765
0.1825086139276988
0.18974212446585917
0.1904416988978046
0.21910459379569608
0.21954509919916027
0.22047137722508797
0.22050764411778534
0.2211898502952306
0.230357577412898
0.23141670576815931
