-1.214306433183765e-17
0.005007076710061063
0.007157026147501281
0.010286410767888337
0.016852082239699043
0.018710774161128874
0.018998834044550883
0.02202554030023597
0.02676813430688279
0.026906547354403093
0.03134873904688383
0.03514751324134115
0.03802563075531418
0.041476442006502676
0.04389236808282689
0.04502668789221605
0.05557129474679771
0.055729640633700304
0.058429501859930434
0.06174173250848582
0.0627082341322443
0.06305495545025532
0.06747299094147782
0.07102510615042296
0.07835624488465806
0.07839998029571489
0.08234909252328576
0.08499973434596429
0.09154915056980469
0.09557276114808592
0.0977418385789317
0.0977678439355575
0.10035499032280353
0.1037001641320266
0.10503258175863098
0.1115306220057397
0.11444782397620164
0.11474643522500001
0.1176178949809404
0.12411554727160214
0.1273008415442966
0.12860378835671576
0.13081750377672352
0.1323052474026833
0.13597632462731482
0.13879758392047903
0.14258810426602603
0.14462789116086566
0.1456234794356899
0.15123621436036994
