0.0
0.000687374284407502
0.0027063543594283684
0.004152009331066724
0.006186600768525416
0.0065029859241986804
0.009444122626096665
0.011053733170558145
0.01426430780546487
0.014278882885325738
0.015445559947196317
0.01693726320706574
0.017383324065870766
0.01766542899814281
0.018414056636650945
0.01956376884134608
0.020633588754696355
0.020888970056528157
0.023544275169822625
0.023794220280029713
0.024490203957384507
0.025041138705190216
0.026568171749633322
0.02806552428378361
0.029210287668684276
0.030165773480937283
0.030468353021691194
0.03236514747008453
0.03262643568516343
0.034458705329157124
0.03554996913009804
0.03585936748383371
0.036820599327195745
0.03719657791475685
0.03748325352717762
0.03887896805679186
0.04118579451216192
0.04380854046779462
0.04384620426610233
0.04592384370180544
0.04799018563002028
0.048630417449707426
0.051021032389864746
0.05162120751353111
0.0535610629424124
0.054454339642547735
0.05616364667073056
0.057636581399134405
0.05908792099024474
0.0595493844565979
