1.9081958235744878e-17
0.00012297589779985615
0.0004782589486342706
0.0008029500804352021
0.0010547427830705
0.001856536419420728
0.0028384398625980016
0.0030676256132857287
0.003983484007451223
0.004250969357778368
0.004905026228026188
0.005335615407670257
0.005773076378252634
0.006399223651224311
0.007473174239157327
0.00805241270221753
0.009511916013672657
0.00989606142106183
0.011204954741815506
0.011639758100471508
0.012043393707978514
0.012643771711923194
0.013133249063015164
0.014035736361561786
0.014322396193061927
0.01445068977566939
0.014744601779884086
0.0151553179348636
0.01561975979806538
0.016121639342785807
0.016655744859111664
0.016887419977657872
0.017278850330018095
0.01729305438582781
0.017786552842656095
0.01848934096008103
0.018684582540505354
0.019491313491513625
0.01977472092976578
0.02030284917844207
0.021278999503289493
0.02166120833257902
0.02210889450055397
0.022261599872554
0.02312526739780283
0.023783692478118082
0.024011345947398996
0.024427153603925583
0.024723111420291155
0.02474473151961685
