-2.949029909160572e-17
0.0030912043956856008
0.013185696119335193
0.013261635048642717
0.022280221305263803
0.026351795711306254
0.04232172964612635
0.04246155452461267
0.04359827007215728
0.05276925067494161
0.060245793240218955
0.07170035627097136
0.0717735908613574
0.07675413237720989
0.07742482121759271
0.08187672058066874
0.09972194307651329
0.10156320708748676
0.10784144042570488
0.11306634784166669
0.11902959714111076
0.12335020914641422
0.12574442987480344
0.13473132543974703
0.13614309658037618
0.1551474365876124
0.16231931178439724
0.16562945211150523
0.16783395781377128
0.17603314885824764
0.18573160164109398
0.18815689044393902
0.19207475407375948
0.19809139508360232
0.19881203737469477
0.20472415414944026
0.20483263214774963
0.2171057636315512
0.22027258576201822
0.22873246275039047
0.2354692835617532
0.23606348717489586
0.24228427583223616
0.24543525444605663
0.25369939667084196
0.26528321717715764
0.26731621153089247
0.2687935969031416
0.28568567501054404
0.29207193031022055
