-8.673617379884035e-18
0.0006152055341288598
0.004920104213929468
0.005556773857777732
0.0064513500135017655
0.008169074394285434
0.010869322450793572
0.013915229052064776
0.018775413025252208
0.019119948122184448
0.019363981287434308
0.020083128539299437
0.023004901160277466
0.025420150604776218
0.026389819526595318
0.028897000361211525
0.035314003046029954
0.03633729784760759
0.03636500345086733
0.037667255628186624
0.03903867489482868
0.04210589328891676
0.04233716986757221
0.04636781240207107
0.049835744014795944
0.050299817016538406
0.05247197192103739
0.05408065836174895
0.05925022194476367
0.06171676714015482
0.06261393735094861
0.06421503258619483
0.06586469007487192
0.06705361006329442
0.0675999207957191
0.0679853245708836
0.0682265576169342
0.07428132618695883
0.07815573318122453
0.07929559794990397
0.0865114356643907
0.08728265860207367
0.08832217940873832
0.08899123084082876
0.08942613241693723
0.09139532738129574
0.09296055704532533
0.09345236432472652
0.09479977495686703
0.09676799192551616
