-6.938893903907228e-18
0.000520325679316232
0.0018122493414560667
0.0027150543789727713
0.0032785782845929784
0.003879688255588952
0.00478791781335171
0.00571888268035149
0.006103402902671843
0.006325160930290908
0.007302653966725628
0.007848965033593973
0.009544762920239981
0.00980675708900357
0.01008348529954759
0.01096422731242515
0.012558416500474468
0.012848659005396527
0.014078628625532668
0.014657201270020416
0.015241860433933939
0.015512688036145804
0.01646291133609029
0.017665261677516857
0.018728942106669255
0.01928696264619395
0.020368913009227878
0.020959642868058265
0.02179234641440201
0.024355343955693207
0.025056589772689743
0.0253118588685268
0.025496920620332278
0.02733229504507889
0.028075691593669773
0.028568792463014893
0.029644578002222532
0.030244433350148446
0.030702083844510612
0.031105419003682105
0.03360872965765211
0.034440775493959526
0.03487225491696252
0.03599835845076367
0.03699839577869592
0.03753900837857778
0.039374911508556945
0.04047888124453657
0.04098786803576463
0.04184915568844067
