2.6020852139652106e-17
0.004653736465645663
0.027348039774435166
0.0360936512790798
0.04149406146912187
0.041694652418731895
0.04538953030447959
0.08690244834983804
0.10567938372704176
0.1057350014419753
0.12606578116085962
0.1279944318090055
0.1302335624475586
0.13409305207136166
0.17328135558858224
0.17518220064143197
0.1845049976914296
0.20697481569682635
0.21394746054939914
0.22612867669732628
0.23426827147405552
0.23570603364809822
0.23800418129154402
0.2479931346460983
0.26102882166891295
0.261040523394472
0.27193821096751913
0.2738039136821062
0.2924441516202908
0.29506203181615803
0.2979910471897887
0.3310337320185186
0.33782852446726186
0.35393790790640867
0.3597488932350773
0.36316293411922307
0.38811113386690643
0.3960862450702685
0.4126949529286346
0.41270411108225163
0.4173318173079492
0.4274363596218808
0.4344806841663958
0.4363266854223615
0.43679114448216066
0.44831137714571945
0.49726897296895467
0.49981583999603574
0.5007139884092567
0.5046313132001146
