5.204170427930421e-18
0.00017433424766051184
0.0003258921843433977
0.0005512230736476869
0.0006649534938472663
0.0009841115553502217
0.0010643123284516751
0.0011070912899196397
0.0012929069299039957
0.0013461414853625422
0.0015596706329902652
0.0017413680968584103
0.002061942016785301
0.0022434165474091265
0.0038233175894690167
0.003922869735827167
0.004382028380528617
0.004483916261562746
0.005309073258521377
0.005667116429965589
0.00613079413911753
0.006583207502779903
0.006822628523394237
0.007009545896562762
0.007124275065250605
0.007589822845029041
0.007903573012682756
0.008180388697662225
0.008296664981234924
0.00889606802244119
0.008966258987733395
0.009996643045898217
0.010158852004727966
0.010665208873326915
0.01082888385332943
0.011203399383399886
0.011439121166321628
0.012246337663059366
0.012417967664207321
0.012814648503608946
0.013348031411262772
0.013616160271233349
0.014189320197581566
0.014680755581602504
0.015364522308525337
0.015892029592788272
0.015943782452260573
0.017303947538395086
0.01790123987226841
0.019091590246642677
