-8.673617379884035e-18
0.0020384995095027014
0.0029416167403099915
0.0066150552208474375
0.007104674722783972
0.008648146179259264
0.01233912294212385
0.013969367027225782
0.017235601828567704
0.019161718112389266
0.01994403208237007
0.02071759532483894
0.024563003899562993
0.025556181359589675
0.029641806284998018
0.03211020096881825
0.03305669388120096
0.03492304536875947
0.03674384235654405
0.038082242014505906
0.04132341643985365
0.04426937645923203
0.04753435746216933
0.04852999403414486
0.05265175759661966
0.053549713847657186
0.055387707718918676
0.05818917155740543
0.05858885047810696
0.06074392843377847
0.06182473155688282
0.06526760226830787
0.06608387400950999
0.06952663632292566
0.07081436107887061
0.07331243898456419
0.07582071339693683
0.0788494537444984
0.07996928718750668
0.08292324249565437
0.08516452449232208
0.08587045225608922
0.08868172610274803
0.0910872395824474
0.09371291300923405
0.09571762775315663
0.09758397354377926
0.102146500092509
0.10229057609023223
0.10284908954692959
