2.6020852139652106e-17
0.0007811069538129871
0.0016462024251425594
0.007645148290554312
0.010306240783116786
0.013607509392677812
0.014913573769268875
0.015109202613628093
0.015796127656187355
0.017736244818992566
0.01833419830092746
0.020151777668200685
0.024055787848563805
0.027901332809258807
0.02869189230512669
0.03267944548756667
0.03318670742149533
0.03629296807458568
0.038792498134442986
0.03951414758943708
0.043641502086217136
0.047613542094198685
0.04952218524662215
0.05068245026229243
0.0531261544311128
0.05501927021577569
0.05540019342841474
0.05592637064655443
0.05697293056268652
0.05808571234408675
0.058218611989355
0.059872920651236845
0.06507515528267965
0.07107101215518327
0.0722875940010637
0.07681370190632894
0.07708107044291089
0.07791564090350728
0.07801669891830555
0.08038690981490682
0.08622288384729546
0.08699227552076065
0.08815610134725718
0.09012137260396193
0.09084748683287774
0.09475348058396256
0.09723452784294262
0.10321264935823275
0.10698657487421327
0.10923015799362439
