-1.3877787807814457e-17
0.00016818397390091014
0.0005560464575635454
0.0005563877068545699
0.000671561987135345
0.0008949402236371924
0.0009132859007114288
0.0014331886677763778
0.0015310264143003245
0.0015312971427306928
0.0019226585124389028
0.0019276097045757574
0.002377821264635989
0.0024737152200063877
0.0024845693585872353
0.002489632831244811
0.002504985021829109
0.003149606330553577
0.0031565461893996987
0.0035763723568381454
0.003744104584466156
0.0037448243245841173
0.004079844126174568
0.004107886427140587
0.00418325388798934
0.004283615346932199
0.004936005518093438
0.004959609876447172
0.0050238976739939555
0.005051892918235545
0.005291402850146681
0.005606143628838548
0.005622224335688555
0.005643604222630312
0.00564606501473385
0.0063981842669134665
0.006835185132290924
0.006886019147646786
0.006967722610278235
0.006968940855662143
0.007071098649761265
0.007086773018728865
0.007225903003621444
0.0074125187275491545
0.008240043448341132
0.008256610384914072
0.008259911114704187
0.008304495619003241
0.008475560516162542
0.008597222856460278
