-5.204170427930421e-18
0.00020107213690463178
0.0006616983349713099
0.0006618511836227071
0.0007848220586604455
0.0010791993211542398
0.001079439865754683
0.0017093691421993882
0.0018032247115585924
0.0018037875462961189
0.0022301575231172665
0.002354995110862906
0.00283656024847204
0.002886696866764198
0.0029249030093267837
0.0029256013258797658
0.0030637586947364244
0.0035162433407068157
0.003999386540289378
0.004295010050533949
0.004361148347308873
0.004362372259367708
0.004799707077689105
0.0049019999870673694
0.004902758037771581
0.0053773788847484415
0.005872955528044127
0.0059190752964598786
0.005919766248548992
0.006150260514782525
0.006151264416667414
0.006302546519108368
0.006723171559937525
0.006724778472704555
0.007065132969904303
0.007723964579376864
0.008114300291704258
0.008115815613713587
0.008219491943805538
0.008220959103187533
0.008325978401340086
0.008447381789848314
0.008510281279074624
0.009108897395347275
0.009731822874081695
0.009828525077996435
0.009830985718354788
0.00993989935304349
0.00997217464809747
0.010442020024844732
