1.0408340855860843e-17
0.0004440215036991234
0.00045476331170024413
0.00048712506184434533
0.0012211958750465834
0.0012285309901737679
0.0015152333378001329
0.0015597397066899974
0.0018501748762809363
0.0022991557412850756
0.0025135233169565497
0.0025498806858049745
0.0028410387854904944
0.0028515345926140804
0.003244464332003861
0.003348064743085088
0.004184840750435884
0.004367045130746282
0.004385379130736224
0.0044076333300516485
0.0044784028107318855
0.005060732950648281
0.005064446267901892
0.005606294333727606
0.005800281642964691
0.006041460738916862
0.006049905583699855
0.006473827692460013
0.006547387636198261
0.006677888093210698
0.0068399443732644356
0.007026180672547724
0.007063067770486391
0.007097479471174931
0.008576934237030794
0.00878310534719792
0.008941388113992891
0.008977454253526222
0.009087974925752819
0.009243998339588578
0.009356461150502161
0.009438570608464812
0.009597873629227245
0.009608169789985537
0.009807323935581059
0.009923127922983726
0.010173909915433
0.011530201443214759
0.011578329286267874
0.011902036429578511
