2.6020852139652106e-17
0.00044379877168384575
0.00044431072794686756
0.0004858490123671646
0.0012093174949475358
0.0012099575841554265
0.0015214189669652458
0.0015235431615450313
0.001816509393682282
0.002215098779259685
0.002502142518811935
0.0025034873994655635
0.0028256343546631535
0.002828954804259546
0.003266594146423857
0.003269846219228269
0.004127843577738282
0.0043451617098043595
0.004347972673423205
0.004383285013177918
0.00438896733400718
0.004911247326757528
0.0049149249776141435
0.00566213101927626
0.0056630694211076225
0.005899502984974181
0.005905257917683164
0.00643933504822961
0.006448909360654219
0.006604907197816477
0.006874879634099574
0.006875942084124989
0.00701366794939502
0.007021406774447443
0.008520936461845588
0.008749953891795474
0.008843671278726204
0.008853525355760236
0.009079613764236242
0.009085365260227097
0.009260079234439925
0.00926973327962872
0.009326056388458756
0.009330158979631955
0.009640101513967615
0.0098656141452649
0.010103978796836064
0.011394369621866194
0.011407541592382586
0.011561102083909936
