1.4051260155412137e-16
0.02349275900671558
0.03444158406684234
0.04303375513667935
0.072130990121193
0.08428184497285786
0.09818389344710547
0.12359535954335597
0.12539503745017244
0.15011758254019916
0.1600208411865194
0.1920309482854886
0.19305413926657344
0.19628285041813545
0.24572721236892164
0.25394675095035535
0.2615630368963231
0.2648802862184315
0.30144778676636214
0.3136158303000577
0.3237584120563823
0.3405638231041956
0.34311600347812793
0.37335212661917827
0.37756895795725703
0.43819022628586185
0.4395374498628863
0.44768945804772114
0.45255425619674833
0.4724711812519074
0.4846353060979581
0.4907498231982308
0.5132983607100589
0.5204288259731054
0.54464891761392
0.5486495649434653
0.6019721503171455
0.6062185544918017
0.6448308962482534
0.6591035252367309
0.6662726559200376
0.6798446966028854
0.682798397373432
0.6866801635032789
0.6878785006277263
0.7000958438709418
0.7003389077459871
0.7810513356540059
0.7825408276355084
0.8010222040434379
