-8.673617379884035e-18
0.0018206400526342946
0.0022354246244605993
0.003461782969722809
0.005111176428324801
0.005326894361932432
0.006161206253812562
0.009178311526660451
0.009362911427012474
0.01094830733202024
0.012811987772663047
0.014087946772714978
0.01419027572506379
0.014963872053263593
0.019193661561596874
0.019554369912955408
0.019926374421609723
0.02013526963408723
0.02379920162133664
0.02415217464483605
0.02465191587722798
0.026529065392259396
0.027495356784055867
0.029115271664006556
0.029386482024487834
0.031110602864766253
0.03467141573115228
0.03511714267293596
0.03600465877200403
0.03672609260313326
0.03911614006969573
0.03942416237026135
0.04009402340941016
0.040662526005454315
0.04401717158594004
0.045077562652357565
0.04713181406168907
0.047913103803721345
0.048744080925277294
0.04948812210155481
0.05146693563437898
0.051881216780936275
0.05381701668949305
0.05500635682593986
0.056313743954573274
0.05949331227052169
0.05970428764343553
0.060930236027525904
0.06229110679932066
0.06336457108282999
