-5.204170427930421e-18
0.00014038547592897833
0.0006945606298247847
0.0008922903795023033
0.0008924027594651041
0.00119415178315372
0.0011943228186761506
0.0014772977017019698
0.0019082225212780895
0.001908408235950225
0.00254845729569971
0.0028497165645947706
0.0028499924064758052
0.0029017518757105155
0.002904145707184523
0.00379636553976467
0.0038016160947649848
0.003802793098157382
0.00411205356240567
0.004112348926632852
0.004580751309718228
0.0045831798688308455
0.005185051889147269
0.005705984000394413
0.005706494852265093
0.005891098201850109
0.005892916280698256
0.00593674575658394
0.005937476201265663
0.006887263347517854
0.007006762677310581
0.007009916858612049
0.0074100834759378755
0.007410973715754448
0.007795277447653315
0.007800611605578605
0.008459814072906044
0.008460383340000327
0.008772568014811776
0.008938341970023451
0.008941642314986382
0.00945321330136367
0.009454888002158759
0.009974182808380779
0.009975210422829181
0.010712263831971871
0.010716595016032992
0.010840899761237829
0.01084418751375926
0.011117992895159084
