-3.469446951953614e-17
0.0001814714574358365
0.0006424938965241388
0.0007230688622462452
0.0007231426891630074
0.0011862212126830963
0.0011862921008073627
0.0015559301415578493
0.0017074175094514057
0.0017074637600335042
0.0025153298603374195
0.0025161643157615207
0.0025284020247647986
0.0028181797863421117
0.0028182422326407924
0.003342701940707078
0.003344225128578078
0.0039528861705301725
0.003952969970650273
0.0039752579971375265
0.003984764420493531
0.003987055353183916
0.005190363584386022
0.005193701389090295
0.005311373919211224
0.005313177733582019
0.005380250851733916
0.005678209164175019
0.005678430788628083
0.006454980428152542
0.006459319473713239
0.006594313243058656
0.006595715945142069
0.007179296296098812
0.007433132424099995
0.0074334144146866125
0.007728510105839885
0.007729124809358319
0.008307053628695523
0.008311923494993696
0.00871702062426605
0.008717410539327173
0.009022350422673782
0.00902847059341596
0.009079231268322817
0.009592420546401902
0.00959304566524301
0.010194048748462711
0.0101966054883943
0.010276637940608816
