2.42861286636753e-17
0.0027129981807792573
0.002717113745004813
0.006508662525806423
0.006733101846410091
0.008619317684742849
0.012888956926571013
0.015846815916565428
0.016152330753684198
0.016304341610762378
0.016383310166661086
0.017003368465434834
0.0204330645142613
0.025388106711757834
0.026090664576487455
0.04292415358714302
0.043329594315839395
0.04760866379209043
0.06231537810913241
0.06248072195778095
0.0632260176814838
0.06726117725834681
0.06865420886658552
0.0716341283721767
0.07478326857638477
0.07916071445020552
0.07932076471330858
0.07965066576824596
0.08410944357473182
0.0912499865037122
0.09561283738471446
0.0966547646393616
0.09808951522799043
0.09945400954468933
0.10026663799751584
0.10261676839870969
0.10364250815197859
0.10638775123285718
0.10828866352440866
0.10919482171892089
0.11302916270948886
0.1160803965320286
0.12005308784489165
0.1247517896255602
0.1251943174824043
0.12579621406882138
0.12779783061964575
0.12789063359409827
0.127956639192614
0.12886154454166024
