-1.214306433183765e-17
0.00016267024717998325
0.0006831287310199372
0.0012006544672620405
0.00165898626123164
0.0025864368706972063
0.002789486299671698
0.003864669000882252
0.004095508951801597
0.005123421310018217
0.005587783767372352
0.005949439830239959
0.007156081771948304
0.008461843874632865
0.009967368955927878
0.01140456514138742
0.012345806141948247
0.013922326242419255
0.014434044151363788
0.015381339301759904
0.016770777361294904
0.01737026761899369
0.01822831346842526
0.018844253929290122
0.01968970728276686
0.02003908616230978
0.021067699124396495
0.021276932802380043
0.021545013289261866
0.022034641828645105
0.022750746392886136
0.02393323424312136
0.02438609190829797
0.02548485696065829
0.026314371295532588
0.026444931971679048
0.028768024521960298
0.029461085768296105
0.030949412007149006
0.03160052948658169
0.03272045489874065
0.03330960995302861
0.033717202367298374
0.03446290073881891
0.03520041689072714
0.03595475248572365
0.03798780201318731
0.03895767115598026
0.039828387633267015
0.04007438847868258
