2.7755575615628914e-17
0.004630963580638789
0.01240040588085776
0.01459407506532367
0.021480951800536163
0.03126889548934513
0.03440196679950643
0.03734577399325768
0.043105276127151704
0.04501759052910576
0.04744885009852798
0.062370756461365785
0.06900311473665975
0.07122658993258543
0.0731672633208779
0.08526031913777528
0.08756233928722264
0.095715501636217
0.10008273092650777
0.10121558668551636
0.11783752352772951
0.11803766936424072
0.12192351282932058
0.12427432854519908
0.129249357321792
0.1312860249086138
0.14196761671268326
0.14702339409893855
0.1497591448475917
0.1548188736949294
0.15605293630674053
0.15890203719587542
0.1684216846853113
0.1729065832329076
0.18471367463572402
0.19582135611768872
0.19599300806707956
0.19889882649082855
0.2087248400165414
0.21199408335823447
0.2135759115686234
0.22604242305101166
0.23303207197476603
0.2395313057041433
0.24053202767757254
0.24386180292886028
0.25193925543823364
0.25456484055367606
0.2576702658092171
0.26633811240296507
