3.642919299551295e-17
0.001014102883707367
0.003399863247014393
0.003879914505338578
0.009110756233002658
0.013556364715279571
0.015474837591256547
0.025270752456814975
0.030252506070221674
0.034645989186039915
0.049289463994407166
0.05306265957209793
0.06096689023899592
0.07269420035311498
0.07277564800832902
0.07948865527076114
0.08102976028269782
0.08208672510643068
0.08629018099656623
0.09301526146928663
0.09741508955472353
0.10154344392047829
0.11697948344080673
0.11744960251495741
0.11955728275339793
0.12261412700909045
0.1253483620186826
0.1262311362954833
0.12771242037510916
0.1277793143901358
0.13104656924771926
0.13236245607214678
0.13444345962202567
0.13805376205891248
0.1389448813752206
0.1416487916383904
0.14656271564383627
0.1517759819455867
0.15324819571260542
0.15495634731276262
0.15738390411588915
0.1575197043750257
0.16624202326792864
0.16857460497921672
0.17099313077956654
0.1784560339524767
0.17868512120292515
0.1814340849503367
0.18271084738156612
0.1968704277816297
