-1.734723475976807e-17
4.4457773972309336e-05
0.00010866166474520281
0.0002887439233824028
0.0004643591215311646
0.0006455888684547446
0.001190086048974543
0.0013620533327255244
0.002072893603204371
0.0022826852760670646
0.0024474550983495137
0.002656880094520817
0.0027357250954616243
0.0027618121999112948
0.0029948346855928273
0.003259766654762755
0.0038227982047487185
0.004258793572921133
0.00483261816868507
0.005069791696311696
0.005219793995651114
0.0053309297967381805
0.005359477431260654
0.005472895732954886
0.005556778210291623
0.005717835571467518
0.006033144275654616
0.006435457646519571
0.00654721218215692
0.006599925359130671
0.006889731365356288
0.006923502901065191
0.007087792962930181
0.007163557310321615
0.00751585496510924
0.007742385077073375
0.00800415731739569
0.008204119791612273
0.00849964777786215
0.008555462368980743
0.008911725739751507
0.008997782110873353
0.00938319621716483
0.00993612101219169
0.010220527534212662
0.010309037650013226
0.010662449773958577
0.010851702705252509
0.011165560987820304
0.01142002696228771
