-1.214306433183765e-17
0.0013566965742980337
0.0016099925701182297
0.003264215506001967
0.003646114647769823
0.004133920624259768
0.006373861557207422
0.007391198707259348
0.007852174149834723
0.008203806276403493
0.009483543648766324
0.010118643129906823
0.010842967822649865
0.011230434776869866
0.012007914454640013
0.012948410563884372
0.013687744471335505
0.014766831185744513
0.01488976577217918
0.016493596333741832
0.018098737080928018
0.01902568445130061
0.01938774942863706
0.02047817192982801
0.020725799912130548
0.021137667147634584
0.023149349335045075
0.02344527660992546
0.023958222166235874
0.026307330872776105
0.02692186071584249
0.02758756905395046
0.02824028755084109
0.028911784524592504
0.029213109816048195
0.02995766789213613
0.030430006880759752
0.031284796382159016
0.032660085639332814
0.033553375820349715
0.03439774463176129
0.036572239477885383
0.037267810842174086
0.037839280960054504
0.038734451511284886
0.038978939107728906
0.040029685793986414
0.040562957547818454
0.042606229739772024
0.04296493247407758
