-3.122502256758253e-17
0.010781240944265096
0.011041667121684922
0.017234038015747626
0.01790308841662948
0.06362967082933634
0.09335019788135517
0.09344734910534302
0.09698651300063224
0.12238303146548142
0.12552997360323948
0.14329092264897542
0.14350115870758776
0.14909227258655094
0.15086731333213194
0.16413915259012019
0.1710734549883477
0.17293274886170415
0.1770208554358974
0.17793983017098994
0.17825198552815
0.22896393989473304
0.23922335385643673
0.24010671012140905
0.2498938812796821
0.2621039961765787
0.2766692894493273
0.28455504352222044
0.30059884386354174
0.309718949547245
0.33818085053788866
0.36325373589133003
0.36758676045149025
0.3798928549065106
0.39086028609916573
0.41369495477815543
0.41640934445309674
0.43259407831120145
0.435457079947544
0.4690751525914557
0.4708861151237553
0.47372234791739476
0.47808349203597905
0.49618438541450116
0.5007605024958738
0.5135891016711748
0.5150935786194287
0.5271311607639638
0.5312296623311328
0.5353136538234352
