-2.949029909160572e-17
0.012596214367198525
0.01272206913924523
0.017673169584427023
0.06045765790227355
0.09395969244588899
0.0974900932321178
0.0980459292794475
0.12730273782673376
0.14540190981289314
0.1461727035843936
0.14700275726927192
0.1619831677969148
0.1674933836410921
0.17124430719109976
0.17751951952781017
0.177695199953477
0.2287453618823061
0.2374829936074136
0.24170737269021336
0.2542692816981975
0.26153907313917296
0.27369296539591104
0.30359047194125793
0.34117827994892225
0.35580068265836906
0.3662675892323356
0.37548096318819896
0.3768569149444569
0.40879466541872467
0.41596951191694725
0.4252511558185647
0.4678346746027429
0.483767347457154
0.4840330557459112
0.4954365698280808
0.49987647371035326
0.5193434127560917
0.525596726376262
0.5307390352873883
0.5325044278333456
0.5339846097681735
0.5366962339665625
0.5666732121069691
0.5794276167755332
0.5813278530734043
0.5826489919814034
0.5940981502015608
0.6061615514336332
0.6530585537671051
