2.6020852139652106e-17
0.00021399941224478462
0.0008546480131508705
0.0019456265088761346
0.0033992841306239863
0.005425826662192115
0.00772667072584394
0.010511972105845436
0.013727160020606645
0.017440605785849488
0.021541203881892138
0.025954968392248437
0.030805120625998425
0.03628038732554026
0.04200197230588721
0.04839228872047001
0.05408403831658146
0.06172279884258868
0.06864504052429828
0.07732155854830644
0.0840197142992956
0.09384236059631697
0.10255370400332056
0.11249403178140123
0.12168303649054447
0.132284447175291
0.1418890923777782
0.15254776865583056
0.16366508530444213
0.17613355916370013
0.18694250147088148
0.20106370715933483
0.21201718120777907
0.22461186514116546
0.23746990165512194
0.25059621741011895
0.26342025169813005
0.276577178928777
0.2931540266048913
0.30702220395840385
0.32073370410219565
0.3391909744845871
0.3503432749379796
0.36590680678969256
0.37690584705239405
0.4011797335552901
0.4130970907715549
0.4293746909579273
0.439876615931338
0.4584202118899191
