-3.469446951953614e-18
0.0007701296108565351
0.0017229547119704588
0.0023507068585670674
0.0030400262118779157
0.005343478265891752
0.00814845894222094
0.008710660715498317
0.009016924441330088
0.010260665153042072
0.013118856083711551
0.014604360810061877
0.017449053100434965
0.0221582104264191
0.022728908422038285
0.024023413659411977
0.024663229870957183
0.02490812129940167
0.02495241325322911
0.025320696317039933
0.026774270962805484
0.026875141210097465
0.028398262662762963
0.0288936145255878
0.029331103925612126
0.030142289903827092
0.031882790035435316
0.03283278896200763
0.03304787464712562
0.03445700593232931
0.035875970584638595
0.036151641099834785
0.036927413979381846
0.03766573790757683
0.038288911750811803
0.038729998116167584
0.04176115800863305
0.04221644543903313
0.0426049152860204
0.04456055747421136
0.04543261307844061
0.046100298750555976
0.047900599806531774
0.049142790491680924
0.050651602970609874
0.05077085990168104
0.05186096331551417
0.053520865961709886
0.05551725954562004
0.0559407000102144
