-6.938893903907228e-18
0.00023666593226322717
0.0009611428250882615
0.0021327861782046414
0.003720070432314088
0.005703895380509074
0.008044371293760814
0.010700740345908696
0.013633895589519133
0.016811026011396044
0.020217299039133607
0.02382045473860553
0.026602051322916972
0.027024069128610127
0.027434852977855848
0.027628462528336922
0.02798129890644232
0.029314986111141875
0.02948372052912685
0.03100028874478343
0.0311448848027586
0.03200624368827767
0.033411452982268657
0.03347151205110509
0.03567601759100815
0.03618043544739925
0.03643569682978485
0.03930235083107359
0.039479037916854434
0.040488146239878044
0.04332432602469928
0.04338613087459746
0.0449562871307584
0.047774274904121006
0.04794082632681592
0.04971064195630999
0.052702830839526434
0.053063239979831735
0.05479720470057397
0.05808351505265654
0.05867110837737862
0.060197351845344756
0.06386213281809552
0.06468854218800003
0.06590489328378002
0.07002936086355167
0.07107326417861952
0.07196107973938093
0.0765482648386472
0.07782813483127753
