-5.204170427930421e-18
0.0009140807663773082
0.0023443604866123374
0.003892543366312059
0.005514170484028061
0.006566793781676827
0.0067520158221750105
0.007667677432965701
0.009766953816498081
0.010120414946264976
0.010616476993304131
0.01337540290609431
0.013798607979150885
0.013991173897751523
0.014100450223979705
0.01734551347242174
0.017517865423707903
0.018378876430649338
0.019373487543283885
0.02068637781973255
0.023490847001495903
0.023965220678852678
0.025002452709246045
0.02719230360383399
0.02780225854210152
0.02861108792560578
0.030903880923059943
0.031943759534845746
0.033174083232543644
0.03354375741928962
0.033695005360973466
0.03437327702388179
0.03677299304808592
0.03865142768930756
0.03971063471177518
0.040134786152257663
0.04162538713735973
0.04300225243691691
0.043226615123340376
0.0436264650171984
0.044495181981749087
0.04558917512090463
0.04638300987668112
0.048993784295047936
0.050328520045333204
0.05272015312088551
0.05281047718582119
0.05315566152753393
0.05356816205762608
0.056117692640569004
