1.0408340855860843e-17
0.001447643496431162
0.0024714496671982347
0.003900576531360901
0.003958139847074122
0.005991955698777486
0.007940713945183997
0.008679992269841024
0.009664325124008223
0.011247446694129104
0.011403975977634062
0.013820635382632602
0.014607222302016188
0.014840604255039408
0.016327735539972202
0.01672725787229752
0.020640346746378567
0.022584958746209936
0.022654713865290395
0.023540120079241174
0.02385797290330819
0.024507709466295623
0.025173777013408873
0.0261980049803658
0.027313121486392873
0.02897424453301111
0.03215730874053678
0.03242175526081209
0.03473464605897717
0.03598071440330401
0.036966741721553245
0.03755512262333865
0.038467846157836987
0.03910364025280579
0.040804085970446664
0.041456028044904364
0.042626803557916385
0.04433185317965169
0.04562207797139458
0.04658501485637974
0.047172654968301315
0.04836354506941161
0.049476031243756706
0.05291712310003258
0.05391930020931628
0.055047012121794046
0.05605661015403237
0.0570167502565475
0.05742892533587491
0.05842770480931075
