0.0
0.00044367550694820665
0.0012067806261415077
0.001939988196203099
0.002653124444831397
0.0033824622672706008
0.004118480886977241
0.004891921531597917
0.0056047651017876714
0.0063879425623607124
0.007126020645974984
0.007938103974871833
0.008600503122089922
0.009430940918882412
0.010031611513849991
0.010836779408224409
0.011402108494139277
0.012300860485188104
0.012632633780200986
0.013644131387949511
0.013751753616245163
0.01483858885690202
0.01505095018507129
0.01603646706011718
0.016296250824465265
0.01712512602634239
0.017356988390576193
0.017976142856147632
0.018191562478479438
0.018538185341716203
0.01880841554132298
0.0200372070591657
0.029189725202852873
0.03661878153999088
0.03697663735068834
0.037272818279667004
0.03765260167194422
0.03775508157965764
0.03828656370674648
0.0388292254164235
0.03965999428014654
0.04029405500840047
0.04128983389498329
0.04189379868075207
0.04197185276665071
0.04306116231243376
0.04356215262346472
0.04495837844011848
0.04503226888277677
0.04649229489284965
