1.0408340855860843e-17
0.00022220388974908238
0.0005025683237187533
0.0007840673773923425
0.001072838915207798
0.0013563957324023296
0.0016324610036793034
0.0019228032929140635
0.00219192970570343
0.0025194251249416096
0.002796720575308295
0.0030997712182577533
0.003352713406941571
0.0035928409486062317
0.003897770390582509
0.004151948749040853
0.004418753688783184
0.0046786514338668945
0.004881304708953347
0.005206953994685216
0.005426104781042324
0.005776821701905617
0.005841071962146291
0.0062067514295899
0.006260877761366584
0.006574528515344636
0.00664598428901351
0.006865182350878471
0.006900226662626083
0.00706390610407657
0.0070932174362049304
0.010443149313962488
0.013717724675154612
0.01388922102667779
0.01397023091010099
0.01411141849646983
0.014346765664469322
0.014603991492528187
0.014843289334614375
0.015181341562475617
0.015403819336694291
0.015834530544480092
0.01609742067733072
0.016299989685880867
0.01655076945637461
0.016798724266846664
0.01724703329890654
0.017462408282339435
0.017950518177992147
0.01812130148476418
