0.0
0.00032782167821010164
0.0013146882717928032
0.002961457392827554
0.005269445126491353
0.008210812619363685
0.01176409986123471
0.015905177879591857
0.02063090311445183
0.02592848176019085
0.03176372805685812
0.03812068555519864
0.045014145779130744
0.04889507689612118
0.051647944369840736
0.0520135809548848
0.05261995874849897
0.052925392731308564
0.0533724836788576
0.05432603262272603
0.05558987043554436
0.056624390431575196
0.05859829634833547
0.05957955508195995
0.061130544071877464
0.062460267939085
0.06310361666168848
0.06699072105775357
0.06710757233883828
0.06997651946915019
0.07160717391258022
0.07243003079897874
0.0766132652154708
0.07841009922931091
0.079162302024626
0.0822497471423527
0.08543884587924182
0.08773780200716721
0.08860005199373683
0.09327529229254206
0.09540717070771103
0.09565497784203096
0.10204223649712192
0.1033639925869791
0.10354021200236038
0.11088911284662589
0.11168503344899972
0.11354142148726507
0.12000079360055226
0.12072113642134137
