8.866171685717461e-15
2.2280074259371982
3.687088897739486
4.822331158399574
6.15944090880507
8.49368450943293
11.09183406596621
12.869570023181383
13.264699998017528
16.101560745630223
16.982575982063636
18.406839674698425
19.72689704819599
22.789745529144817
23.297078749808026
24.125580421812312
25.900682954304592
29.77382744583595
31.792661950026154
32.055667746522126
33.459938558145524
36.5916187025965
36.63714456816327
38.28426448344583
39.09797361262463
39.901645053428126
43.803972196534595
46.1843154795621
47.90486673272346
51.225610014505264
53.09133277436718
53.39560211393874
54.4941014013788
56.14030474221099
57.244643741000715
60.91361961274536
61.39705432410634
64.2726247962546
65.12933598517539
66.71821399258157
67.21593757873453
68.83873466652503
70.00051900022311
73.98747250262466
75.02825503091121
77.03434608210506
80.20707741113276
81.13778741098768
84.41787752824686
85.81968273613171
