1.6601303665098044e-15
0.06459052756476455
0.2560860330184416
0.5207654507409719
0.7839790403722317
1.1491490283555414
1.7785752307064073
2.5660935100627227
2.5682092806776127
2.6824468996713744
2.7639531131519406
2.806236871378952
3.036831852472264
3.2189907245065146
3.470857897198544
3.8033223054706
3.8185614930735237
4.13896178322284
4.604647786414638
4.979973235927932
5.016102178071537
5.482229313569218
5.642188103056767
5.924094764588715
5.975524722140882
6.010135126734519
6.193561415067332
6.806506461212168
6.9645756310085085
7.096141190524891
7.563507021529071
8.162627825633995
8.480488023647275
8.795696732501701
9.090282450838824
9.155575940778506
9.22506845888677
10.03368920980359
10.093364572160645
10.119590679798623
10.24557256350511
10.471572113200537
10.487120992678683
10.585590986794314
10.772927063539155
11.282487350988006
11.308150285082549
11.486465847376717
12.044391886252788
12.068378525090523
