-1.3877787807814457e-17
0.002407194548036732
0.0025649234560030723
0.007777774347537897
0.009462426720727219
0.011201430816476123
0.012529375410880854
0.0163282908622105
0.017289031286372276
0.02223922810227362
0.024829295270996685
0.025157328548642055
0.02735780815993099
0.02969988791823916
0.03458918698516753
0.0351540287790895
0.03899147185289363
0.03970906165774417
0.04203383252326365
0.04437404474537796
0.048283138406660264
0.053084933937421065
0.05496823474368453
0.05696514533149249
0.06253000474809416
0.0626593172819509
0.06321169369952175
0.06544514830916946
0.07124482748546578
0.07127889360073904
0.07436197036141562
0.07563102577538398
0.07983319762947275
0.08324758118280927
0.08333303233299665
0.08530058825841193
0.09156191228402073
0.0919734198649318
0.09435204464181547
0.10038032850673241
0.10175629069230253
0.10605754753476215
0.10631829707597373
0.10670510327957851
0.10816110624887522
0.11463071497380223
0.11827225065566847
0.11952477210493499
0.11986312840015508
0.12630628757092602
