2.2551405187698492e-17
0.0003979752921644715
0.0013192256611880265
0.0014008217439578571
0.0022444417008599515
0.002768747001265826
0.003461694813836829
0.004106021197451206
0.004184883168496191
0.004925262770333606
0.005950200699637366
0.0064433056463459645
0.006481293006262193
0.007311568756883225
0.008184706797734887
0.008997215868041244
0.009555343830335168
0.009753640083807398
0.010349085321453776
0.010530664611813524
0.011652342868880254
0.012198238972860662
0.012817948139578273
0.013077083248205076
0.0140780907868763
0.014438946120151714
0.014993872759516204
0.015079704106288875
0.01599188206757282
0.016767148168319652
0.017028100889389067
0.01779804038656279
0.01820271441890709
0.01866110808427724
0.020070943806397137
0.02037349853737487
0.020799657109381413
0.021449240665468494
0.021623065332922874
0.02273866543334481
0.023520906186833716
0.023723215283339795
0.023981246324607054
0.024320021151571218
0.0263816207378018
0.026403310243701753
0.026772266428155354
0.027181186703770725
0.027238036681031044
0.027438461447370034
