-5.204170427930421e-18
0.0017077167963738503
0.004529626512945136
0.008489197583328579
0.008697570277642638
0.011009230166402028
0.017719300627967803
0.02275924291559498
0.02645606406351867
0.03174879361536711
0.03485388463154103
0.04051010207954602
0.0446345900090777
0.044795045083367145
0.05169822538266744
0.06062357400644373
0.06435641715035306
0.06538104762987303
0.06557549965332704
0.06871572320302341
0.07057177028600202
0.07148059991901194
0.078505939040956
0.07906920256001569
0.0812526478569073
0.0827496351487011
0.0888329036220457
0.09368657996701403
0.09511430311764534
0.09820260917509505
0.10108933362306773
0.11631998365396366
0.11724980386350707
0.11968705676898743
0.12046849122016774
0.12246521287143138
0.12542750608305042
0.12707836578579995
0.13128958216556183
0.1397211805897182
0.14954262073992142
0.15117139642370528
0.15333438977550456
0.16056012198692382
0.16350555897961996
0.16418250114613567
0.16765837649580886
0.17305668495089008
0.17589611014895729
0.18166540213824017
