-6.591949208711867e-17
0.006897847362572781
0.02813763266234247
0.05920398017396739
0.09650241374455822
0.11435584590768373
0.12961097412146377
0.13190331764124308
0.13823426813921652
0.148938665677732
0.16767949204538682
0.182417198358886
0.18331466831942175
0.2141121219844774
0.2352549389628715
0.24404286258145458
0.28026461934311253
0.30895889120996917
0.3197286775446182
0.36596195649211655
0.37969623546617537
0.39946198667265814
0.4103575098761842
0.43591773625395314
0.4524779511810345
0.45883049383305163
0.4919644795896001
0.49275450527858133
0.5012569425875908
0.5098037825331581
0.5160568940811024
0.5437768761578823
0.56421093653135
0.5685817496591952
0.5776643548171378
0.5969299603489078
0.6334001916270723
0.6430484427169639
0.6661518369838707
0.6748118747315578
0.7109239225839966
0.7216087963233986
0.7293564981909801
0.7605411319249784
0.7803735259361403
0.795381274404673
0.7966133446897343
0.844418003033496
0.8728507757833915
0.8860449357932191
