1.5612511283791264e-17
0.00212061436793305
0.0023756437473774136
0.004400193697895042
0.005744507724376789
0.0072363440522301755
0.007615318962859446
0.009885951065535562
0.01210836950590922
0.012572282323393162
0.012749744543868879
0.014528077701112837
0.017079869711046476
0.017291572351935687
0.018165570492570747
0.01968478930176725
0.020510901386611304
0.022292585308044045
0.022812617045193218
0.023823986565469774
0.025041934264649977
0.027542131897769835
0.03034938467431124
0.030857098385309083
0.03170079451229679
0.032384782486289954
0.03349392275683406
0.03526617198319346
0.036856451639076145
0.03774117603658209
0.03811170825530771
0.039862339979918754
0.040694332791565854
0.04317438172972785
0.04376418110541106
0.045005753744527095
0.045515374598094634
0.045764912979615116
0.04752031160683181
0.0485196507034199
0.049600208566198185
0.05039593734224293
0.053193175477392544
0.05440736182167449
0.05466079546471223
0.055587900985958665
0.05729131561224406
0.05739235193239906
0.06002432947053964
0.062301504474036005
