1.734723475976807e-17
0.00933578160316663
0.01068888600956081
0.011347968203600215
0.027247393643058733
0.029266225199696724
0.032017602283108834
0.03381370511211752
0.035019022443417556
0.05331007047417822
0.055639939710126214
0.06026499147527705
0.0640112993951438
0.06667111141157721
0.0680737435791398
0.07023094653651428
0.08736411821889295
0.09162553096466147
0.09746983605316337
0.10002652492607514
0.10479522372321187
0.11028176950991524
0.11176666060193831
0.11748335341834641
0.11944636983672881
0.13094863773837667
0.13776350527546893
0.14202633132051604
0.14409500936735772
0.1544528376950397
0.15904905039231174
0.162093440893439
0.16610692491547424
0.17288545739135114
0.17398633883857575
0.1768488573237916
0.18607885794940077
0.1896611154133556
0.1966841616775045
0.200805057527258
0.211007486727139
0.218297113415174
0.2258912981330277
0.23010294461055625
0.23085698381462544
0.2374393449323519
0.23891820303384623
0.24141101256896536
0.2456984929655303
0.2519206514199929
