3.469446951953614e-18
0.006031023508685151
0.03243968170337327
0.06486239555082932
0.08820691978268765
0.08837700841547036
0.10282847719520402
0.10620903064767259
0.11510830235886836
0.167147896997859
0.2173075618682891
0.22171553906412514
0.23222771776284523
0.27804610686887576
0.3042241112004757
0.3149899744847053
0.3429188724721999
0.3539559312134175
0.37358157533455766
0.37701807331523635
0.3950403631251244
0.4410477254551385
0.44618753484019497
0.4582917733573537
0.4962047583267327
0.5020308119004799
0.5485321476555644
0.5863663080788057
0.5961764570772794
0.6081393392756534
0.6385105497350365
0.6449418131474094
0.6589031765219479
0.6604271748953048
0.7132755167017376
0.7222531370999443
0.7574714354483819
0.7804659723006865
0.7849112815569744
0.8031162660403549
0.8060241353864872
0.8435951109334519
0.8778404513173771
0.8881334366731105
0.89309196735559
0.9091886599859097
0.9630424307000554
1.0000044068833682
1.0101350139086411
1.0397679160557298
