1.3357370765021415e-16
0.031151070548756196
0.046140252091350385
0.06117516161078956
0.11193922986151232
0.11720041827182069
0.18498721476224797
0.19369294135104745
0.21438845705057502
0.24317455889892353
0.2523477857771577
0.27243820167781296
0.283959859989211
0.2927552971336977
0.3398016357047815
0.38081401732706016
0.3856154360261668
0.4441934150314316
0.4542374403234135
0.4798075765066326
0.4962233405167934
0.5092281956057902
0.574262774886651
0.5778309174377038
0.634345060145824
0.6408936837861505
0.6578373916634042
0.6960418636679053
0.704402423644727
0.7102014848356112
0.7332472642165176
0.7913347438403434
0.800525288622702
0.8175761989141961
0.8345412819058994
0.8441146075723843
0.8600490741406258
0.8769376497930308
0.9385682170490753
0.9459426173820626
1.013074103773704
1.0255058560563786
1.0581134570495117
1.0817512887865035
1.1028502246779268
1.1102856492221729
1.1378005883448186
1.1902622284773285
1.199964466591352
1.2132610973498654
