3.469446951953614e-18
0.0018123126971810767
0.0021510380014046968
0.0030127783189556143
0.005598010944583946
0.006266518128805335
0.007328275854465377
0.008410458164974986
0.009011393863409748
0.011161882214745159
0.01283275813498975
0.013467624947653667
0.015398465088418816
0.01593274827618231
0.016466067480018436
0.017492123687282014
0.019465145069139662
0.021661806193546386
0.022685590185007223
0.0231862341704515
0.02362311269827104
0.024930932048785368
0.026406644442257425
0.02761141492879681
0.028489541312253813
0.030613736774200297
0.03212176924306354
0.032845376079091146
0.034232940361012675
0.03500985052363891
0.035792857716566207
0.037552179536648016
0.03822068051068289
0.03953085802063234
0.04199868486767026
0.04275324518561365
0.043544364070152074
0.04446937451076678
0.04546035356490062
0.04675207963577388
0.04908534984229507
0.04972413135712924
0.05139302241219508
0.0517628420469106
0.05346557124597768
0.05397444647513929
0.054908174077242654
0.05707584313266605
0.05812864433584374
0.058784988221118155
