1.734723475976807e-18
0.0018138975137429302
0.0021532590768112564
0.003017874383511091
0.0056042596342883826
0.006274304287283742
0.0073308808908891816
0.008420474609267646
0.009024325158068785
0.011171394048690731
0.012849297656899928
0.01348119914099073
0.015415883374184128
0.015957064632352642
0.016478891485653215
0.017514648852912332
0.01948667542349155
0.021693150103767246
0.02271422298063859
0.023210564199316164
0.02365245986402042
0.024972639781885936
0.02644264548109613
0.027629107446409673
0.028522297247193754
0.030649640547745514
0.03216733922150958
0.03287866457093221
0.03427489601897082
0.03505156174927936
0.03585456599422719
0.037585776419047166
0.03826943492575527
0.03957653959083656
0.04203030697481063
0.04280771986100767
0.04358916645276461
0.044527238384985686
0.04551738151592072
0.046821326323360675
0.04913805979897717
0.04978445992929109
0.051456690284104004
0.05182213291317986
0.05353165306471037
0.05404379734544145
0.054990322221542424
0.057160366689409776
0.05820038881500033
0.058849015263606856
