-1.734723475976807e-18
0.0030563398597506456
0.003425531518699655
0.0054827790894704555
0.008804027285766755
0.009988306918567913
0.012726089535162516
0.013935900324475824
0.014243733107500432
0.018236010468839735
0.018850215274762327
0.023510095599281286
0.025090720295508115
0.026101128731132323
0.026383604817679644
0.028134043619683344
0.02986777084103233
0.03220048898553978
0.03638309395877996
0.03920747569582945
0.03994807190765477
0.04074108715095804
0.04422346217502784
0.04574196890262543
0.04672704722300675
0.04727941937340769
0.047718197149968083
0.05290083648639792
0.05343165487688615
0.05769283821613377
0.05894947461980699
0.06227977752267728
0.064492001388589
0.06668042128224777
0.06686033022743691
0.06738797750815045
0.06870380727272353
0.06991451437217318
0.07161126822250943
0.0728940582719821
0.07891218320888868
0.08016770615528251
0.08412183215853933
0.08465891596139366
0.0872219478846925
0.0886250454083563
0.08965682910460097
0.0907134120987732
0.09319177029423838
0.09542297540824084
