-3.469446951953614e-18
0.00414478134919085
0.004246121561947872
0.010656100842121744
0.010672326637320614
0.013545990001480933
0.017142514140705757
0.019274151919237134
0.01928145450510986
0.025911949803116383
0.026376408414092237
0.029976484764466273
0.029982580948742475
0.03886643997204237
0.03893016449413632
0.04263257007386809
0.04265802966872345
0.04388362221457458
0.05257609122385793
0.052591366911729116
0.05559205582362132
0.05687590050512908
0.056912472756512254
0.057101515307512875
0.05786031747856047
0.06776154338452395
0.06778114604584057
0.07070794696569715
0.07077911134722284
0.08420464585542868
0.08425942962700118
0.08794643506813711
0.08879159607799095
0.08988617131711263
0.09000197175546752
0.09825632407573331
0.0983000679922097
0.09962816431964823
0.0996611188406563
0.10668582637282702
0.10752758427062911
0.11226618895301338
0.1123314317197167
0.12313502584713425
0.12321733474684297
0.12370077314292578
0.12374343510883125
0.12429832738252032
0.12935258562084323
0.13099134480671007
