3.469446951953614e-18
0.0010321348999711537
0.004157483210532033
0.005057221061078273
0.005083600747984619
0.0078899966054618
0.008754257754098068
0.009175836734277824
0.011707073822581735
0.013927868033413998
0.01468325793874621
0.016207359210727655
0.017675986014367484
0.017813960547377584
0.02069402350329297
0.022118582044805372
0.02387435860445998
0.02677869412867527
0.02823043208447433
0.029867738930704733
0.030774736819011092
0.030885812448632602
0.034138792463711785
0.03591373065866805
0.03634993347361143
0.0368801671345003
0.0379638220911774
0.0396228615310238
0.04120007688064098
0.04361218962761931
0.045665862182610234
0.04689858107348208
0.047950757864951184
0.048404599290476906
0.04851634021253387
0.050730778319911816
0.051316836248475
0.055609151021289736
0.05686793287064839
0.05829545728459267
0.05926255150247602
0.06233084935233831
0.062429450357998524
0.06334682565026804
0.06629989800436682
0.06767571641245806
0.06962846077673635
0.07077739260576367
0.07286624049137552
0.07360592501256188
