1.1345091532888318e-15
1.408279132609299
2.3523432950712087
4.802494200270506
6.439382153761909
7.7337589976595735
8.597671920099296
9.00774992117141
11.708907791959167
12.16390564583378
14.111358618311518
15.485188430295256
17.546064145360678
17.988194038470176
20.38176143577581
21.759313635455573
22.71920822215902
22.90510633902777
23.83608659137719
29.039762248170007
29.830394570882046
30.745018633421235
32.46390933567588
33.300855910022335
34.55356295132316
35.636510350887214
38.0995601431297
38.113577967734805
39.76311117625891
40.98721266264883
43.03399140925416
44.26045411994939
45.45827221536069
46.467430051294095
49.071127311642094
50.32578112875675
52.4646838578466
53.6031693886094
55.739155973980665
56.20533340884363
57.515879315161726
60.66973539180596
61.051207258338344
63.534479066812445
63.642948617882816
66.50468108080528
66.96555586263871
67.8118788894733
69.30821469260246
70.01939931710761
