3.469446951953614e-18
0.00347979909844685
0.003480970952151684
0.010093543262689
0.012339534482562852
0.019931496001144654
0.021084958983088126
0.02109899499530713
0.02742430869331755
0.02744093887211521
0.03263555440877466
0.037100594220912865
0.0387887278853015
0.04038486069115296
0.0404088883758762
0.041910789784671845
0.04458724733450434
0.050880505357772894
0.05096738558829396
0.051137661912624456
0.068552223409074
0.07322786122036419
0.07708367917033548
0.0771476673494875
0.08896598204811854
0.08906323727155417
0.08933758223999395
0.08935709797750561
0.09191845994352467
0.09200304277022431
0.09477263365959017
0.09595260072024157
0.09857503757651966
0.09866583839425844
0.10243394433342821
0.10382129672642533
0.10386417557848508
0.1057805505548431
0.11230867548426114
0.1156650990429517
0.11741014283850322
0.1210018919444067
0.12627864732177996
0.1311488762385612
0.13507172856925134
0.1351531231201776
0.1442012863086761
0.1442501434878368
0.14635124526175386
0.1464312745637343
