0.0
0.001200581239081509
0.0026017596027097228
0.002917997228870397
0.004277983444960739
0.006973205406683959
0.007827061785732335
0.008800070270581382
0.011850450864278743
0.014028139012425956
0.014427206346694981
0.01702194045995003
0.01889344912284456
0.01945730608272827
0.022011942980717847
0.02321592339862554
0.02523916328974335
0.026458133460041167
0.027848984968789084
0.028801290630226087
0.03145613049311881
0.03233455143774662
0.0324222225452392
0.0348073141503715
0.03606650614554714
0.03734920791909382
0.03862588497702653
0.03979191072793022
0.042245550189232664
0.043451264478360584
0.04387211182979499
0.04599856337852525
0.04776291367644118
0.049861116657613384
0.05123957267505107
0.05245640289658132
0.05264184226239319
0.05459383453992219
0.05813129113201034
0.05815842742782607
0.0608879662490082
0.06360210538993563
0.06389333827485742
0.06631096316195313
0.06633463872340303
0.06795050198342709
0.06828065356908707
0.07128427976368085
0.07324355854167691
0.07375410458274705
