3.122502256758253e-17
0.0006436798003180387
0.0006453788785460973
0.0017346962458610563
0.0017361668854109953
0.003140837951641518
0.0031634056919803196
0.003602317008889945
0.004402177583740275
0.004412320615794404
0.006502622205463713
0.006518834227211714
0.009371677392767662
0.00937508227508149
0.010292013305519718
0.01032842769437964
0.010542950410440987
0.010547344105751954
0.014132393034436365
0.015636817407739652
0.015649685007719093
0.016513862957329525
0.016545917855381856
0.017945556356189815
0.018067216219802652
0.020553133722264402
0.02057448177884165
0.0267873483082072
0.02680701800193902
0.028038611226423267
0.02836555686190708
0.02857973147772523
0.028598826067035267
0.02908984280931986
0.029154405148781412
0.02992207164227431
0.031401944809595406
0.03142814523366029
0.03444567978740236
0.0346237103616067
0.03466972045223874
0.03538668503470458
0.03566905504425344
0.03839237669871947
0.03840920793058811
0.03855854531971892
0.04165374647214657
0.04167769752204367
0.0432636690193198
0.04333234449493794
