-3.191891195797325e-16
0.04364011128903457
0.10668770107655541
0.10670293516273975
0.1572692608706647
0.215071860213729
0.21511929561627657
0.3448328211646469
0.3448651924015353
0.3478145284563812
0.3478647415270548
0.3590669471096987
0.5427156725478928
0.5428096671556796
0.5734269083460559
0.6007335932035975
0.6008592117659401
0.7153696730459889
0.7154276736157524
0.7216880712712758
0.7218113839759512
0.8693013077432649
0.8747694349500308
0.8749491338719027
0.981389470203515
0.981541509228581
0.9817452293142307
0.9818599627493114
1.1939213403997435
1.2299037462600644
1.2302058260122575
1.2398261533801231
1.2401342284209165
1.313126099472618
1.3132993093554803
1.3174109369951577
1.3180394512908782
1.5141045969745286
1.5151105432082907
1.5340699049755606
1.534915382539926
1.5914702402056224
1.6392240117922199
1.6395978595962997
1.7116017875795004
1.71180433644942
1.8745012784766766
1.874594710872761
1.9296992098431633
1.9311114856569227
