1.734723475976807e-18
9.97054351882451e-05
0.0003319526011751426
0.0006326704359003836
0.0008942727216458904
0.0009968979766974834
0.0010823439822950608
0.0019573342234929063
0.00225862835404882
0.002913805355730971
0.0031646590321112496
0.0033389415237200324
0.0035566460711743304
0.004058082999043616
0.004471621923875291
0.004780310945897332
0.0057043976837999
0.0064675673247393765
0.0075314928114455035
0.0077749828368312065
0.008420605603536744
0.00854682837009313
0.008777159345776888
0.009112436905030238
0.009929923045330738
0.010668096995971816
0.011469289590451527
0.011744574671769979
0.012311497721241906
0.012661755434236097
0.013269712879701802
0.013313926487129068
0.013440025593073524
0.014160905174306028
0.014245307681591933
0.014879803312094647
0.015244460053727439
0.015778025376672687
0.01590213005308349
0.016248862806909604
0.01632673332701713
0.017282170179091637
0.017927975067445853
0.018436771236919156
0.01887647461349687
0.019176775312640136
0.01989496952506191
0.020074102330197845
0.020096618985187678
0.020212307023335936
