-6.938893903907228e-18
0.008622843202997417
0.00862367101313301
0.030540489309720156
0.034774784487079616
0.06745691236755703
0.0675239274860728
0.0678249978386338
0.06940520534566376
0.07660775598227959
0.07661543357962927
0.0791399873684164
0.07914365076172042
0.09065031569264245
0.0972435369905806
0.10832156494895599
0.11486014270240447
0.1153746363636275
0.14403797551379777
0.1441352672589629
0.15257213183252782
0.1709000843551352
0.17106620297758565
0.18111378971568792
0.18137869077232618
0.19707781099472432
0.20032498368233237
0.2034569703580091
0.23741597991425326
0.23755595621340375
0.24152555861193176
0.2466533700143539
0.2467284043164908
0.2651930854614769
0.2653004486276313
0.28076227482055194
0.2884153746717222
0.2884886605532125
0.28967329593689284
0.2942389556838767
0.2956586488499112
0.31426805222747056
0.31441633185007184
0.34538028296706036
0.3469811887859358
0.36085169585743837
0.37730288467332834
0.37741343238039027
0.38292979853368825
0.38865523429035254
