-8.673617379884035e-18
0.0012561278101198715
0.003714436435733442
0.004458118826959727
0.005326859892473302
0.006222211907838461
0.0063651526929822
0.009912326224054082
0.011021434032749496
0.012053606034218707
0.013793357176060861
0.015838969288034487
0.01692366458897837
0.017764972290205544
0.01789979994958675
0.018141078129547454
0.022041081069897925
0.023279032450407293
0.023348422003724972
0.02363964842510685
0.026134707091077118
0.030132849207998268
0.030882589973765313
0.034245184394215686
0.03579522848912607
0.035866612002562415
0.0383262093077964
0.03837754765054266
0.03883180809365871
0.04306203206296554
0.0439006389953343
0.04474006134295569
0.04918776276111275
0.04985391580903767
0.05036469513488597
0.05103858930981428
0.05205971687091985
0.05246861796148314
0.05916000541929862
0.05983266827338939
0.06011936547561605
0.06122485948170516
0.06241100698726015
0.06319553046274906
0.06462636746725016
0.06496819392680771
0.06789427229935521
0.06829721904010075
0.07003602720245049
0.07056973079577779
