5.898059818321144e-17
0.005869212774344356
0.007117291515837504
0.019319018282050723
0.027336722347445608
0.03575256746705132
0.044958597657493715
0.0587873461875242
0.05884864853297884
0.06943059994390735
0.07327794004417784
0.07544972859648924
0.07995954711027484
0.09104247547814424
0.09394987558347229
0.10278181641022581
0.10288139172595608
0.10848614037383364
0.1086432610204569
0.11670164616349456
0.1185054494429326
0.12717627532083264
0.13414138065259537
0.1453681360096051
0.15118502669857833
0.152667109386679
0.15425256624493153
0.15896746118479727
0.17334527342317105
0.18336329828784642
0.20465566875683971
0.20583353790238026
0.2105941051590554
0.21105500040554326
0.21466244223679443
0.21854654584760197
0.22985884713740198
0.23386142983508879
0.23850882843777135
0.24402182186442672
0.26639938403838953
0.271345418484318
0.2723556879165916
0.27652529261178965
0.28695730397474783
0.2887720525109931
0.2964921959359254
0.2975002978113653
0.3055317349415791
0.3110716413824717
