-3.469446951953614e-17
0.06624893929139598
0.07556958689669116
0.11463121524072921
0.16000334698654048
0.25282037565747456
0.2630621171737498
0.29545328175272073
0.3071808937369899
0.3727605517959538
0.4082239423036834
0.4675584463646516
0.5137995552128792
0.5702974676393658
0.6227502525126498
0.6318344017174069
0.6641350894796677
0.677952392420255
0.7457574645361462
0.7925005182067927
0.8043355387499497
0.8663078525724756
0.9457520371399524
0.9706747388638135
1.0504574231423247
1.0773323907913386
1.087506129526755
1.1248968815094116
1.1415122554589738
1.18783960106362
1.244340094519864
1.2875229320011967
1.3006171670058695
1.3342730626283479
1.378589630124915
1.5431914585747886
1.5714279714298343
1.6041082650775589
1.6178109083742969
1.6438899203655564
1.6733396215151257
1.678117071748015
1.6850373294283438
1.7592839247215504
1.825952434790076
1.8403741149130852
1.8756218433489993
1.8884914927674215
2.03364310832828
2.085055251222773
