1.0408340855860843e-17
0.0005876332468103419
0.0009606813935333306
0.0014671168102072547
0.002279311760894352
0.002460856799061233
0.003130998363852871
0.0033496364117087223
0.003899892415516382
0.0043359646893737485
0.005105988899629084
0.005349410333661698
0.005537868807954791
0.00585548987135069
0.0065339230976519756
0.0071674757072894574
0.007786373637350229
0.00837346360423249
0.008517989996714515
0.009261036183415694
0.009389481425248878
0.009795160998925774
0.010321072759113223
0.011134511864031192
0.01193530004553718
0.012463542607993911
0.012546942554397847
0.013026626264249249
0.01360241193451517
0.013920698558970454
0.014392722817213025
0.014538604505383202
0.01483900713087206
0.015567439847522369
0.016644467407142753
0.016821203512320575
0.017249529036569733
0.018054127965957033
0.018074828466186188
0.018785812317885647
0.019358394436790827
0.019784043581573492
0.02011695738935322
0.020642621577260635
0.02092914196524988
0.02150770076464019
0.02191420364335362
0.022746943715144602
0.022901585798159214
0.02367663390148462
