2.463307335887066e-16
0.009937764190135942
0.015883722670892927
0.059414362159882377
0.0888761470320426
0.14463882795940108
0.16903933457379985
0.17616555316929602
0.23165760819442727
0.2440964976745345
0.26918340621140074
0.27645196542545303
0.2848812411093428
0.2879159607577393
0.30387828829511077
0.3455716381135624
0.34733089768675385
0.36840954174226037
0.3920696431314257
0.3949006688737877
0.4095612767765988
0.49544138192715703
0.5065409803156681
0.5170869638288913
0.5300821063762264
0.553978150814949
0.598150131293042
0.6032792096336721
0.6263596835244252
0.664681866532323
0.6736942549472459
0.7269120416687136
0.7429554318459393
0.7668436722242634
0.8244732862463106
0.8251685339954454
0.8432311813579692
0.8661725798926567
0.9499867691160916
0.9541033592140324
0.9729123637674696
0.9866188243278079
1.0347564169682708
1.036564579917694
1.058774593970829
1.0741641637295816
1.0746473952914892
1.0959580663242
1.104706877038563
1.134727843005021
