-5.204170427930421e-18
0.002150013222535158
0.004360839285756143
0.008570854344044405
0.009125304463900653
0.01148978985426522
0.016567708171570793
0.018234654613777906
0.018270497022920308
0.023575448236598802
0.023943820853698623
0.027482660154046955
0.030921986928243814
0.031280237391011836
0.03607772125999283
0.03636031117060724
0.038903511283334996
0.04502800578650998
0.04646057694264685
0.04664659820765878
0.047253278325691456
0.05108743970958248
0.05201177275657887
0.056996886517179886
0.06138830741616302
0.061986237975280224
0.06646936665670655
0.06696270886934697
0.06803115352933846
0.07184665239020575
0.07362242533141991
0.07543484203758094
0.07619340675983684
0.08005658444390737
0.08162532424737337
0.09051706529363156
0.0910499672614181
0.09243218895818948
0.09398309275091624
0.09400300979721254
0.09490762430462973
0.09925743168631425
0.1017062218161095
0.10409484191229922
0.10977124731132364
0.11289904480421183
0.11467099511611488
0.11630352056184
0.11809843844564717
0.11891602750731901
