-6.765421556309548e-17
0.01589893295029874
0.015914327833441162
0.042321536323448386
0.04236524870985942
0.05403250316044015
0.06209772000791227
0.07672137087919344
0.07676150724284869
0.08587189101283288
0.08589129759746278
0.11664158666732517
0.11673131465983531
0.13667652180722872
0.1367213385598249
0.14506314131328377
0.14895866531452567
0.14907887658424562
0.19477950012687753
0.2051689023311685
0.2204627457913736
0.22064410562833406
0.2272473544954175
0.23668511512249416
0.23672700590860757
0.23707066377254807
0.23722476254999408
0.25327342698827293
0.2533596061171386
0.29952427392250675
0.2996954258645801
0.3014387521490075
0.3016566806209861
0.31019771626611975
0.31051292437919564
0.34478608837753755
0.34489950157609844
0.3540154438092659
0.35496330229494355
0.36119966275141785
0.40610924996696235
0.40634172980395034
0.4264452700310564
0.43879890865793475
0.4390032812587926
0.4495131284292456
0.4631277008545222
0.4633204951831019
0.4681237891996801
0.4836163682909302
