8.673617379884035e-18
0.0007572560659722446
0.0011303401854706203
0.001162582921397478
0.002265070429061369
0.004611338684747246
0.00738653796418305
0.008878433153026158
0.00944093940754273
0.010017577730200235
0.013183538228204691
0.014243313677288769
0.016928848432973834
0.01822207314585538
0.019192294113618176
0.023796556782312822
0.02501209658948391
0.028166854869116742
0.030254386736378452
0.03080086035381984
0.031124880969678984
0.03219748223555951
0.03651848734548708
0.03664785334335912
0.041996161599021364
0.04261024903660375
0.043373647001116136
0.04845120009543184
0.04980005401900086
0.05022977466746625
0.050446450325311296
0.053616163878658314
0.05662057772235007
0.05801213435557779
0.061651056924650706
0.06249016698133685
0.06324155920998056
0.06335241889733528
0.06443747156582474
0.0647023523840968
0.06513118983880431
0.06527549739561314
0.06586310592917337
0.06736118893528982
0.06755864455722176
0.07040636595100189
0.07090849207115114
0.07115965581506839
0.07180625048610695
0.071960220828556
