2.2551405187698492e-17
0.0008534860778333236
0.0008546997828186454
0.001891647934058863
0.001893220941502332
0.003028687486079571
0.0030304248067579472
0.004227118026220396
0.004233385393743587
0.00546771890366312
0.005473286080482873
0.005545991421651372
0.006721611030945913
0.006735630092163507
0.007702369450972241
0.007972532694254521
0.007985886877909755
0.009187623770198544
0.009197335552514138
0.010323995378601477
0.010339124831994428
0.011338600901459226
0.011359111279518342
0.01218451630631614
0.012198294923228178
0.012789407010037885
0.012805297240577997
0.013100876772473643
0.013140762699431504
0.013609248379594622
0.013613128341137431
0.016828511921770782
0.016832876589662357
0.022773451884361806
0.02277404318519017
0.025447253892694477
0.028178033028926207
0.028184579399059627
0.030394435794171108
0.03041454315551674
0.03199572805290372
0.03388294820833026
0.033897482275060536
0.03498176307049191
0.035018132260293086
0.037790702824776604
0.037804269404812574
0.039762063145072774
0.03978558658811271
0.04036043538603898
