-2.949029909160572e-17
0.0021274932180258797
0.006749872358650844
0.010089297831952228
0.013417295251189227
0.017315710331589698
0.022163371593098134
0.02234310662779926
0.02431392448280867
0.02835756680575749
0.031743389329968265
0.033336703351515416
0.037940893346969755
0.040388392584812416
0.047198595376415804
0.04730858816964555
0.04866142946458133
0.05500092687713639
0.059606579509951206
0.06569764469063424
0.07226281107309523
0.07402241512417797
0.07589148025995555
0.08316563846978768
0.08469329242847223
0.08863947720993871
0.08883492289301828
0.09140176150180686
0.09761399068386369
0.10505558588100658
0.10898907177561935
0.10973142049370763
0.11114723904631615
0.11252000106193934
0.11722219354249845
0.12208444448630164
0.12598362665094232
0.13326028935963702
0.13647433926058453
0.13699578708563379
0.14225948777872222
0.14274719781387216
0.15232937863956164
0.15290501660474778
0.1593365236849845
0.16062789611779235
0.1648859047607564
0.1680984325888512
0.16828790109509265
0.17170781823251477
