5.204170427930421e-18
0.00890506895601067
0.009866128106814089
0.018480021517527444
0.019358315448152516
0.03536236354250932
0.03977494274478114
0.04373615776171155
0.04550489119519087
0.04891770170319245
0.049361124747132216
0.07209167754497266
0.07645135664652211
0.07989752187804047
0.08842777492398639
0.0887255420218728
0.09067246305028856
0.09605703869516374
0.10057825248658417
0.11422384722054625
0.11862565990297043
0.12496801939317627
0.12669863743711254
0.1410820839505507
0.14965472000525762
0.1554815081774447
0.1575441794894271
0.16085472426659134
0.1639386597053277
0.1692092175879343
0.17029687492809134
0.17655731108925155
0.1830890095278008
0.19048414593628357
0.20097006097004194
0.21580474645396233
0.22106516108645952
0.22720789542308492
0.23044058139111268
0.23416557113067296
0.23569837900669813
0.24030588970800482
0.24693954394858925
0.24896854045375105
0.25480123250315906
0.2595284465616618
0.26942533255036055
0.2762291570492026
0.285211008210478
0.28852102985652883
