5.204170427930421e-18
0.0005232979301950623
0.0006438412921012035
0.002405256420284326
0.0029870605736897933
0.005030429657221426
0.006334818996716065
0.008981475490908027
0.009701722554813904
0.010355872534866284
0.01046633865441649
0.010531809579153515
0.012814638797104398
0.013131875389311586
0.01343760971274638
0.01412669207115485
0.016377160119031113
0.01946437956591543
0.021086310066628776
0.023158910113843793
0.024251972877330573
0.02556988215870709
0.02630520709842603
0.0273175088482333
0.027684787144357563
0.02848198767261803
0.02859849050647681
0.028963228770498173
0.02959571662384876
0.03030660249502109
0.031131817445148077
0.031294963609151634
0.031825831669375096
0.03302380844363342
0.033725145518955356
0.03426008737911838
0.03494212935616916
0.035433454257539854
0.036136730768177576
0.03679288222733823
0.03812595141268006
0.03963388282155952
0.040289285013257126
0.04053590266620591
0.041114435604578434
0.043007439946567236
0.04319654804600323
0.04344344092388157
0.04550896255028247
0.04720510677762064
