1.5612511283791264e-17
0.0014845133965241779
0.005421421658761638
0.011503730325284239
0.017823556070256222
0.024745096156460797
0.03213875827474707
0.040892196173652084
0.04244635257085417
0.05010986933060486
0.05602367876339311
0.05976921489464993
0.06441557014415744
0.06644533286270508
0.06799718217851967
0.07998486863499427
0.0839082711214899
0.08603735128579894
0.09416178484939008
0.09921227105493062
0.10873535854573727
0.11513410954616822
0.11652506350794052
0.1272158380897657
0.13097340122720716
0.1368927026946991
0.1389122844868661
0.14559888851965724
0.14899222380675053
0.15791353487518697
0.1604491440715212
0.16629990256179603
0.17171743084321986
0.17419891484343086
0.17939208890290112
0.18372510601132153
0.18810866811103158
0.1988443427449417
0.2031838601404318
0.2064589645265736
0.21186233055337061
0.21741564881033015
0.21995623219760124
0.22391850019238532
0.22717184904999363
0.23289440723825347
0.24017542820066468
0.24449312491063002
0.24883458946702725
0.257146471036196
