1.9081958235744878e-17
0.0009048343135572273
0.0013687186669293933
0.003668877691412749
0.004157865299975007
0.0060204484699640775
0.007418504687241796
0.008245726272138284
0.012016145062564045
0.013932894212866141
0.014739977296861348
0.019031516030812004
0.02301065665705713
0.024495262883633913
0.026481661105712262
0.03020446963717567
0.030720423506739467
0.033193758743990706
0.03442934802359871
0.03536368971917219
0.03589597372031604
0.036127165728460586
0.036419089978960185
0.03841482743068932
0.03862859054858622
0.0389195200502178
0.03992222021944854
0.04126496964794495
0.042100635507252744
0.043777960175767204
0.04420423058380666
0.04539700145831194
0.0461224251176156
0.04899378292800792
0.04965008027405163
0.05014699208297391
0.05120938265869839
0.05363246752138557
0.053907035474927305
0.057919211858134555
0.05859791580318501
0.05931985038956023
0.06027490161150723
0.061663112079158665
0.06312932529648206
0.06519874496872036
0.06604257000887612
0.0683269442109349
0.07014421304104673
0.07092515560446051
