1.734723475976807e-17
0.0018176686831000571
0.004530165715142986
0.009559919600706459
0.012712089117363606
0.015261678413024305
0.019365537863520174
0.021580941533468734
0.023662163583680326
0.0251892721873703
0.028059219520967744
0.029828003870998605
0.03123131223253956
0.032853915562863566
0.03589476300559079
0.036432055802226436
0.03930024808192828
0.042949433504074847
0.04548451509648658
0.04686814355922108
0.052689289702162405
0.05625145200521287
0.060002677795523825
0.06128259097499208
0.064562547255563
0.06536961769176215
0.06910825964370657
0.07293974890328832
0.07787800388619874
0.0801224906995387
0.08555181984185847
0.08872893675223237
0.09055676665267891
0.0937945811393093
0.09527633250882851
0.09707608354388754
0.0997834113882255
0.10033574180826514
0.10179090217869001
0.10585550446621707
0.10764823674447803
0.11059917089171266
0.11279207558126306
0.11531150305795233
0.11893433993609108
0.12052423928132656
0.12225313688500948
0.12762583174295095
0.13112975633734333
0.13348856526981445
