-1.3877787807814457e-17
0.004175711484264509
0.004836785831214245
0.008785253175375514
0.009373985846266484
0.01678144087571011
0.018744351583384673
0.022055635966339582
0.023361606649314894
0.02348356495961995
0.024763236380325925
0.034627795560033404
0.03745737176272446
0.04168433759775206
0.043136538864952285
0.04678784945923103
0.04680022973789806
0.04684718702561557
0.04748916716606707
0.059242702364767676
0.060401996498057726
0.061191109798787745
0.06348877510958463
0.07276166118343176
0.07465700984542468
0.07903567836755916
0.07929952722656233
0.07953034220566965
0.08287066617474383
0.08401755299348451
0.08688217331412135
0.09317795864170948
0.09336280145504301
0.09343041534413866
0.09668284996291118
0.11302567515478641
0.11485425179012705
0.11545891043187569
0.11735316779679829
0.11736834527409791
0.12072765108813525
0.12133956408681733
0.12140286249467262
0.12280548739715137
0.1270625385859896
0.13455941552349795
0.13556335276428982
0.13648491115832725
0.137768008325896
0.14850090163768462
