-1.5612511283791264e-17
0.0040145043729741675
0.007305425749243944
0.007716584684819906
0.012910676190651746
0.01815281607083695
0.01989277215421148
0.021687545073362804
0.025245088904493854
0.02896723515274601
0.03227223364393588
0.03535112117348765
0.038670574644691966
0.040351823109638536
0.04539055096813718
0.046604210508813894
0.052374228374069645
0.05308026302493842
0.055406029753551
0.057860804644105805
0.06727082021055142
0.06954279069389283
0.06996866168086953
0.07355378734047618
0.07849367961488622
0.08252026192635557
0.08427212234706696
0.08656453192148544
0.08771799948724072
0.0940823456289973
0.09621607042610533
0.10076893208312501
0.10523902206261405
0.10827719708524321
0.11101483826128522
0.11577421322509314
0.11624457814641169
0.11784338513455662
0.12178975198351559
0.12426384824369115
0.12931329700664726
0.132750624508394
0.13438746048328706
0.13967043753418612
0.1425145646348124
0.1457667986688601
0.14708484602302097
0.15040210543333626
0.15779166704539335
0.1586741078379967
