-2.0816681711721685e-17
0.00040527560377583323
0.001612710313443776
0.0032889445247528057
0.003495267962341224
0.0037123119207292804
0.0038594522641292577
0.004946895456146853
0.005290596664564013
0.006421827294033537
0.006951178469959475
0.007851877510829922
0.00984710143537018
0.009897634200550459
0.011325242376341376
0.012883332014497003
0.013038682347421523
0.013505446432504719
0.013850840077282696
0.013971214896432582
0.014730828764389725
0.014781140411804462
0.015437256686638682
0.016825872645287857
0.016831739204198663
0.017755048651063775
0.018200035213887834
0.019736777567677652
0.019779090514022123
0.020135184303581015
0.02262592384940542
0.022731241820777064
0.023137624455297837
0.02370506969256165
0.02582964470299557
0.02723397377133313
0.027487802189901135
0.028621981843214683
0.029175178242809796
0.029319608926826737
0.02988949530954018
0.029917360319037495
0.03121069184572821
0.03126742391303666
0.032195809387205836
0.032695044732868946
0.03339509585306342
0.03342315890506793
0.03410224595086909
0.035364309062762125
