-1.214306433183765e-17
0.002766939634592465
0.0035120154244034658
0.003625286536777862
0.004561966772910486
0.008157662901764855
0.009998866138162749
0.010742129027408178
0.010973830219584877
0.014809593751843297
0.014945599940290598
0.015379213684779238
0.01592317845879545
0.01657537600339487
0.022164628529108707
0.0229657557619884
0.02355686598994284
0.02384534824072857
0.02401228624581795
0.02567891401063649
0.026111562728405528
0.02853889633835892
0.03265425165157248
0.03301296647206261
0.03346204263718944
0.03357430319339339
0.036145762543601044
0.03661557608897479
0.039887386879221644
0.040977906650397425
0.04154813162319764
0.04159627145475453
0.04424507248859934
0.04578340664547444
0.045897891585356454
0.04621168839509903
0.051761010084259776
0.05298236500678514
0.053769002117651225
0.05432081686663424
0.05582879580684274
0.05705282807498293
0.058299387463767664
0.058741449389410234
0.06001232916539485
0.06192829141823101
0.062005047090133984
0.06656884824710856
0.06681308243234567
0.06741715223674571
