-1.734723475976807e-17
0.0007028450684188423
0.0007586230747740411
0.0016419686663252022
0.0019606384651512966
0.0021254883880764738
0.0023270953834738876
0.003005490207409634
0.0031977919279136003
0.0036987924994175084
0.004207519703571243
0.0054253980238608765
0.005639993056657621
0.006046366033157511
0.006065748768745804
0.006207914698857871
0.006600378783947121
0.006608767450610649
0.007134053158648476
0.008418943990302108
0.008564775696539443
0.008870326685242477
0.009670699650316932
0.009674830556561547
0.009690787651331153
0.009959560426260576
0.0100483542280999
0.011590662283809684
0.011862912892242556
0.012174937423686088
0.013137133704829449
0.013376340611192307
0.01394297164404608
0.014177378572678574
0.014289736684623246
0.014570789643248443
0.014739142289224636
0.014857709349364688
0.014868460996192398
0.015762209160775226
0.01583252062588124
0.016041272445989706
0.01763330038226435
0.017869499254674785
0.018524611339100057
0.01880101619084041
0.01933684928373223
0.019525120289372186
0.01991603856705039
0.020016922209482424
