3.469446951953614e-18
0.0016223461224975158
0.0025982953515863456
0.0067686211228164175
0.00676880679968909
0.007612005964098801
0.010070595520560404
0.010933312130677315
0.010934856251575557
0.015050612802086296
0.015053024861288756
0.018665031354873678
0.01921823461162466
0.019223801139991795
0.021762007418930793
0.023482188891939877
0.02348451922638512
0.024979529695111163
0.024991286187497345
0.031252422736029295
0.03126752735579539
0.031845236121310634
0.03185319503295763
0.03444082035767585
0.03653610487280036
0.039538729694398804
0.03956179081798011
0.040276367922626594
0.04028958354478515
0.047572058325920374
0.04757731223138742
0.048278271537456265
0.048302680827683526
0.04953559713623177
0.049544577784385736
0.05373330493449612
0.054610894287689
0.05462357139605208
0.05555218305453347
0.05941996874521629
0.059454520407934995
0.06282415958908931
0.06284158487275081
0.0637280459853349
0.0637354621073282
0.07046058402161715
0.07049734851935156
0.0719230769409449
0.07193555589764103
0.07544420486780165
