5.204170427930421e-18
0.00024257363337746966
0.00029772268823541163
0.00043377148360285514
0.0006537776393375945
0.0009012202689769495
0.0012197266328751143
0.0017483041023622307
0.0018388699412824477
0.0020574866358332947
0.002396474815946686
0.0025324905909194055
0.002755708040689255
0.0031006515898920582
0.0031931244296544634
0.0032855801122471367
0.0036672838985189957
0.0038810811385278296
0.004071126237819047
0.004216467115094217
0.004289711048051627
0.004737638371502604
0.004867573715149431
0.005335936531739643
0.005681141250260846
0.005760927987212916
0.005781476171705874
0.005951887901693121
0.006282133738669751
0.006667570824214411
0.006907418247982499
0.00729918379245695
0.0075892850716247785
0.007793559202188943
0.008646822098928931
0.00879265056051304
0.008950355227551091
0.009044441837778644
0.009265942642558355
0.009293779673796578
0.00948443734601877
0.009590012751067056
0.00977512293424569
0.00990488668662468
0.010885093885058853
0.011127347070077396
0.01125147537990852
0.011910847363386162
0.012139726597731474
0.012220357757250595
