-2.42861286636753e-17
0.007619905215152696
0.00784855412211513
0.011282072777426348
0.011287508722059017
0.02230286892130269
0.022321207144508824
0.030382401098373528
0.031211869348531845
0.03760250953767174
0.037607584300945185
0.04297679113484789
0.04299961276122647
0.052299913734358584
0.05231761309068462
0.06428226151914618
0.06429533504388935
0.06803686357766982
0.06939043209608463
0.0694196035734666
0.06964235034233396
0.07845543814975893
0.07846968236843718
0.0785030942461875
0.0808167396939351
0.09318401677600259
0.09661069049320298
0.09664176868240686
0.1005845655172933
0.106118347402434
0.10616412756439768
0.11610074476427472
0.11614163930892353
0.12041236156747424
0.12088219484843894
0.12258529011588788
0.13288995846045837
0.1379385385193608
0.13794442524285638
0.1492198906893212
0.14926364813195026
0.1561591277536982
0.15623455329657696
0.15727150573957988
0.15728941350908707
0.16243944563719862
0.16299717887838244
0.16305588036399915
0.17657648089293884
0.18736096274791778
