1.734723475976807e-18
0.0005660499091418632
0.0020442554248417608
0.0038652646584558283
0.004101178398549102
0.005829485492097676
0.006571131188228321
0.00814602930705635
0.008585047840987662
0.009210192018237187
0.010510163397182385
0.011470775556846316
0.012068401262271695
0.01243929839926501
0.013598054850515089
0.014159904067945877
0.015723584280700587
0.01596988039179681
0.0191983499345034
0.020400001075026673
0.02046628236829636
0.021806459724583692
0.023941733280692393
0.02407987720874326
0.025987396893793438
0.027069773831471758
0.02822155819775856
0.031087024720007447
0.03467928641062407
0.0364545252247045
0.038766030300828654
0.04124014382377764
0.04294327161984986
0.04449145384333187
0.04580482875805879
0.04715292822948713
0.048497851520876864
0.05088568505964715
0.053346086342712894
0.05353222576841788
0.05619879379416406
0.05624935664086551
0.05852160919786049
0.05871887757637876
0.06364601248896008
0.06569997833640712
0.06649726094444537
0.07250717119123001
0.07294706031275536
0.07352709841963555
