-5.204170427930421e-18
0.0012782560228579518
0.004812433665270493
0.009368223143877868
0.014153016066964513
0.017009234342326346
0.018409182850785882
0.020090844913130533
0.02234522313790875
0.02409017335913314
0.0259642222120596
0.02892748098948529
0.02966125724828885
0.03592853904718374
0.0368766866105832
0.040193261110130704
0.045178773064775475
0.04828297339496893
0.051868499229632166
0.0569804753554888
0.060876252212510466
0.06409554461012357
0.06577107187735381
0.06766378256488406
0.06929948059486535
0.06968373614347739
0.07198344255109926
0.07419998368881414
0.07686308735453352
0.08021587474911274
0.0812956385907457
0.08194425367555613
0.08650110802726745
0.08987386315893223
0.09219674328553973
0.09394872120306484
0.09779547025185402
0.10057117482302921
0.10282800015886095
0.10895334892003865
0.11239600446066915
0.1175256265351756
0.11858484558804878
0.12239488878496711
0.12503310858223984
0.1287737851613349
0.1321290566129602
0.13390877416209893
0.13871433046543896
0.14199891284940255
