2.7755575615628914e-17
0.00027312341017517866
0.0006142530665717225
0.0008175922782394599
0.0009906867118356037
0.0011997228291224168
0.0012925991385911457
0.001766334770677641
0.0019577260861010637
0.0020829043398590524
0.002223936014923234
0.002551054634928324
0.003054340874120369
0.003080882109836598
0.003549648998237412
0.0036231346993889114
0.003838062816329124
0.003984063095709188
0.004307727578243967
0.00458490723375901
0.0046931973871734665
0.004972853813804377
0.005081387982699446
0.005418567954910313
0.0055399688149580205
0.005783661434047913
0.006076222253884241
0.006360873564976841
0.006735753746341494
0.0068229323484937775
0.007378283776897509
0.0074329456979542515
0.007612326039576378
0.007915886686071226
0.008127040369000164
0.008328857110738297
0.008667349317389402
0.008784390036780597
0.008949700002556902
0.009362728894887687
0.009622231891377729
0.010086147281428605
0.010144475388508068
0.01048543021218584
0.010502316109476965
0.010764360513498253
0.010878615651908527
0.011178437734018562
0.011492791056342851
0.011603179552636502
