1.9081958235744878e-17
0.00019836830037536606
0.00019992946425452518
0.0006220542981694322
0.001091149973395671
0.001870943126680123
0.0019031191149899047
0.0027682063008135412
0.004212465077696785
0.005416080157247125
0.005514628940246555
0.006870516174858404
0.008931670245797064
0.01062575977577805
0.010874087561237365
0.012882219888775736
0.014729353305568469
0.01701303627885771
0.017348631041427448
0.01978306040729111
0.021300292064225193
0.02330046943833733
0.023781480501284008
0.02472315270560245
0.028073298221751287
0.028439479215220748
0.028780405498234733
0.029465158765138992
0.034505542818170115
0.035729332496853866
0.03607820893983929
0.03664160423177166
0.03677558374915128
0.03696774479769275
0.03784360246505347
0.03967215088050746
0.043540249528097964
0.04483874190493567
0.0450322994603832
0.04613480881681688
0.05085711115441484
0.052149606899095265
0.05305347898273018
0.05517567525154427
0.058996478524609285
0.061517478983715145
0.06220542434294884
0.06247405048968554
0.06761406977632399
0.06804810973507894
