-3.122502256758253e-17
0.007019456203565611
0.007039406140684384
0.018641011211465754
0.018673208241520592
0.03290919435444962
0.03364226919498375
0.0337482685753485
0.051444713683690295
0.05146273013461701
0.0624662887888203
0.06286749128300488
0.06677116940522791
0.07135888522584503
0.07151034633318805
0.07605995643186182
0.08267158840416051
0.08775410867294596
0.09318532136007018
0.093253945952827
0.09944428701088631
0.10289486081100081
0.10863666849521539
0.11184958451468137
0.11631420035771962
0.11648961503089032
0.1254704723765916
0.14029925223195408
0.14071381552971193
0.1411788513397947
0.14868925800422972
0.1537184202837436
0.16235107845283242
0.16317983723764765
0.16544176718986486
0.1657684979486151
0.16832179508866277
0.17662222859739063
0.18354466612707998
0.19043537857202925
0.1912985586711345
0.19259795039497926
0.19732712178473824
0.20420314449225105
0.20608980366436983
0.21554255327344135
0.21618133903639475
0.2165484226529848
0.22374798018141343
0.2270916213257145
