1.43982048506075e-16
0.02436545150530181
0.024393662824224553
0.06273482382124675
0.06286590185835501
0.10869777104985229
0.10870648877665497
0.1182206649259389
0.1587931906712716
0.15879842096428096
0.16831078989880183
0.2011318244859815
0.20934315184022792
0.2094184722757576
0.21775531870902748
0.2540322265508856
0.2543962824770211
0.25860059760252607
0.26346474210453596
0.28229013166196537
0.28277410099965655
0.30349302748326185
0.3408463483340801
0.4021806664353872
0.4106169557235697
0.42368504717014094
0.45894211132658635
0.47246817678695696
0.5575358452748305
0.579261141966349
0.5904126876982809
0.6012271441313893
0.6159815305285701
0.6261501639484108
0.6362027640672285
0.6498646826399588
0.6686708411734192
0.6978143660566688
0.6984491395783737
0.7331398176877327
0.7333411059204437
0.7354170667700607
0.7462300524717116
0.7480285805000734
0.7551027230933413
0.759792988824484
0.7838395652140778
0.7840944815351719
0.811848426802562
0.8309441989070872
