-5.551115123125783e-17
0.0040237937742725795
0.004034348032822195
0.010768126429001953
0.010790733042355035
0.018418582810641675
0.01967162161166512
0.019677862555047117
0.030364589180776044
0.030400595258506954
0.035339912784607456
0.03536520550304498
0.04261515942267622
0.04262436685712539
0.042966161017066726
0.05037448710913688
0.05315830346470354
0.05577089159002436
0.056115040413660215
0.05622778687314579
0.05649658240354918
0.05969404988831182
0.06206078253309797
0.06537194603661052
0.07078486918865101
0.07099640562554399
0.07262748781458193
0.0786187283143804
0.08183077374600209
0.08292803917212177
0.08648703477367546
0.08661637951539038
0.09127455032518185
0.09151931314586927
0.09509246190161023
0.1028703499512462
0.10313932994826298
0.10495428574324664
0.10650826085035743
0.10937801371168045
0.1121812751606137
0.11638904222226078
0.12004835000323995
0.12023901202521801
0.12179306856979354
0.12412360607181654
0.12531254933698555
0.12678436780353824
0.13055238981540895
0.13160304000309814
