1.734723475976807e-17
0.002860786908159831
0.00287047896209122
0.007716119791666585
0.00772803428993654
0.01293828905593932
0.014194269726363328
0.014213038449221877
0.022083476467070873
0.022102710140364766
0.024843380642577267
0.02498568447146607
0.03072024724758414
0.031189813794715526
0.03123813763176951
0.03721996400240999
0.03926741899564353
0.039571009095067465
0.03980670826428681
0.041389700755200716
0.04142355329219384
0.04226058974730415
0.04350308648166091
0.04466749087329566
0.05252598633117176
0.05259907178747202
0.05418385337732127
0.05618524712495584
0.057514857366561346
0.05925024094786115
0.06381226619499586
0.06432138033111445
0.06448100748231236
0.06463136456943105
0.06686785494337416
0.06936841245491941
0.07634393176463865
0.0768093490140169
0.07705599620316265
0.07753569226125699
0.08205697561984214
0.08657570458201298
0.08708615365864587
0.08834730300159448
0.0885210778117808
0.09063975846642973
0.0906988685520707
0.09158821395370981
0.09327267119549146
0.09644969841832134
