5.0306980803327406e-17
0.0060876317181753955
0.00609238917595706
0.016187864924621202
0.016214748070326787
0.0283439772466917
0.02928898809906274
0.029387477152667103
0.04491522324314864
0.04495227194486577
0.054029774162076945
0.05419513130233395
0.05945654314221827
0.06250508294330653
0.06261948962456683
0.06366503133788823
0.07000031740841006
0.07948734771839545
0.08178791361261749
0.08191276799210853
0.08687160253249668
0.08835635886228788
0.09469835795336647
0.09691805035237497
0.10242045605259066
0.10259221573232868
0.113883149330021
0.1197208523602095
0.1241155561987241
0.12431238213142783
0.12857547486009313
0.12934084841340593
0.13864650563701036
0.14114823216344385
0.14433269520872644
0.14660639059891528
0.14690526426999792
0.15460062521898088
0.1658536968268115
0.1691108645724194
0.169704885450139
0.16996272336512713
0.17643540481582878
0.1792973519400693
0.1812066975927396
0.1867433561440781
0.1914652357009385
0.1929292856772235
0.1931461584243751
0.19506435192717364
