8.673617379884035e-17
0.014426503176008436
0.014456544232859752
0.037655736614809955
0.03772158823572811
0.0665698580876104
0.06664976193973744
0.06834555619743969
0.09831478158739082
0.09963493398713028
0.0997010657281597
0.12004778749059232
0.13201774880993064
0.13554676530906992
0.13559084517323192
0.14221480969773273
0.1546227023712812
0.17316343391771286
0.17332693715112835
0.185913578216835
0.19537488492411328
0.21100902333784471
0.2112129907659494
0.2281097163601335
0.2296752113201301
0.23868644414222015
0.24644731060812192
0.2468340959170487
0.25452744111242187
0.2757464321917724
0.27590337869686277
0.27850363113594157
0.29252948477440266
0.29345063760305273
0.3227819673117203
0.3274800021342179
0.33454241389562933
0.3499735058655144
0.35353354563911493
0.36377947216452794
0.3684343517183103
0.39885369300888224
0.42976358582065555
0.4474385087471448
0.44908899626349064
0.46125260767633536
0.4672660414534813
0.47674704665854384
0.49396213294322555
0.5005781036437035
