1.3877787807814457e-17
0.007297935820421713
0.007318545163505165
0.01775766562330683
0.021358483880970787
0.03387864095174222
0.035087346923166916
0.035212697534267104
0.052499931020962426
0.05289833260561933
0.05541193859492092
0.06347778486068482
0.06522896507237066
0.06901148672014944
0.07558957512778919
0.07571949204984614
0.08089160246461095
0.09232665060316196
0.09793720134446951
0.10349258225058719
0.10477052639171015
0.11064036259696666
0.11371705912790357
0.11692426624543055
0.12008640431409483
0.12041534019252222
0.1332535466492628
0.1346058145593148
0.1440759043437897
0.14748669725637628
0.15446264648002195
0.15554293594281074
0.16737447090953975
0.16976221432001298
0.16991326172635113
0.172283446883002
0.17321595116967298
0.177170594674882
0.18314599865578407
0.196035267835371
0.19925493568998615
0.20044002383750628
0.2020046784051279
0.20931898164525073
0.21243152305119542
0.2224771820804821
0.22351876964167705
0.2237542190771272
0.23188321166281234
0.24185976036478135
