-1.214306433183765e-17
0.0006131332379476287
0.001802945085453667
0.0019653707071306623
0.00406177804898958
0.004571741007537095
0.005066562909466473
0.005128066752374866
0.006276563236852538
0.006841832974888355
0.00937840611821446
0.009408468525434277
0.010321715395976231
0.012447962280353714
0.013803677331023204
0.013932557725042915
0.01640646639624079
0.017266723022915827
0.017277802546947975
0.017474836931877014
0.018113870161690478
0.018666661205511803
0.019098472125019243
0.019254569891759728
0.019807868488412123
0.019994740973325736
0.020658938637843252
0.020753651603697888
0.020984677622802907
0.021149345238087536
0.022515733528734996
0.02300197083048172
0.024730304672031335
0.02504616140959852
0.025663092453699743
0.026136963047508323
0.02631349133557232
0.027942093939682597
0.028670588284424238
0.02982761706523624
0.03025251591032005
0.03066970893554788
0.03164580393664045
0.03320029887199333
0.033460705725398034
0.03360847453160276
0.03431187720421449
0.034665020787379944
0.03567779469289017
0.03642815566862816
