1.5612511283791264e-17
0.006302693295289692
0.011067115334920387
0.014567744724036396
0.021059978009424808
0.02673671815494797
0.027335051830083376
0.035216605211688824
0.04680170095653654
0.05160112982997923
0.05256489596389558
0.05360293889306574
0.05964426895544809
0.059847072646344306
0.07749813562829876
0.08731837535209283
0.08780056756328991
0.0900173725514886
0.09424892834968915
0.09661068342958186
0.1005693122619293
0.10995601283239467
0.1133289730174226
0.11690765963622242
0.1284551754005363
0.12909402121488206
0.13357527512114956
0.13635339546480518
0.1411294012767742
0.14235631893349987
0.15491658072539993
0.15795284676601934
0.16196467119323488
0.1759378653039986
0.18525487251704742
0.1855768839842275
0.18857278101221245
0.19106870542540944
0.1919109948645418
0.20010171873923346
0.20662569367821573
0.20688199306471827
0.21038578111263864
0.21051513878595376
0.23829277554553638
0.24394497967734363
0.24408615520966526
0.24477841353220064
0.2449536752861325
0.25093762329857183
