1.9081958235744878e-17
0.001149736722690491
0.0040104308591951965
0.009839054666633469
0.012770998677919225
0.013188739410956789
0.015619195827862748
0.017925145767218584
0.02143127442799768
0.02430263884639624
0.025533238968509328
0.028379398040941757
0.02868891696688112
0.030766407094099835
0.03532020735188516
0.037246486583294
0.04313816693585853
0.043232963747345254
0.04496411444764882
0.04584192279864206
0.046133674914211484
0.048457977044167405
0.05363746579628242
0.054335321947388694
0.055925081588977875
0.057341025072639155
0.0582683564033552
0.061042977497192084
0.06292043060621795
0.06315719460514395
0.06519945928401924
0.07115572946738778
0.0739195776979596
0.07473152137859161
0.0768958167682919
0.08454029387594458
0.08657847300615688
0.08694667742782096
0.08948312477113946
0.09065020247063255
0.09459031444894446
0.09731219101868926
0.09988730745324627
0.10019892222421863
0.10215987161922062
0.10224590760282505
0.11207186441848954
0.1121523090268468
0.11788951963100587
0.12046919492007026
