-2.6020852139652106e-17
8.784308654258624e-05
0.0001232414906868571
0.0004170676458447112
0.00046797669244519335
0.0005760056324989413
0.0007420991475437354
0.0009046108753369333
0.001216916784178932
0.001433378670116012
0.0017212553195407217
0.0018302381334967012
0.0021821861782857846
0.0027598348607700777
0.00279987249689311
0.0030267096509748806
0.0031633755236763397
0.0032694658689492867
0.00352432654331436
0.0037650626894699963
0.003933754335652967
0.0044781137524201875
0.0046485044391330905
0.004767756766201678
0.005003847222117589
0.005189184319164288
0.005420430132815745
0.0055981325976062635
0.005701201006077209
0.006159045207399018
0.006344897756154251
0.006357129092775417
0.006528787158667464
0.006847213672273844
0.0071618112449222445
0.007283809270697239
0.007295679803708046
0.007445891474793494
0.007540925055721818
0.007700086132923245
0.007971025707252529
0.008062689838869442
0.008245636149452297
0.008370002615822962
0.00844415284610662
0.008758650884137227
0.008813720506826684
0.008899278116437226
0.009110794413750891
0.009291985905849237
