-1.3877787807814457e-17
0.0015270369546326792
0.005231180519301135
0.0112106225031339
0.018955457294650244
0.025900233993816656
0.031024074439342957
0.038882187544267685
0.04236263679543006
0.05167951808039044
0.058335338752133724
0.061710419869258425
0.07132015990499097
0.07578454100036074
0.08153418414976915
0.08968580202222082
0.09152801751833423
0.1011232698718095
0.10282106709137646
0.1136801943151927
0.1164472038191187
0.1221994701866466
0.13105224700315316
0.1376136695053303
0.14222694085263757
0.15244146813258186
0.1528445202459776
0.1640534369389266
0.16608209622085232
0.1743885529775573
0.18568821037762626
0.19036456545445912
0.19319592256574658
0.19634848646887243
0.200575445379195
0.21348271492684134
0.21725039983880676
0.22369616130140205
0.23307732162499922
0.23422288105198677
0.24443625519989215
0.24510534179043625
0.25680997931783567
0.2625195530415817
0.26942970951041945
0.27440729195034685
0.27701011040651397
0.2877251256083672
0.28826090814519345
0.2921606034085199
