-5.204170427930421e-18
0.0006536152156300344
0.0007561876258026755
0.0014403500128472198
0.0015991207234069531
0.0019449834932898837
0.0021148490309994793
0.002797295751909885
0.0031686038757265667
0.004094547986194507
0.004414028704719018
0.0044839656086459526
0.0050314728114819116
0.0050580200918221175
0.006295990497894187
0.006388806979138536
0.007419891756440122
0.007648818434850617
0.00840109406904471
0.008728847256551478
0.008862373109846793
0.009055333601173268
0.009667969211056554
0.010668794184776719
0.010962655030267747
0.011362954279157027
0.011498588641179674
0.012287383634751637
0.012412895396441683
0.013808579043933159
0.0138323973175198
0.014259707391572082
0.014504452093546704
0.016129574041193306
0.016362373409105888
0.016443511797493218
0.016875909174277864
0.016938270993280477
0.017114340311430443
0.017406823126918776
0.018145330814323166
0.019099425445375254
0.019967936546238733
0.02001055610331033
0.020494135435839098
0.020702361667349546
0.020823996905226017
0.021216724616485376
0.021917172194440594
0.02208298866685266
