2.0816681711721685e-17
0.00012831384280714495
0.000512819152934314
0.00103343865711783
0.001147452297778604
0.00116908159283656
0.0014322965683826027
0.0015571890102420351
0.0018987530812877
0.0020269864764745453
0.0021890602493005017
0.0022679892188426365
0.0030694097367030652
0.0031346452130827096
0.0033863791673281168
0.004074697881450193
0.004228654855909031
0.004264698467896337
0.004276198337110387
0.004611504440097848
0.004666650887857301
0.005035804268883776
0.0051604462363781505
0.00520858857425071
0.005393385304682854
0.005652201116259166
0.005792747256132066
0.0061568227139107475
0.006317971032132949
0.006707890114815969
0.0072634683341960184
0.007318601730165396
0.007368542070336598
0.008070363910324339
0.008292884206216345
0.008615685800706497
0.008932828747304505
0.009126367188290059
0.009160468382416869
0.009358550505857972
0.009482544813922576
0.009820283699023628
0.009852838686597176
0.010137025339000667
0.010261629286456969
0.010341867676606201
0.01051522625932603
0.010608518532607162
0.01084093076158254
0.011228557876047618
