6.435824095873954e-16
0.19866274915965482
0.4554708758171559
0.45547863250200143
0.7657225071636288
0.8315452669002498
0.8315615940285053
1.5505791818514159
1.5508290644208595
1.5591468667061725
1.5591549450799698
1.6168004849461377
2.041073389122332
2.0418332175227625
2.6462987951858583
2.6463685256749905
2.6554844907703123
2.9043535700977374
2.9055840529611037
3.3189006243253183
3.320358978058208
3.879580753893121
3.88568135013383
3.8876266437189697
4.026473760450338
4.026857797156569
4.155282306608434
4.15679287784765
4.852319636663366
4.854958068117401
5.391934977988044
5.60562983501339
5.606432653955359
5.763540869057743
5.766061342458806
5.767234327250709
5.77039727838701
6.228794926280402
6.231771091515074
6.387393265690192
6.391132254974084
7.249303883295576
7.35423335123239
7.355142714690131
7.432010168709125
7.436513513777508
7.654147560073337
7.658153321663389
8.00068354055986
8.003332643844658
