3.469446951953614e-18
0.00012324465416557046
0.0002673471867048454
0.0005093974066386533
0.0006428716126089945
0.0008124836161358603
0.0008858294362707152
0.000915781136313314
0.0011124663559865348
0.0011751746588217812
0.0012218679397194756
0.0017201711323416007
0.0018970624836275787
0.0019440884334072216
0.0021682326635586776
0.0024460869169758426
0.002698922967747923
0.0028974786903803503
0.003044236985576737
0.003140414219078619
0.0034132980103755133
0.0035557827025210504
0.0035897470232201766
0.0039193531216906025
0.0041599813297678295
0.004346004235120876
0.004437909291308051
0.004657367978877095
0.0047713338833087
0.004869307449003947
0.005336687544513738
0.005401970610658849
0.0054441218269219264
0.005767863238383237
0.005779104335328475
0.0060074212658977905
0.006050152286139117
0.00652918933333335
0.0065525434464023
0.006835424528822189
0.0068798340289260105
0.006994726454232042
0.007112737690623991
0.007296137215244374
0.007369028718710523
0.007546411107971907
0.007909863427077555
0.007961371839179806
0.00810271138057258
0.008318197063576309
