0.0
0.00026309877628808917
0.0009745423585261065
0.0012381948732888247
0.0013215079056319006
0.0016588157559277311
0.0018897833552477573
0.0022503821143288784
0.0027413962572401303
0.0031309812606891904
0.0037676539717929353
0.003929488168747658
0.004530215307977037
0.0045813737977822115
0.004639196163641753
0.005336025363128709
0.005439177090653828
0.005476129447678302
0.005743863402512655
0.006455156591820626
0.007097526758183223
0.007233556788703943
0.00725501088589379
0.00805745801708708
0.008377856832168426
0.00887539189086682
0.009219290315828304
0.009500666821554019
0.00990229290819398
0.010082025704224293
0.010633589423886572
0.010694555299972217
0.010863967756803072
0.010965107076860778
0.011234037509065787
0.01165493887268237
0.012156903160647667
0.012930680331955978
0.012998347264337453
0.013070734394259343
0.01390420620864615
0.013908743375301064
0.014286409785147497
0.01486053698249601
0.015237792618762387
0.01571316313244648
0.015776813743449004
0.016630102662974218
0.01669900132124684
0.017210960141877625
