4.163336342344337e-17
0.00048446176460545734
0.00114790623273584
0.0013579618339338347
0.0018644810569865
0.0018789626090328897
0.0026369392584300166
0.0034182927490043896
0.0038804085382212698
0.004324286710875381
0.004506322353876114
0.004834890455141672
0.005057432261786775
0.005965391061279116
0.006113447021142008
0.006523826413252677
0.0072771396006882875
0.00782264469498835
0.00850319332292212
0.008799797181350858
0.009168984996190817
0.009402216833794287
0.009601512594504218
0.010625699050579139
0.010797614433734603
0.01122868851597142
0.011422763148301674
0.011555574125387014
0.011970125784609134
0.01316531000838272
0.013835764088935878
0.014217845531011396
0.014451239439007548
0.015362257227951917
0.015970625816538776
0.01599626450213005
0.016325969076027153
0.01645599864814197
0.01693379062295236
0.017149422213872445
0.017216161987000093
0.018191305030123166
0.01833916503544139
0.019101009084548606
0.020203355664448447
0.020541108315778586
0.020784287109318227
0.02085650156804307
0.021015180349908263
0.02151900370440557
