1.4051260155412137e-16
0.003424559275645297
0.0037775759524666264
0.005537338191504206
0.008008785273622447
0.008652779682516798
0.01104994431282988
0.014135429280485388
0.016816507602798757
0.017321123727361373
0.018494574031136843
0.022511414193264655
0.02310221189311984
0.025065535218911077
0.027365799423536473
0.02925356057678117
0.03152990573001045
0.03341773561739187
0.037278161706257563
0.037764255490133174
0.04172462783877421
0.04191206201279402
0.04586863132930929
0.047735321672543844
0.04799193208283598
0.04913099789219037
0.051190835466886755
0.054500506208818446
0.05643646347845716
0.05795705471544591
0.06048438314132063
0.06115659766736526
0.06329085152756099
0.06374971885846564
0.06567024614181159
0.06782578803356473
0.0688349853462933
0.07098823351627714
0.07150351009866952
0.07332923836448177
0.07543115972388659
0.07599906125514942
0.07978662209182018
0.08295648767751622
0.0845800308715737
0.08660070123160933
0.08768508241788772
0.08936214420152809
0.09197920938811016
0.0943987170649147
