8.673617379884035e-18
0.003046352899005029
0.01168546858457637
0.01365856282721529
0.013661921252199878
0.022430954837471213
0.022437612767440288
0.025633633184890058
0.03361422348237026
0.0336227243842275
0.042427478106321075
0.04664846246976971
0.046663500379768214
0.05162784976247571
0.051638749537864376
0.06334343145313572
0.06335039873812565
0.0665149550929995
0.07197884630630225
0.07199705807295151
0.08048045037339435
0.08049915562192421
0.09176198887336337
0.09810421645693615
0.09812970743549393
0.09848754238273556
0.09853149718101653
0.09873468347076415
0.098756683968315
0.12309761784156321
0.12312294894913701
0.12431845466196716
0.12737702112836516
0.12739750663299657
0.12751716457769144
0.12753210205581034
0.15022655907250523
0.15027496132794885
0.15601886636913198
0.15604060633986566
0.16053294812104207
0.163358085415659
0.16338899140398644
0.16899429880943345
0.16901800611208168
0.17000932845233063
0.17001469080779275
0.18905347644711362
0.1890869239922892
0.19744979939597682
