3.469446951953614e-18
0.0105860222713708
0.04309540572178768
0.0505716505973211
0.05060068595393679
0.07375479475849447
0.07379615692357312
0.09522416388943065
0.12240346754427663
0.12247176753728216
0.16161354599858327
0.16536884513555372
0.16545330423056268
0.18778255550817843
0.18789528782212103
0.21832702900505951
0.21835872529060205
0.2385506691204765
0.2645383839793262
0.2646963997336377
0.2825439487352021
0.28262214429058674
0.2937690987504159
0.3425484439503223
0.3554747571226259
0.3556276110074579
0.3719751293252682
0.3720722954979804
0.3732761255352544
0.45736367959167956
0.4576633937447369
0.4604805952178501
0.4613332538366592
0.46147544866783946
0.4671737915852382
0.4673165722289496
0.5239581617644608
0.5331184283929058
0.5373539949532007
0.5374713029670096
0.5562564031195742
0.5563074478145414
0.5776612903570065
0.6042378884402635
0.6044596024231236
0.6182949311787285
0.6392653184088228
0.6701588479986168
0.6703354547805551
0.7179844211239291
