4.85722573273506e-17
0.0009821097250216331
0.0037003672730752755
0.006288594033939212
0.008715198385683414
0.009343750680201405
0.011005978018440084
0.012304290502926278
0.012752344336529558
0.014525292842525352
0.016757903816247983
0.018694138233618637
0.01909456634437976
0.022531215672079698
0.02509867693783186
0.02732173268734693
0.03171231426761942
0.03177325122901792
0.03221630469452046
0.032785158176831974
0.03556272721308745
0.03650380524755933
0.03892921539823284
0.03939415604277336
0.04093663615879513
0.04283827314413974
0.04343833289443966
0.048203655722105845
0.04855086860873497
0.05067049374244392
0.05192289870768959
0.053733303661251196
0.056811341242346054
0.05790265205392937
0.06014604437368808
0.06143071916282745
0.06221746687985268
0.06528551204897802
0.06792192399722491
0.06806474733322761
0.07016686061882714
0.07314239519012256
0.07485937333404939
0.0751848960755446
0.07661395078497603
0.07852931651840389
0.08065708993962623
0.08321265121289359
0.08490440612707728
0.08616614855280821
