-6.071532165918825e-17
0.009202182669432972
0.026875147820369864
0.02688030958751958
0.0341660332774301
0.04656957707275821
0.046579589213336395
0.07127279590031102
0.08165809836656102
0.08167735170323118
0.09276185441166956
0.09277429581892685
0.12025672510718009
0.12030225903125681
0.12303852351710286
0.12773243806240986
0.12777309911269658
0.1654050615363849
0.16546555123553158
0.18625073012935503
0.1862976626011105
0.1870049930941993
0.19891743664997624
0.19895182926696234
0.22601042274896016
0.22610483168240872
0.23271413172013336
0.23274836973245397
0.2609644571184995
0.262418629627159
0.26247475502781453
0.28448500226986606
0.2845439520274261
0.29112392615444715
0.2912897842199724
0.3401212465178454
0.34531713822239646
0.345403424170279
0.3546972883429032
0.3548031166028413
0.3589185271957981
0.35898553889649126
0.368587877833696
0.3687619355519527
0.38520066283626553
0.385323456580278
0.43609653779464097
0.44056339627279745
0.4407385428696647
0.4427458810847337
