8.673617379884035e-18
0.0009823181637043377
0.0037003827376931604
0.006288954192461888
0.00871998098048962
0.009345345398779603
0.011014173393745235
0.012302757948216088
0.012749595581098677
0.014529629839173398
0.016754326381186464
0.01870229485472416
0.019096245544547884
0.022522091083478468
0.02510731813265346
0.027317441752029492
0.03171228872988601
0.031768515025243936
0.032213690106168244
0.03278441993589917
0.03557995666193976
0.03653431519072872
0.038922471306821346
0.03938561237466502
0.04094360248021049
0.042844357588863555
0.04345283571323402
0.048192981605445495
0.048550230937884645
0.05068000615121721
0.05193796205733004
0.05373333298207523
0.05681611926086088
0.057951525821594775
0.06011070053447585
0.06140891310584066
0.06223178125441522
0.06529465616329953
0.06794069580596605
0.06808610061083564
0.07015210696064896
0.07313192348808764
0.0748834022710558
0.07518918440376683
0.0766007286617089
0.07850842402176017
0.08068149811976424
0.08325093098542644
0.08496423375775998
0.08616052898809808
