-1.214306433183765e-17
8.720737157254764e-05
0.00037248980970281363
0.0008382889791540421
0.0009590113918595336
0.0011676439224213627
0.0011906263927971613
0.0014767122079480648
0.001509765091699259
0.0017641310020954475
0.001980826638982457
0.0020399957745151805
0.002298497558192829
0.0025845047902500837
0.0026035950077228937
0.0031934727629969045
0.003432005900214658
0.003460483143130067
0.003541855375582473
0.003789712768123489
0.004384199464577463
0.0044889253378499
0.004563194093761316
0.004615169558378663
0.004794468519492678
0.005006667755984073
0.005176629113584174
0.005380389574396209
0.005633264763081075
0.005644778849185449
0.005740155012791204
0.0058760234721945675
0.006077043437177488
0.006504647815756591
0.006663271177449677
0.006942861778912015
0.007069489748343481
0.007325721533811157
0.007487657029554057
0.007682355216567046
0.007787900980461773
0.007967682006633453
0.00852692389799759
0.008649378333969443
0.008705618919095775
0.009015064088817788
0.00926315394655791
0.009568417579355075
0.009889050857887443
0.010080217330596308
