1.0408340855860843e-17
0.003474661350374183
0.011840467256247827
0.01334975617308042
0.01427370770576064
0.0177776444618487
0.020555880847730766
0.027242442750831396
0.03388913603933133
0.036503542488747286
0.041432447729500624
0.04236977746771784
0.045766874336025644
0.048662301243059924
0.05068523686534189
0.055135163640956046
0.05890160665531257
0.06570506595671954
0.06877807075436958
0.07157154880999383
0.07219277301831867
0.07950356656949506
0.08998086608695807
0.09031737284300746
0.09115675126415529
0.09712178586274191
0.09826142316670437
0.10348426562159987
0.10466258264682082
0.10714828604488308
0.11800846915275799
0.11949564404479844
0.11997128455172544
0.12092989290652321
0.12951398344255818
0.13473817435692123
0.13836005244041116
0.1388286690980779
0.14580652003190905
0.1544164907149133
0.15500251253121966
0.15663539477623425
0.1576243655732389
0.1632501529728077
0.16868183201369463
0.17262697418199094
0.18503266197853574
0.18575261401859744
0.18683698089897136
0.18963901340100264
