3.469446951953614e-18
1.8624002527384623e-05
0.00026270511280593496
0.00032454809817012917
0.0008787214914432653
0.0011040457085789695
0.0014161739790104749
0.001852381729240819
0.0021947213811109954
0.0024949944905156302
0.0034359441882039245
0.003652142950519117
0.0036730356429340843
0.004049341825744035
0.004177450507100373
0.004653560911832718
0.004777884997267154
0.004833445875873027
0.005273680476967153
0.00569114293148538
0.006066225851822383
0.006130781991083219
0.006400732368470994
0.006742959408677399
0.007076545197662329
0.007646037429922344
0.007987399094433996
0.008028824407989956
0.008513390972380552
0.009408728179676707
0.009757582880256974
0.009906998654626934
0.00994206842678722
0.01032399033953906
0.010594514398774955
0.010971860053566542
0.01133401935616851
0.01162838130317396
0.01267076073162955
0.013109798497500864
0.01319544091844855
0.013297916277823332
0.013508087573768137
0.014100276583617977
0.015226363318450347
0.016040515404934536
0.01618831320668017
0.016949676237361683
0.017028687004874053
0.017107699522675837
