0.0
0.002401098625448468
0.0026882041728404898
0.004467440432999559
0.00570526647051651
0.008434779434217375
0.01022467897010732
0.010770765242806084
0.011374885358626805
0.012500314509178075
0.014706948247921908
0.016187055057254
0.017596399828463512
0.019240563107235098
0.021063661743935154
0.02126815655685675
0.022037891006072778
0.025526850999321997
0.026776781357918604
0.02863241800317802
0.029416404097165713
0.030515878566304534
0.031218194470647394
0.03298189418006982
0.03572364938712602
0.03773003316780097
0.039029331628609686
0.041815334420669405
0.04336126999505916
0.04390069467741672
0.04498828432514034
0.04648784616942517
0.048046517810534636
0.05040373049393635
0.05289308476414304
0.05345025145299471
0.0562139965314545
0.05664503777132018
0.05925662827886164
0.06148004219338616
0.061851187780184426
0.06310585155515165
0.06460291877538679
0.06636632681359006
0.06720123641553204
0.06882183826314715
0.06923322050306388
0.07205860144704186
0.07272846438703169
0.07765341634508006
