3.642919299551295e-17
0.00099763453320725
0.0011000692115599488
0.0012958315234448872
0.002666615066190557
0.00335279509173975
0.003389949729820589
0.0034381792708089963
0.004219513489747731
0.005412065624315185
0.0062267367759492095
0.0064787348522315855
0.007101398711264027
0.007359505444571883
0.007367622207826158
0.008392777870115888
0.00965378785724933
0.010572664174754035
0.01061506769551838
0.011255112784082847
0.011792060793333422
0.012300782486837346
0.012330373220632672
0.01262032612736533
0.013601213001950945
0.015155343721448588
0.01519721471473025
0.015610665634512433
0.015953279663189393
0.016468502115906593
0.017360723411117114
0.01745751621688716
0.0179636517086287
0.018167240866130502
0.019279568732355964
0.020286808707387645
0.02116280471657269
0.021648207176436826
0.021679354673407467
0.02277381558302137
0.022844306196451766
0.023699709639748004
0.023906198461153334
0.024115738847740667
0.024149724535834187
0.02595860123913378
0.026173755352249986
0.026883919884453537
0.02766521296385404
0.02866244711760005
