-1.3183898417423734e-16
0.0006149043491559987
0.002456841089029084
0.005530274683882938
0.009841115492020101
0.015350280605774208
0.02214235501550644
0.030075496680531555
0.039286439651769596
0.049699128105578534
0.06122393312059068
0.07415262753840197
0.08801292260971746
0.10330259023236174
0.11965088499243588
0.13697245671656805
0.1558481485707653
0.17143228214717177
0.1719146551219685
0.17357265827147833
0.17370939793848492
0.17498201691881501
0.1765379719169741
0.17760790930354722
0.18051611890117283
0.1814803493633091
0.18573664064736367
0.18612092170420758
0.191983845736104
0.1930364159370627
0.1953903141865687
0.19953043881686608
0.20139183474553124
0.20813623601252262
0.20822588546572038
0.21765631895654122
0.21795138233541747
0.2203633315255692
0.22897875551044816
0.22962496739226082
0.24106158491752816
0.2414943127762016
0.2431914903821043
0.2544666799938577
0.25708978115511766
0.26355120425984063
0.2689314546234893
0.2741443331672839
0.2842909342091004
0.28464525952321673
