5.204170427930421e-18
0.00012183333578402733
0.0004869682688113646
0.0008621571689504011
0.0009912130862809385
0.0010905042665503625
0.0013539781026315565
0.0013624687930403508
0.001722450919211322
0.0019088108470922075
0.001969725791129511
0.002083771899702727
0.002809750301191896
0.0029676348693275234
0.0031644571982465883
0.0034241702615437613
0.0035801408099257175
0.0038881747906170817
0.003935285999182489
0.0039511976004926504
0.00410268504563901
0.004383531652225272
0.004497029163565149
0.004587573821495699
0.004727802144905299
0.0052219659338291775
0.005391850029447668
0.00541738013598533
0.0059393047966396755
0.006052951313434198
0.006491128828217842
0.006746061342207095
0.006822585365565582
0.007418948224709223
0.007713743992794819
0.007759147320895188
0.007874360510011636
0.007913737271438097
0.008013565358671598
0.008094805897191372
0.008282837512318899
0.008465138902731663
0.008628590342644802
0.008839729442831535
0.008914850005029193
0.009102613159307793
0.009370577018936217
0.009707376984450134
0.009813474347063192
0.00994741184261755
