3.469446951953614e-18
0.00015621937104837516
0.0006229267623833867
0.001397396257081511
0.002470619537263562
0.0038324700949431897
0.005467360756433455
0.006800202274348242
0.00716053449371847
0.007369010794792108
0.007602787992132645
0.007673361093679052
0.008112717216409339
0.00845885212896467
0.008886465479286626
0.009442767653045058
0.009606383313997194
0.009999663954549059
0.010949838469471817
0.011439923140155727
0.011844445472648056
0.012679886342774565
0.013210411509789887
0.014096090584216384
0.014748145316763292
0.015287558508502856
0.017127903294842532
0.017263588330523577
0.0179060512287895
0.01987854417169322
0.020284139196130195
0.02047534651901181
0.02290336029051735
0.02310147788771775
0.023864661451964225
0.025929256851507786
0.026508478311617324
0.027135340381574218
0.027782407841719432
0.028388874034950384
0.028536632575791678
0.02897704609862399
0.029284882550765605
0.02954608095818667
0.029920660044234514
0.030169221565680353
0.03030567080824624
0.03059414547556978
0.031133911991842386
0.03148298797310973
