5.551115123125783e-17
0.0009728310794567697
0.003891409633923525
0.008755639195156208
0.015565909005400004
0.02432126771246513
0.035022988318662955
0.04767304259487508
0.06226568042847511
0.078805061496088
0.09728600568410385
0.11773862598917274
0.14010645984710537
0.15537635652195572
0.15562380184354196
0.15803438422439162
0.15828263822279012
0.1624884482862357
0.16272170895317725
0.16442215488805983
0.16873776825566197
0.16896379232423725
0.17680869105855027
0.17700591401653343
0.18667898061257263
0.18686624216524342
0.1906825325014998
0.1984027062551723
0.1985612275718524
0.21197947779919676
0.21209510904985646
0.21887705512902553
0.22740577216075147
0.22751491250432493
0.24466130283178295
0.24485485189129125
0.2490733663002258
0.2637530777984746
0.26411016140787746
0.2810953584687698
0.2847537727024818
0.28537091842332585
0.3076020717935594
0.30853441816237814
0.3151446009769614
0.33232923801242936
0.3336988911041921
0.3510879213979977
0.3589268300242736
0.36085987223277866
