-1.3877787807814457e-17
0.00046351250551982144
0.0008001623723119019
0.0009167363033158842
0.000967497917244927
0.0021248572306700377
0.0023591910669461067
0.0024042327231446007
0.0027871769590402176
0.0029055151698300294
0.004041846169699515
0.004538497562314257
0.004823271535670038
0.004919307040721802
0.005110982304917239
0.0054594874137908825
0.005839176904960134
0.006059291720230646
0.006891645975473254
0.007967242356646033
0.008129172095052256
0.008249994191249927
0.008342443922979679
0.008497413243678925
0.008862369912509572
0.009119693919331819
0.00980123087109751
0.010843452014244024
0.011418231028449235
0.011857508213252667
0.012215604295045873
0.012311341851716244
0.012552519940097004
0.012786327510511336
0.012824713717804763
0.013051219997176717
0.013798222788557324
0.014438430986238005
0.01511336671793677
0.01551884589208266
0.016381596960917448
0.016632690628105344
0.016647964871133472
0.01732116169218042
0.01754418676340909
0.017603072038668753
0.017933905073260883
0.01809878475741352
0.018319385333996407
0.018777366766812492
