-1.734723475976807e-18
0.00011862560112868223
0.00047340262253099154
0.0005936462216333677
0.0007176858615179083
0.0008656945318192538
0.0010628852615203448
0.0010703510082038202
0.0014050043583597668
0.0016487094953844296
0.0016901711829771602
0.0019188410665233694
0.0023680678111648104
0.0024815239867885166
0.0025162179695570764
0.0026697401861265624
0.0028435087081058515
0.0028630303779197397
0.003014817182518356
0.003154579218080312
0.003418209655978874
0.0035140906762818683
0.0035447521074200607
0.00386213766034294
0.004253415558419833
0.004313220013805113
0.004583692067807663
0.0047878301985355524
0.004949970067858226
0.005269882236735489
0.005338916272988575
0.005497174130991286
0.005509486624024942
0.0057226425244256505
0.005820016374387232
0.0058442593981861985
0.0062209151076717
0.006332878851084108
0.006377569003483715
0.006515519627275633
0.00657042650881094
0.006780363721267104
0.006899997714318181
0.007285074310929616
0.0075697707951992415
0.007613612155745608
0.0080360536698752
0.0080829058503165
0.008279687559865542
0.008358771750398836
