5.0306980803327406e-17
0.0008463913383991786
0.004831101890099148
0.013547444819289258
0.019093290083625404
0.024242021510896508
0.034489771487042686
0.0510284356601668
0.06923531084580148
0.07952459607222223
0.08654190534454947
0.0920670249540013
0.10314167623997128
0.11210351820417712
0.11668079629199878
0.13885604764937318
0.1498440628196133
0.15516478530441694
0.1560011482699781
0.17392193764168246
0.20488617360228129
0.21035765667051418
0.21846060723420088
0.22698843743249816
0.2395031185872946
0.24417916835370795
0.24796670356911643
0.26474438455039173
0.2763875432147378
0.2796994972771689
0.2809252469519626
0.284268385262264
0.29271151516160004
0.3142649940152381
0.3178044599362903
0.3211766324165447
0.33024229716007353
0.34665032952486335
0.3477461594436728
0.35331363433383295
0.36053165978672086
0.3758124582965678
0.38453764373818533
0.38905619859250185
0.3980682979624647
0.4085908141766973
0.411996544165626
0.41783301980921816
0.43105940053263714
0.43561359232766333
