7.632783294297951e-17
0.001867001195159852
0.0025158472431109236
0.007485427833752242
0.010443777219001341
0.017116377193936827
0.022772302886681
0.031131868094226606
0.03583082343919101
0.0450088014153093
0.04952138476153049
0.057080641719473336
0.06586706461484503
0.06969111617785188
0.07255475595762045
0.07969014609311834
0.08038742564615696
0.08146558164020072
0.08783399659708654
0.09349809038454678
0.10036942569506908
0.10100057176964607
0.10800462256301503
0.11064143561321624
0.11489163587056864
0.12215881235886726
0.12326601311373174
0.12604425079940407
0.12891235165949191
0.1349932238604635
0.1425234685117022
0.14349870952098476
0.14629683353397005
0.14828013355447486
0.1522163247940642
0.15585632656588227
0.15861315098693446
0.15996933210510506
0.16384911107606323
0.16893843599644603
0.17024762484171316
0.17288041967105397
0.17792525870222634
0.1804043825107384
0.18716320648539272
0.19096345379944069
0.1971001268538696
0.19799329051906323
0.19903953305515631
0.2040439539835803
