3.469446951953614e-18
0.0011693131057159203
0.0025830599472077744
0.007386908279641424
0.01030763468297856
0.016756363942829533
0.018363592824505344
0.025511352049936924
0.030936686518862888
0.03506285571405532
0.03933462916787245
0.050736229245930596
0.057101718853160253
0.057627311489854276
0.062287535707527424
0.06817897347876593
0.07097731588224905
0.07128055411224786
0.07797657448657677
0.08028143990372157
0.08633334424841121
0.09109844099182643
0.09276574928061147
0.09635576271505401
0.09883810199008361
0.10240646628654008
0.10374642180097633
0.10600565811339505
0.10873447028333924
0.1186969374499781
0.1191483312137163
0.1262660600828012
0.12915422050370404
0.13476912138798175
0.1382352433547475
0.14009181064549703
0.14572201014434857
0.1457801828810705
0.1458890902663194
0.15010583699810967
0.1592734885460548
0.15981394530562745
0.16143340551294688
0.16249525992061112
0.16981527928708914
0.17377783410126502
0.18123836222397627
0.18403997614327813
0.18686190173823494
0.19026376621716676
