6.938893903907228e-18
0.0017258096854418387
0.002103125954912983
0.0066131441576863115
0.007447403970286657
0.008186974393994096
0.013082288210822976
0.013610621679529334
0.0163807296529735
0.01779851946642632
0.019031022333206603
0.02089435222055279
0.02312091884817105
0.02374136749242574
0.02573686352584551
0.026060476667678703
0.028943060640270336
0.029791511584794463
0.03366645785468272
0.03455850869376355
0.036025062710854004
0.03730306675829139
0.038140354240131916
0.04575811991462807
0.0478236929416452
0.048356481830210185
0.05047866648091109
0.052742541112257714
0.05364362308499462
0.05398831995067465
0.05612301725393166
0.05862309119337283
0.05938360051194643
0.06416863271945841
0.06631120439441522
0.06709171877975016
0.06784145390449337
0.0694033289198283
0.07036422599778216
0.07294399198241157
0.07494495217735134
0.07627425609207766
0.07740287946875293
0.0785606251722331
0.081743214175417
0.0828055007890469
0.08457005556257484
0.08731979296962783
0.089835699013343
0.08998312578259676
