3.469446951953614e-18
0.012251984504599132
0.01225452018956784
0.020317722713333083
0.03391432854386815
0.03393302409424097
0.05158028068118194
0.05159149362096599
0.052570974764741575
0.06449422622014558
0.06451976857456568
0.09266145720884283
0.09268825222213768
0.10172677938558877
0.10174101682071963
0.10376579721612333
0.10379796233818417
0.10706732192127125
0.1430237133752312
0.14305619337066103
0.15160175338844006
0.15163657629106825
0.16092425374578662
0.16096020082750712
0.17292484715498185
0.17295813206967378
0.17571790730878276
0.20232321531237055
0.20236736641725395
0.20786533380306307
0.20799338640974815
0.22983229967800803
0.22989218430237413
0.2489051778701165
0.2489531129477882
0.259721367771551
0.2597632239638753
0.2630842687128176
0.2703352723151531
0.2703744915213658
0.2725855273083877
0.2726975474305358
0.30816152038891703
0.3081851333558323
0.3346512599750065
0.33472694145375526
0.3456575884371554
0.3457233587160326
0.3468307241153348
0.34694837106855486
