8.118505867571457e-16
0.08149281457946152
0.3228697728785962
0.40101017251234244
0.40104504672429137
0.5693258178301203
0.5693894048804119
0.7143773145668469
0.8755498792995513
0.8756607334476981
1.2389378975373884
1.3342209925728867
1.3343591420195862
1.4621916580596865
1.4628485442148322
1.6721275431783087
1.673015802612884
1.8740731751123385
1.947584864368187
1.947765774677918
2.0302236378731773
2.0315245631384067
2.5440257784746723
2.545531523706872
2.601741097003024
2.707601512441145
2.708095485026406
3.20676585116315
3.208878594825158
3.2173384787268784
3.219042470488674
3.42325230428407
3.439757500607097
3.4420462490921984
3.5986743262522527
3.600105697512609
3.83093446222923
3.8335787695846224
4.048917523568768
4.050456119648765
4.362133787646513
4.383955868613775
4.38731847199164
4.600748331658216
4.602957799249996
5.032465274336584
5.033527542059419
5.1016404602449255
5.105107020029009
5.443710557124795
