3.9898639947466563e-17
0.002409229543257521
0.00918384598894083
0.011506107229712086
0.013776915221885537
0.014520533378824805
0.018776196026278363
0.02210847877394427
0.024460706206217202
0.030907329744286227
0.034149689166827035
0.03847239437296893
0.04333762672231913
0.04455285041673661
0.0463511936780382
0.049500066361902004
0.05483643925998589
0.05756169404430674
0.05864241553912777
0.06165213340890761
0.06513242839879793
0.06784238958344627
0.07441746202988476
0.07693569852107197
0.08251284682514248
0.08328576280059745
0.08538775608170282
0.0904941127975808
0.09398611889916621
0.09571013684281744
0.09806604714053166
0.1059702954932422
0.10738280935480216
0.10996000023913548
0.11396716141276678
0.11621371971237297
0.11966124728701143
0.12268278059658165
0.12640608976215204
0.12838151150903912
0.13084402035004247
0.1343399488015448
0.13839654439598587
0.14206605903344263
0.14504425502029636
0.14782508797266306
0.1538260024524638
0.15634245757840695
0.1599029510805191
0.1625140664848992
