9.8879238130678e-17
0.00022179294232287962
0.0008874097633790011
0.001997961765867553
0.0035547377677056236
0.005559049304521564
0.008013071630742176
0.010921588957471915
0.014291115117413733
0.01812044811421644
0.022399181931916562
0.02716241039488039
0.03241175266848342
0.03812841844178099
0.0443398149769167
0.051072210631769095
0.05820122026299974
0.06599344360613245
0.07427942897816557
0.08300580349913247
0.09233214803223638
0.10209804607019446
0.11257344699615628
0.12350007265684156
0.13489593801660513
0.1469798580951575
0.15386143681970013
0.15450631550969485
0.1546056291359657
0.15520847084346245
0.15554920703640965
0.156242697963217
0.1569902729032223
0.1576986240615218
0.15889573439150873
0.1595752275943914
0.15988052519426396
0.1612175075251664
0.16187899245879042
0.1639969132607733
0.1645995204128924
0.1671786580657579
0.16775030967770987
0.17083346910977124
0.17131634620210426
0.172760989865878
0.1749388282932613
0.17536615762594854
0.179432279230659
0.17984902908272826
