1.734723475976807e-17
0.001256850818941774
0.004066687978077738
0.00584428304043551
0.006701069726486783
0.008551905134454552
0.009963389643712064
0.01232197088825117
0.012902018223141782
0.014571461384981622
0.01676767372022843
0.017748810589041576
0.0201996020194379
0.023007109928604164
0.023598857182436914
0.025486865979558557
0.026117870210261046
0.02918542964716858
0.030570124097184695
0.03281721423262673
0.03412530752030036
0.03513498415840793
0.03583962575603695
0.038182992585206264
0.03973499402589306
0.040957468618028375
0.043409896392910194
0.04724757093676335
0.047971794341811876
0.049689257547920175
0.050383628909622384
0.05187604720225905
0.05214439250886533
0.05545754539979463
0.057941974421458466
0.05955043503784108
0.06005385075782039
0.06104365067674016
0.06270155155674131
0.06617868788024242
0.06811667307553766
0.06879855446367744
0.0699449513481401
0.07031247088783522
0.07397950753389868
0.07547887351564028
0.07722725383828517
0.07999389345229999
0.08087184467423374
0.08209614187490755
