2.2551405187698492e-17
0.00024282778808258458
0.0009533395972316488
0.0020075285518566643
0.0038044885781933196
0.0054822467187892535
0.0067562072250507855
0.007727829426145751
0.008967699099050755
0.009321848119096825
0.010088092504778925
0.011536534461440992
0.012342022232003992
0.013062613355443951
0.014773923597236558
0.016422581334227998
0.017807322307954475
0.020902021507738365
0.021830946097810458
0.02248054911436917
0.023766086850134677
0.024698408708198012
0.026050127302608243
0.02768285953499429
0.028925274465414867
0.03146390136508089
0.03206399240209922
0.03322271196429504
0.03434805243800996
0.034445340759315546
0.03561114563461631
0.036402886685774835
0.037399983727701556
0.038248560225842
0.04076929534955926
0.04149857334493964
0.04208597722095788
0.04230774546198108
0.04540281615436459
0.045923439829842
0.04694279761848698
0.048945033196599666
0.04911593993641014
0.04978309265846271
0.050529956894593206
0.0524047712448656
0.05362300609588074
0.05545423185487872
0.05585829081593607
0.057431432961434346
