1.3877787807814457e-17
0.00036253805452507275
0.0006963810136284467
0.0008429148619313372
0.0009675379337793048
0.001773745266854098
0.0021719268220081987
0.00238813329366646
0.002641383625969742
0.0029428757198261806
0.003323635922368562
0.004151999576818581
0.004380906401877566
0.004675214781889276
0.004845703186437058
0.005135315372030271
0.005389454413031895
0.005853997873081185
0.00639981525205552
0.0067783156582555005
0.00748038974116918
0.007885912466340446
0.008156231335950724
0.008331134917677471
0.00845559367640492
0.00873739979405781
0.009753981351380258
0.010100575415768554
0.01024753581192892
0.010741638397794089
0.011228487898264949
0.011820216825915135
0.012154009358888362
0.01233940107841606
0.012551841556028157
0.01268044123958543
0.012732870406274981
0.013595955270422436
0.014083810143890813
0.014791773003775393
0.015084805939383378
0.01522934270376936
0.01591031184926433
0.016512354786042606
0.01693716964272385
0.017309773607865307
0.017444848316357293
0.017617454228521484
0.017825548727474903
0.018143520644385923
