-2.0816681711721685e-17
0.0014459559126039113
0.002000195311603432
0.0049059908115411475
0.00684391123737286
0.00730111127354109
0.008092274646425231
0.00931836612741222
0.01069567700631134
0.0112893747650277
0.013003466596505702
0.015582705708546108
0.016658477593563953
0.018655946037802892
0.020106772571167872
0.021675036533643034
0.021800675971100546
0.02305605740345268
0.025362859042927205
0.02791120173404068
0.028260035430343104
0.028805754147994626
0.029571697863463177
0.030498792218207282
0.03138979742983979
0.03467376615656332
0.03502985619274928
0.03690346914662874
0.03861402957387253
0.04007442017585276
0.04200188523861633
0.042910294410866905
0.04316281335055118
0.04557097593693257
0.046017539534201145
0.04846442710067466
0.0503463577869826
0.05280971769038014
0.05391092417587227
0.05546580359025861
0.05736716561891337
0.05802892995364154
0.05844273908959533
0.060415611511890725
0.06148153823574889
0.06244732261897069
0.06292069896918911
0.06408647807131831
0.06535278600137638
0.06737502961775192
