-5.898059818321144e-17
0.012517543312476944
0.017603670616237826
0.024506663912247394
0.034080215542753464
0.04865258652498465
0.053528643285828605
0.06702251965496578
0.06933645624185962
0.07499699040772084
0.08821336520996545
0.09978308349366737
0.1041784341230988
0.10890816702745666
0.13178371151030982
0.13720068188342313
0.14256326196403432
0.1465029522785444
0.15468188845772946
0.17030793191693402
0.17736013931786132
0.1811273010361994
0.1828365766477642
0.19783050391026097
0.20748295886062584
0.2267810638190978
0.2332322493913974
0.24640227576183
0.25097133474542804
0.2514778287764126
0.2686354366564235
0.2731081624244396
0.27619916738976863
0.2823868051095106
0.2864714488191465
0.2905615444539127
0.3118001382074819
0.33335997840277976
0.3425889889034323
0.34760184084189866
0.3483217474281824
0.3641685929124701
0.3771308810342259
0.3796426737804624
0.38692634082683686
0.3873075623795153
0.3887917960822885
0.41684548870337784
0.41735525246786837
0.41938451955321593
