5.204170427930421e-18
0.00247346312667808
0.003076761177678704
0.00316298471222763
0.007536043024730888
0.008169807514923038
0.008234126368371153
0.009083191093471983
0.010635741396807329
0.014958635054790765
0.015452800486110528
0.016005056842388773
0.016508420524837343
0.018890962231135795
0.01983804295728154
0.02055146371051919
0.02414654252384727
0.026048168056711014
0.02608324890830925
0.0271847219960843
0.029350976646487385
0.030003216484808304
0.03009626551942428
0.03349467907185365
0.03411050862033016
0.03577964065210886
0.038416157923321016
0.04049261314661684
0.04076705232434952
0.04156287031530183
0.04320648776759395
0.04440072309886889
0.0460978082467554
0.04635969233261723
0.05056753518503009
0.0512656169429275
0.05265805439063092
0.05353386625125734
0.05443424811789365
0.05507631302779615
0.0581420217467104
0.060470275207282605
0.060768304436319594
0.06110481075110292
0.06149050017296579
0.06527897195782625
0.06602890608724507
0.0696728055594249
0.06990956557511552
0.07197536122202475
