3.122502256758253e-17
0.001200745265227834
0.003518984811978206
0.005883145182470984
0.005951737060839587
0.007669605913900748
0.009476373110469638
0.011263271798528677
0.01212207679752605
0.012721478465112889
0.015983770332146964
0.016531625846140603
0.01810845214087886
0.021523845428539995
0.021591880652036557
0.02380974412406492
0.025165094754889483
0.026338813518372854
0.02701611887577006
0.02833311871223211
0.033001601488107095
0.03309975558704085
0.03560387987904735
0.03574274789711181
0.03602324691897836
0.03824664581410322
0.0399528046181589
0.04117803447755776
0.04368510753580656
0.045204759903970035
0.046618681175995144
0.047525117846695004
0.04791980648601453
0.05074683503288868
0.05251205452689026
0.05320408056498562
0.05653076425651014
0.05749703384946043
0.059839326791259355
0.060240888149651
0.06101796077216528
0.06256965167536523
0.06600668874586628
0.0671768058757689
0.06749599243002259
0.06906254346150491
0.07151512814372137
0.07284698119141826
0.07385644855701957
0.07401610540248364
