1.0408340855860843e-17
0.006945411136219536
0.01547923365396524
0.022284117553477978
0.022709465367992496
0.02798528828495276
0.04265068202900351
0.04420574156157576
0.06251682792363113
0.06335680302844662
0.06789168549414067
0.07132731595725901
0.07647126258079714
0.08005783556034965
0.08685788576425844
0.09273029426694933
0.1135720717212306
0.11714149822301477
0.12181685654262668
0.12913205331155747
0.13035781497957277
0.14215252010138843
0.14351843641048698
0.15129893755426224
0.1583931853292097
0.16137171005053141
0.1749944972563444
0.17691151756888018
0.17769841805886968
0.18223962756674802
0.19307719236081655
0.19364243181209037
0.2145608747869061
0.21831410755826824
0.22941874499596193
0.2412835684689995
0.24854219472504013
0.2510022774725328
0.25319598507375984
0.2539389075110291
0.2609439185256896
0.2642460040026028
0.2666373549593152
0.2795995425372349
0.2810655098046295
0.29031788424518584
0.2971340377377849
0.3054322818376056
0.3183554606262993
0.32017268970408636
