-2.0816681711721685e-17
0.00040112104472518444
0.0018613483702729378
0.0031022031245894737
0.003253854763769928
0.003804832481529394
0.004317001578522266
0.005248722032839614
0.006609228279414946
0.00747050771576079
0.007951600069526275
0.010461580006770563
0.011669330214728381
0.012025861423669843
0.013087278129011492
0.01384903573548279
0.014242053829182916
0.014581806649992054
0.015872979482841013
0.017718228159833517
0.01856263600900255
0.018981584882338684
0.020510792814593663
0.020687788228589396
0.022049359954549548
0.022604105165498933
0.022779347437623124
0.02421583706268205
0.026981439653366905
0.027967144182477296
0.028033603193448407
0.029063578853087885
0.029322150260744473
0.030979270840905522
0.03171935010303636
0.03216606528415573
0.03312978996862019
0.03440314084284903
0.03601448444738131
0.03643699451515459
0.03725807414406589
0.03836707486662172
0.039041701775547936
0.04019949730036541
0.041994644330720685
0.04285084057744358
0.043408620728241976
0.04622250095585088
0.046489023587181454
0.04656451123539253
