2.2551405187698492e-17
0.008952400818456182
0.01751165443818411
0.019794995265256674
0.03088982918855214
0.0345872441304981
0.041652431286976016
0.04620888853750345
0.0602653726572289
0.06253325308492348
0.0747385276090378
0.08080613220102835
0.08461559323204776
0.09206435211123741
0.10532009606672932
0.11010041274786674
0.11409922235017629
0.12354290119073612
0.12859412628288322
0.14593844764933384
0.15273034776072872
0.15896208898559738
0.16148838187487033
0.1651335820403213
0.17432623891465204
0.1830778488310898
0.19261314023229723
0.19823068750278255
0.2030513918028198
0.20710102890311563
0.218028083225095
0.23537463608058984
0.2385188052947078
0.2466919612430971
0.2516519510202818
0.26244747570286153
0.26932200268089884
0.274563984843528
0.275732141089428
0.28538221529407526
0.29350139391336927
0.2983453151825384
0.3074360210879715
0.3123732911528861
0.31317936766201004
0.31989719487238477
0.33705687366379417
0.35785709104582375
0.3605709637346098
0.3622960913696273
