2.2551405187698492e-17
0.0002522168082149511
0.0009393925884446635
0.001307596463073081
0.0013384273981249962
0.0016653268611672833
0.0019511581239158686
0.0021525913231885685
0.002770913063789536
0.0031661894280898776
0.0035611682297416822
0.003911456667894463
0.004533557391409822
0.004688772057356698
0.00482034733984279
0.005193068909533482
0.0053803508419888926
0.005549553248617375
0.005618318416249117
0.006387214850839313
0.006925850988139094
0.007065229244914819
0.007374071377143054
0.007507542544589367
0.008269059305360678
0.008801775068693679
0.00894387113441014
0.009382567677283163
0.009976116795831597
0.010219236144220606
0.010492728050105515
0.010647116322425198
0.010992204528143817
0.011235368748932039
0.011318020649047958
0.011555369833577593
0.01171538876358356
0.012745554919390239
0.013225466240445018
0.013234936838131229
0.013428251447194025
0.013843743596587544
0.014309124757019403
0.014363066853577152
0.015519952265209429
0.01570810854616945
0.015946180494177092
0.016078997863944122
0.01613064983200952
0.017077377823546527
