2.0816681711721685e-17
0.00014792612912201478
0.0005889514061132063
0.0012519806683011312
0.0023734836903932435
0.002935784371725975
0.0039506977975117905
0.004919261560092073
0.005902699174801606
0.006937484928299117
0.008178151777697073
0.00832543203235893
0.008865353771423555
0.010091053704523
0.010453939619807383
0.011285137610677653
0.012348810058452958
0.013298212655011197
0.014552577590184945
0.014955380867347162
0.016460769549262726
0.01686213230538325
0.018157997024325703
0.019183869871244784
0.020175981643974043
0.021595456096027067
0.02195742119520208
0.02256084730414319
0.0243432615438434
0.025373147827171372
0.02716503686469604
0.028907283199697882
0.029126437852835627
0.02922296831537389
0.02989199473456916
0.030590394418256193
0.0313998919159574
0.03209890207447952
0.03287217193759658
0.03390245300674548
0.034287441408677954
0.03472862724705355
0.035617381564757467
0.036574858680357314
0.036980950481597476
0.038265498244784285
0.03948273301981332
0.04039463701580518
0.041143101818118234
0.042003006496446595
