3.0531133177191805e-16
0.10353310973797877
0.19973753605914718
0.24193327630169859
0.36497866183477384
0.3953828889002988
0.5095966022851635
0.643637645792176
0.7068949486628145
0.7444885066992294
0.8421227853837461
0.9515747030674864
1.0400626443112537
1.0910627429293809
1.2066522542514269
1.3221061822949316
1.4168401756448954
1.5076392465381443
1.5421932746927756
1.5591221121381202
1.5674063177225797
1.842081752343392
1.8639557341220907
2.0156284640832864
2.059561215971647
2.1944016285164962
2.202595164627593
2.3454059771019713
2.474365032747048
2.489328374114409
2.5394671908782653
2.5737244759872797
2.639397078909641
2.7066415722418435
2.9401964400157525
3.069468459013946
3.1530735297175814
3.2083451369695895
3.2228626880664346
3.246546457625413
3.395765927546888
3.460449957570428
3.552364401866662
3.7479065192398164
3.7900210720205463
3.865015611385752
3.896905711913735
3.9648154735493963
4.07841839053197
4.113049261274669
