-3.642919299551295e-17
0.00029875073251408105
0.0011953860349436518
0.0026933828092971287
0.004794916922653049
0.007487086326378864
0.010787093002676036
0.014659281032048251
0.019136774290457806
0.024222698842987063
0.029882090025901614
0.03620647155063558
0.043053392236205905
0.05051969017340854
0.05852443057376026
0.06698484394916816
0.07612172148981085
0.08563967270476121
0.09588918653625945
0.1066639322880864
0.11790398956037561
0.12993804518983176
0.1419834416610685
0.15493693741395986
0.16751842716874088
0.17618848605453707
0.17649303761664928
0.17741234494741642
0.17764820331945835
0.1788461878293662
0.17921769127074932
0.17945431057878866
0.18101340296684174
0.18271716469819546
0.18377112422213113
0.1848002551674264
0.18682090820537844
0.18722929817409362
0.19039174078675553
0.19115227470260873
0.19417962743843764
0.19543147205947833
0.19663608752797967
0.19975398908687872
0.20090518370787636
0.20555226147172523
0.20635680572232967
0.20836736904920797
0.21254385805082915
0.21412750285182777
