8.847089727481716e-17
0.014101549434795144
0.047770969707963164
0.055503260218764554
0.05594921225195413
0.08466773114033672
0.09036596622728373
0.10941524658095625
0.14527752215845194
0.14540959765326247
0.18747724504818367
0.18865581614536708
0.1945287338875617
0.20553122951036346
0.21916851501373638
0.23415966404830893
0.2503443999245056
0.2833551690219051
0.2879709029274797
0.3117506848291695
0.3121241951657935
0.3378086707906729
0.39394826842156727
0.39741511857575007
0.4132882372300035
0.41524718036265174
0.41860879820351804
0.4237992095372351
0.44566785371357526
0.4647663798659251
0.4768971831337314
0.5073237466733073
0.5215472904734403
0.5420835567446952
0.5426962515185992
0.5604138892892315
0.5680344420916348
0.5882851623433286
0.6351447688781794
0.6444481635366803
0.6817006751233142
0.6902540496511934
0.7011654512708324
0.7075550597585771
0.7210956030986754
0.7270340297221379
0.7280340370463473
0.7714838207781222
0.7732606556934719
0.7893676697638522
