0.0
0.0003028344834150737
0.00036407030006031446
0.0005658229473510766
0.0006247039406662384
0.0008225376434072788
0.0008722352700360377
0.0010130841554504
0.0011716990785106615
0.001564303286567868
0.001634587440043708
0.0021761088289886845
0.0022787965286251884
0.0023232606444090545
0.002514918531546867
0.002854662595254274
0.003116633435939672
0.003461252185318389
0.003653540687414322
0.003811533848766282
0.003989663998030243
0.004397813331762607
0.004477421639697285
0.004594913533837244
0.004760276536865728
0.005082643034942928
0.0051687625159365265
0.00552971331040991
0.005664028476424674
0.005822656717260654
0.005857636271825872
0.0062683383412569255
0.006282283761985053
0.0065043741681813285
0.006724237273817166
0.006850917929303356
0.006981686282693354
0.00710327414122299
0.00735329076783201
0.0074157762674540596
0.007524157538744728
0.007965513065983131
0.008068667481635395
0.008117034776425698
0.008573921568320706
0.00872557316379798
0.00881101927278913
0.00895637666963523
0.009225575973995316
0.009736228729539246
