3.469446951953614e-18
0.00026438845354868554
0.0003218046126602283
0.000625690285242694
0.0009027789171175624
0.0010864883121621365
0.0015757392501028894
0.0019068869415346662
0.0019630472462749387
0.0020257454111938054
0.00240661285285336
0.0026477567130360757
0.003753169927105608
0.004990440155307949
0.005374296204584133
0.0058961505398012985
0.00594310297041741
0.006507383546929741
0.007390900610842794
0.007875390889409044
0.008747866604746116
0.00956639030247681
0.010881175685019734
0.011377399125968057
0.011844840826605781
0.012156765861204325
0.012263210356631344
0.012450766325068344
0.012580713221322816
0.013191573406642858
0.013489099978398407
0.014000055097127656
0.014026542321998065
0.014130004698456896
0.014354458473787643
0.014800570249288046
0.014924019487643115
0.015292940608268074
0.015496754347750859
0.01602668687485287
0.01669378411616064
0.016871010121451466
0.018070525435037718
0.01819734476991408
0.018746064036970198
0.020218139154558133
0.020274761430262224
0.02047425811740987
0.02056361737345215
0.020574257498286216
