-2.0001361678012586e-15
0.46491054932650555
0.4651234775713255
1.2631185008919044
1.4030261202674588
1.403945527385791
1.535735476726358
1.864368172713712
1.8654041195114748
2.4172012224224146
2.6774173398769876
2.6783129929118434
3.109834216897344
3.3684637633880747
3.3705570482912965
4.42333563095165
4.426086944632647
4.9970615662879805
5.335869014979087
5.474475551225802
5.477025113295741
5.687123007680956
5.699909975858916
5.754793787023232
5.756563797445339
6.389612508188556
6.391425771629889
6.880121962444821
6.88040282548402
7.6931610921026845
8.065913667475947
8.073898678690762
8.507830658734559
8.666526883387613
8.943980995996416
8.9492360525883
9.348808860330847
9.39665839822885
9.398875256707408
11.113599130802127
11.123216719453138
11.183374685095266
11.187839154579594
11.411300993362062
11.530126558635784
11.533184170967349
11.65877560836951
12.274918871536176
12.537868035070167
12.681874177821811
