-3.469446951953614e-18
0.0005693026218764156
0.0014950966332627474
0.002095974993822103
0.0021669423634942467
0.002841530358788407
0.003950519720858662
0.004370911385311401
0.00456748416939072
0.006158072910013688
0.006593678319811983
0.00667015439833322
0.007007239688876189
0.0074293628512311066
0.00880473580143321
0.00913416029622476
0.00963135599045624
0.01045121610046732
0.011240089294877792
0.011850654771538063
0.01199597405308893
0.013022283722167927
0.013968137719383227
0.014301392443684066
0.014856224385147056
0.015122084948741664
0.015297733308750465
0.015890629622406865
0.016846155995126705
0.018190286511413634
0.01865449945512592
0.019012020675086422
0.019123970471608027
0.01992286449634266
0.021068804016689542
0.021195630837348794
0.022584776800255134
0.022782486262305474
0.023355492150719345
0.02373732557197216
0.024425279445928524
0.024836507981955448
0.025687084160376364
0.02580659268115392
0.026857912809506328
0.027243576175029538
0.027819057700291833
0.02799716438247509
0.029077256257128488
0.03029839956144987
