2.2551405187698492e-17
0.0002779734530933102
0.00033555860872098824
0.0006349219249551265
0.0006349666188001247
0.0011027444487463553
0.0011267915181620708
0.001127064541873439
0.0013147502577950613
0.0020729359414962244
0.002073517064173209
0.002177250996657368
0.002177749176972133
0.002462331265502979
0.002815801382187795
0.002816370828801087
0.0028528303682660346
0.003491400110745833
0.003492275479497384
0.0039357107147438355
0.003936660355082068
0.004382106356209345
0.004673029649613957
0.004674468752003341
0.004854546100182081
0.0053062508692016935
0.005311692803809703
0.005406452951952981
0.005408016946548537
0.005559657705976332
0.005560873312361816
0.006655245893136914
0.006657996905895644
0.006937366943302966
0.007299328239842638
0.007398899861833364
0.007411019079067849
0.007657802978287989
0.007661175584607003
0.008128986518082493
0.008129819217507122
0.008434597942645212
0.008437430192056597
0.008926953857596035
0.00892780750430394
0.009698053861750494
0.009715603542108127
0.010148605382835222
0.010158046674670696
0.010168919131265086
