2.6020852139652106e-17
0.00043846241832644524
0.0006570682746367944
0.0006703690325528533
0.0006704370555931146
0.0013602687464518669
0.0013604898723396236
0.001820722381512695
0.0022002912410849645
0.0022039446802941502
0.0023822308120115022
0.002853026935554035
0.002853500197933385
0.0030701742236748392
0.003077004305365451
0.0042117837212191055
0.004623920660101297
0.00462491377077945
0.004743166186932284
0.004875555000727666
0.004883068584272751
0.004977861318897313
0.004979769597369036
0.005608982708636287
0.005609384873927268
0.007289525188987551
0.007294100429037562
0.007472375537503078
0.007479746289081648
0.007681017207243719
0.007681840601912642
0.007751249950453941
0.007899758260798138
0.007909103943354244
0.007916864203587842
0.009019591929540749
0.00902468234531959
0.010030657109513086
0.010040278032547515
0.010383218580316276
0.010391353246838595
0.010629853383038275
0.010631560994266967
0.011320656003020691
0.011325564262249293
0.011891991017382595
0.011970611023060433
0.01197550865382215
0.012481585804602234
0.013321642974134395
