-8.673617379884035e-18
0.0010661952968055444
0.005850982564478234
0.01209480925988454
0.01684200792279146
0.025840003029982433
0.03602675720580583
0.04268930910722249
0.0564854534277914
0.0757941595609132
0.0831389593179057
0.08584597271647046
0.08854636097390149
0.09084018741814084
0.09914435965036703
0.10521521598887183
0.11804688960787514
0.13935375559399632
0.14067823472128968
0.14379539754678275
0.16031598285744444
0.16572043059405583
0.16699308797921147
0.17104341964694056
0.18235626814746783
0.18293806031966292
0.18992463194010095
0.1958688086073461
0.2035898967870561
0.21224820208829537
0.22103417210591803
0.22556163824308567
0.23987033591068685
0.24773687504859299
0.2523499129914457
0.2590524926936605
0.26936604875878434
0.27608644344263894
0.28134583737479013
0.28672583552093533
0.2907850593923717
0.3018384079992919
0.3071634658174311
0.3119682091966199
0.3155695670772436
0.3179552820216728
0.321632374552097
0.3371351350619741
0.33962237062510636
0.34732613998640205
