1.0408340855860843e-17
0.0003143119251231407
0.0010374737394220016
0.001038258865141176
0.001463648039413028
0.001465564950325059
0.0018001508280435438
0.0026794747893745113
0.0032837195864010606
0.0033245563675294524
0.003546797383905339
0.0035496624599198126
0.0038388943849029956
0.004739762752661773
0.005038687488166627
0.005586610505810899
0.005591119102096309
0.006252607867290696
0.0062572012368906655
0.006705998067717158
0.006980244095718976
0.00760446740387675
0.007718475864588853
0.007719697647518736
0.008565914653875196
0.00857319132712884
0.00871887777631703
0.009713841205678695
0.009946240145880652
0.010764175453118674
0.010769193187438108
0.010773844392473695
0.011152894006203192
0.01195518719845943
0.01195830585300013
0.011999498118422497
0.012650995810530976
0.013414908597167126
0.013768531960449895
0.01387928605774527
0.013886159132861302
0.01457173234858492
0.01462138734137367
0.014748670452846968
0.014755176233072887
0.016226283192394574
0.0162366864860738
0.016716363665643996
0.016862478777608846
0.017060784257278083
