-5.204170427930421e-18
0.0016806598808550548
0.0030627398262089173
0.0030629658259233358
0.004225159666923032
0.008386200937293553
0.008386408717212619
0.00847744827170086
0.008840943966134837
0.010365462973312199
0.013739489740916612
0.013740889029307536
0.01407521902306391
0.018275661465572968
0.018941834380923853
0.01894676875611389
0.01918667378149784
0.02166616953665995
0.021770892992279446
0.02177187142240042
0.02616784561777695
0.02774894493861041
0.028520805384604914
0.03001795584245822
0.030021457922572117
0.03206975311080695
0.032420184440324976
0.03243614193333921
0.03243787528905667
0.037606701532566206
0.03953472232814524
0.03991880664002657
0.040811931939600754
0.04081452056466095
0.0433379297500382
0.0433411736461371
0.0466635657987441
0.046670688641608865
0.04743053369103332
0.0492827932621725
0.04976112681947462
0.050809484068322655
0.05156223237798949
0.05284607001447469
0.05285097649528061
0.05861456539168037
0.05861737191722371
0.06195617018137608
0.06301565794552141
0.06311855338291007
