-1.214306433183765e-17
0.001485677382990656
0.0017829460177445806
0.003111210743850946
0.004373188882904741
0.00484328431424641
0.006877631990505064
0.007303156259098638
0.008010352443737769
0.008466432702661114
0.009647174259190717
0.011725525081858769
0.012302045202985017
0.012577229323610996
0.013791279781245861
0.015220490009308007
0.015761204021605496
0.01626312441574386
0.01798885625652199
0.01873570613111042
0.01905942466684713
0.021289222962038716
0.022505402195191107
0.022851693448396007
0.024148798457573846
0.024649695568511876
0.02484568549698788
0.024983428216293367
0.027461941377182386
0.02780081492848356
0.030893911448248643
0.03116216759580709
0.03164522557215971
0.0325647841951616
0.03300678335735062
0.033413642280505605
0.03373216091546167
0.037472357440232036
0.0377727781667101
0.038430608897886145
0.03897156921319764
0.04081513698042955
0.041123314377701045
0.042369118137735265
0.04278717817633196
0.04320214418400074
0.04376426329420096
0.044134481516734776
0.04701159616430617
0.049037852137276565
