4.163336342344337e-17
0.0013978039836810945
0.01577933225589316
0.018369048908114465
0.023685874699354473
0.030986698872783998
0.04107363538801055
0.04310229421648795
0.049150654441806274
0.05007605422147579
0.05736739000412309
0.07253772012145857
0.08413129106231386
0.09190560160792191
0.09436948480077524
0.09583498681624049
0.10603675301496193
0.10855484233642161
0.1099758969237705
0.11229490556670499
0.1226161213541508
0.1292404044300255
0.13693124874234297
0.15651945580042892
0.16142055582263046
0.1643463210911617
0.1725023356301642
0.17323891027661423
0.18517173032878437
0.19117764704544812
0.19836779851581296
0.19909359604053634
0.20617317867580046
0.20843609581596442
0.21992729099559452
0.2227105391915023
0.2237316902913182
0.23636883427847355
0.23773760617429116
0.2540939388939366
0.25799324773279214
0.2701213586514681
0.27103227536988217
0.2725756006570248
0.2773923234944556
0.28049989867985237
0.2908133117484109
0.3031270312625811
0.30922048780373224
0.31838324272375423
