-1.9949319973733282e-16
0.001611237485028517
0.003384868842568207
0.004451301053674648
0.007518534164484185
0.01529952396450132
0.023419495569936145
0.029699421338246372
0.03704176641209033
0.04303351337834408
0.05429963901438325
0.06416167148866896
0.07331322269530646
0.08137291160874513
0.08352174875015247
0.08986939612652921
0.09897498602219357
0.10237075704510273
0.10975675552315772
0.12357407157416585
0.12921864071404515
0.13011306471172243
0.13128163358535105
0.14569727850090056
0.1469038797593849
0.15002056673394198
0.15914093095520834
0.16302528053950308
0.16637916688151888
0.1720776791408702
0.17901931813528163
0.18196778771224412
0.194627499581939
0.1950577528217923
0.2084305574653696
0.21044305976721764
0.21312104636499798
0.23857018973847202
0.24086592911850707
0.24413783828218988
0.2509818442360611
0.25594471767005195
0.265104364105336
0.2737473105988751
0.28024223010508814
0.29457576868883356
0.3027502907879724
0.30532965134840573
0.30678307723252496
0.3092204541923022
