-1.3877787807814457e-17
0.0005069538816619198
0.0006365754071105297
0.000649949393853105
0.001750995170170475
0.0017944897245098113
0.0018055157415803116
0.0018505305212518069
0.0018925660556027568
0.003515342620784033
0.0035548406486363704
0.0035700424083499865
0.0035836200880200227
0.0036328721071268773
0.00367358918122232
0.0037823635002296966
0.004427572172166069
0.005820256178055523
0.005894355081169899
0.005915712171683787
0.005984461360941018
0.005989164561956755
0.006052910782051229
0.0060730209965070645
0.006139698246428621
0.006182674884679737
0.008678334777338528
0.00877722046438969
0.008820705571470718
0.008853575110642399
0.008864940536174324
0.008908101797419696
0.008960068600697578
0.0089922735667492
0.009027961306854041
0.009133095196959718
0.009190460538095987
0.010971903538136802
0.01107974690541508
0.012041880842875973
0.012137473182353508
0.01227126456203347
0.012325027803946507
0.012352583391107211
0.012401610623832148
0.012442234819942407
0.012483601693199347
0.012581739868024336
0.01262970124342684
0.012677884361810937
