1.734723475976807e-18
0.004300799935810779
0.007186747678266986
0.012325916791267147
0.017412860403447854
0.018397301804099833
0.033742275819648095
0.033993013530983905
0.04675087058168513
0.05070630421718048
0.05176151364964473
0.053073996646948514
0.05678373688497545
0.07067237611759569
0.07920630535105985
0.08020594619134748
0.09558306761136103
0.09578287679630365
0.10277493273516738
0.1041634370194982
0.11830766498536295
0.1218300995818805
0.12734502801045758
0.13718943404427122
0.13809293105104786
0.1481749856230222
0.1487389374557038
0.1557688099831488
0.160585894921506
0.1651190299939081
0.16621413827289588
0.17886805334894718
0.18742742244540325
0.19361906533654288
0.19594314097397425
0.20128063636447674
0.20563533805778114
0.20625436857604434
0.21730964761096605
0.2280184836719536
0.23136973984452144
0.23551845689084652
0.2425618440669811
0.2456244516478433
0.24791225782364018
0.2551677108164573
0.25641357102826057
0.2566232713477773
0.26282330553866723
0.2771422694664473
