-6.938893903907228e-18
0.0037348902996271055
0.003736521157376719
0.012174825661176803
0.012178577207945398
0.01970187567873475
0.022528549497967523
0.02253455600103458
0.024291292910598034
0.0257433218963153
0.025751973734416775
0.0291950688814338
0.029199794381836203
0.0302972880299702
0.041639898717883046
0.04166800816655686
0.04597978456560827
0.046657629750016645
0.04668560491452645
0.055580299366832765
0.05562601117266545
0.060171242127283205
0.06019236548990551
0.07383750652201301
0.07387062585982163
0.07412966978079358
0.07987188548065458
0.08219809491181208
0.08221587354311703
0.08298371063971599
0.08307693054780543
0.08336550458966784
0.08750306837498117
0.0875525787847177
0.09363327092888997
0.09872668361840181
0.09875501136254687
0.10297680956920163
0.10302074917546726
0.10395868134162592
0.10406653429061301
0.10694767304703826
0.10700069593697517
0.11712659131813376
0.12231500277563277
0.12957053866454335
0.12968518907919852
0.12981061122430151
0.13201666122098807
0.14026552945144666
