-1.734723475976807e-18
9.889137656392093e-05
0.000315025747413605
0.0007243174167500359
0.0013044090233023855
0.001928956811999876
0.0028528744558058306
0.003748292607050044
0.004713768810734856
0.004773849781065171
0.005294728773341226
0.005497272347665266
0.0057287818116809695
0.0059583138056232225
0.006134705235761239
0.006267256156049424
0.0066121503972151555
0.007023202706548664
0.007096263368715187
0.007833848617409116
0.008014135716970862
0.008626477989796493
0.009171179510578982
0.009613736172143545
0.009955688013394
0.011134287843250242
0.01151379712068871
0.01164404447376728
0.01245909176808325
0.013375385430535831
0.01429106169161702
0.014349179116078666
0.01587568026424107
0.016387699959951554
0.016789453636328847
0.0180278023337362
0.018114633770959704
0.01972129522916457
0.02020867844473221
0.02039459268216276
0.02048909447867711
0.021156143056495054
0.02141537997736053
0.021896030943564557
0.022513460957986953
0.02270514804092258
0.02286082816297718
0.02328156878909237
0.023469186914855153
0.023982922566615363
