1.734723475976807e-17
0.0014570128927194094
0.0028231917439425214
0.004002632175497296
0.004652286343678263
0.0056283027923181
0.009960855717954352
0.011453823540566227
0.015239263290253118
0.016436109648805
0.016694209150653214
0.01684500147895989
0.017314391656721696
0.018216458962150905
0.018521284657584187
0.022649849577033976
0.023806588012272874
0.024484390298582924
0.026104724560541283
0.02724780881852848
0.030087320257660664
0.030711340757120967
0.030917531548022355
0.03206722276262541
0.03424666541470649
0.03733796624047967
0.03771011350180037
0.039139525350180886
0.04064280586352258
0.04195986669858297
0.04300530347284417
0.04357776020381367
0.04549216145948445
0.04625560285151143
0.04961321037938087
0.049816632167267526
0.05220126127788825
0.05695630240268671
0.05759499371026482
0.060935832358099164
0.06140879985098625
0.06217944611320322
0.06235956117543811
0.06625865298022576
0.06777166170620826
0.06823082808048611
0.06939757033201688
0.07163573896518878
0.07283653115906576
0.07343776094764834
