3.469446951953614e-18
0.001462734049008164
0.0019702884844547165
0.002911431869126265
0.0038504317418252085
0.005154114856365613
0.005884301524585829
0.006633254459677438
0.009708187396066792
0.009909485414375889
0.010883911221796721
0.011431223681010247
0.012373552359168311
0.012858608809619526
0.013623390601790285
0.016517030761683822
0.01712535009013911
0.018236209058330753
0.019776411323993402
0.021147103892702773
0.022373544687613926
0.023014749526747993
0.02325442175147844
0.02429448731903002
0.02540358860573383
0.026580815658686877
0.02868510438125766
0.03024665169101514
0.03116331494548473
0.03190046491768476
0.03271682007710628
0.03408696531770544
0.034906397101807304
0.03666399973756224
0.03722262322087996
0.038530594515009196
0.040137222305792364
0.04092610464417548
0.04168687747859931
0.04205916566353002
0.042116637275918724
0.04497864015890358
0.045625824908308354
0.046187683568262645
0.048761828457227645
0.04995314662226718
0.05040447162823432
0.051247441371081115
0.051586979347705425
0.052571284398034275
