0.0
0.0008628664355916724
0.0014946227032665797
0.002220862996656383
0.0057072382482552374
0.0065805063006422
0.006653002021410713
0.010380460852733994
0.012830406100283564
0.014387676228660136
0.017872705504115058
0.017920618055414693
0.018746997650321916
0.019042663471530635
0.019373082493299672
0.021111732593390525
0.021205170143631956
0.021827613722192378
0.02381712745295142
0.024185926928239627
0.026282434956691005
0.027593358072905777
0.03000649952452055
0.030440733189929313
0.032915711425201555
0.03357564457597563
0.03444614671461276
0.03509401614571629
0.037342573647790436
0.039984594860177976
0.041076571870559096
0.0419236147696125
0.043640542573375386
0.044974710764767
0.04594615603337877
0.04886095197115061
0.050211835607391724
0.054582217089607525
0.05527512113271584
0.055623456389824126
0.058185870588638285
0.060193076081678516
0.06183284935432721
0.06265317384367058
0.06307167697481063
0.06327271528500496
0.0641682781176694
0.06459656653549442
0.06535504786650714
0.0660327965135853
