-1.214306433183765e-17
0.00029413159009159494
0.0011337722485228116
0.0011341433358147603
0.001553462875652438
0.002395636629338102
0.0023968211519026037
0.003182637451262179
0.003333600101885265
0.003334203568686328
0.003596719684335871
0.0035975148266027823
0.005259755429148999
0.005834939009534164
0.005836450804815959
0.0065079670701039555
0.006510148463243047
0.007253474795370614
0.007257205925225321
0.007472265688889182
0.0074747585458223905
0.00774178726480367
0.008410470419826442
0.008413045238207342
0.01044027427014277
0.010637758307645873
0.010644251221868682
0.011272462677022926
0.011276541350039136
0.011682024713840165
0.011684617491168404
0.012292971043484086
0.012295147728574608
0.014021979394388347
0.014027915187842648
0.014302740631223934
0.014315399279451945
0.014374544520307413
0.0148887809805109
0.014891208255228812
0.015709468444741366
0.015721818358409113
0.017433546447467883
0.01743503043434006
0.01811345993921619
0.018118871186968186
0.018316336657189278
0.018318373230046703
0.018366655699111403
0.018958374988142616
