3.122502256758253e-17
0.004523942339968039
0.004551715628758146
0.01622784789860115
0.016258189199746788
0.02434627140335892
0.02725876276751378
0.028522488158245797
0.0321453306007069
0.03229007466587003
0.035168916328670315
0.03789395391265231
0.03831170973585659
0.04262889669616133
0.043106446630537344
0.04928953535039633
0.04955384225384247
0.05231911681927904
0.05334357148358813
0.057597259244061
0.061056013654270484
0.06165742369924291
0.06875785424695151
0.07152480405238806
0.08291784991952213
0.08690095271225497
0.09177236265801612
0.10280756121439254
0.10758621838532853
0.10882713466241199
0.11362032487781068
0.12104080246025074
0.12265255967431939
0.12666564364499888
0.12825910645060742
0.1324898140041029
0.1342687179493364
0.13771937409188004
0.14288664388799607
0.1461371044383424
0.15127220619331225
0.1520976610131343
0.15344662865791225
0.15550657343404475
0.1617529996614524
0.16293315036329728
0.16430505909396356
0.16656813569941112
0.17308997084759808
0.17659956739940266
