8.673617379884035e-18
0.0001365805766134886
0.00044708049699688016
0.001300724038103409
0.002162785005874246
0.002583138434194686
0.005235862548460587
0.0053473845673488955
0.005527560804979336
0.006180071565379039
0.008300548993036025
0.010405378378021817
0.013227527370741841
0.01653446494237224
0.01957795734191975
0.023429063765664997
0.02585966752316053
0.02912890402682173
0.03178604941921174
0.033949354623621836
0.03741768085218811
0.04050075192789139
0.04301831410052881
0.04406581591202543
0.04453795921634914
0.044600183187118246
0.04524614910820413
0.045651903541315146
0.04634573800262015
0.047149346331451146
0.04766436355496577
0.048360168549519626
0.0487493074888537
0.04916928854418502
0.05118747954238166
0.05315098484733758
0.054654239993106334
0.05488319459408037
0.05562016558917685
0.05651980239530315
0.056753991233362396
0.05679035987302856
0.05688466272255773
0.05750855474466176
0.061058852150294794
0.06153344276730407
0.06189172819702348
0.06337014846210073
0.06417169036068615
0.06464080234098622
