-2.0816681711721685e-17
0.0027620756164877004
0.004004358073090878
0.004004796092964986
0.004656988187824097
0.00833699906953283
0.008337926834026432
0.012027217241414064
0.012028633658309971
0.013529725404766926
0.015396312525937072
0.016221390569762267
0.01622312000755388
0.022472727207507828
0.022473144857546763
0.023384340665630443
0.023384889422016802
0.025546127290951383
0.025550805083706163
0.02938949545130559
0.029392622802268058
0.030201203234537587
0.03020196439995973
0.03178370433162549
0.031795267845901934
0.03799725654422297
0.037998098543535676
0.041634679389461714
0.04163857821831042
0.04368916918726475
0.04369409699525323
0.04408764157909951
0.0440967029192754
0.04553272083651824
0.04553946753614146
0.04937102081482591
0.0493754842626501
0.054667032772532716
0.05580824359372006
0.05581308672415813
0.0568661369071092
0.05687986015774423
0.057682392245937596
0.06599573348678692
0.06600543769843358
0.06706697676683872
0.06707858271926079
0.06778695141803799
0.06779272176608264
0.06888178364790161
