-1.214306433183765e-17
0.006177035932370364
0.007811769184366624
0.02277163082333665
0.03018479263287848
0.046717451733473594
0.06375640357700964
0.07580890079347108
0.10043198376848386
0.10059804220962039
0.10310997060592662
0.10730345695924233
0.10866106040295645
0.11078031768105853
0.11081073709831057
0.12461191718852623
0.13089256133044294
0.13122721718527028
0.13331897643222343
0.14257017783450168
0.1475433436382213
0.15291757481476817
0.1672355530354856
0.16918287612934288
0.17869523338840998
0.1882238374329335
0.19227487009874233
0.200921858908702
0.20646838822852787
0.22064733952481144
0.23566009415813075
0.24130637459048665
0.2563775787253464
0.2613596636163732
0.2680998126647473
0.28181521804455395
0.29410803887010667
0.31098719722974916
0.3269520617445008
0.3375496712455498
0.3495937422448959
0.35175566153515125
0.36774125965536225
0.38114106348066235
0.38342272479532064
0.38554383763512384
0.39869358235913566
0.40149090447721564
0.40357721584663203
0.40865777809270293
