-1.214306433183765e-17
0.003909343355257772
0.005618254840991972
0.0058472471982709325
0.009779935644662363
0.015800794509231886
0.01654695075167227
0.018064367553431014
0.01905665706946838
0.02051507691955106
0.029731582650258943
0.03244425621147928
0.03408609886783052
0.03435864825717955
0.0353405393990979
0.037646314158208356
0.03920525983881894
0.046178894555661334
0.051964681708910464
0.0540432905189829
0.05548288195755854
0.05617258624833541
0.05923939710428557
0.059506127888563486
0.06267919270967268
0.06320284339745104
0.06753633475657875
0.07238349953627533
0.0749875755636558
0.08172469237880874
0.08337855684646764
0.0841934122485204
0.08571699569152291
0.08749288311423883
0.09044128276329362
0.09091653526097283
0.09273574626328811
0.09408777199239539
0.09540003214869947
0.0992349962793232
0.1089808859667295
0.11547952582761624
0.11550462499247911
0.11601640645478979
0.11723288351227192
0.11772352964878434
0.1186363027589732
0.12147763077337172
0.12200658948354091
0.12312570295508403
