8.673617379884035e-18
0.0010996421613384839
0.003054935649343473
0.0038265577517985743
0.004635409628975448
0.006307280971536792
0.006818415705757008
0.008731008295553911
0.008991207474710135
0.01082500999462198
0.011733621100245095
0.0127015641703254
0.01471118349552268
0.016785191019491053
0.017248224912947883
0.019096346696071825
0.019293934249500447
0.020042878716620166
0.02099352578525824
0.022493241078191804
0.023410469906044507
0.024023694854780828
0.0261523246680003
0.027750303393554915
0.02978978130715028
0.030700292304801
0.03139943937749497
0.033094643280865026
0.03474936566779161
0.03610722758589284
0.03653976085579224
0.03799532902121501
0.03831648774018045
0.03898062521612941
0.03978211260117206
0.041214285851709054
0.04321256406543468
0.04383706429122574
0.046070864529794864
0.046864289391144454
0.04715144554363037
0.048948102648875925
0.04989844470944102
0.052398889546878706
0.053568537781316976
0.053827844959820785
0.05478721738573985
0.05698438009931927
0.05734494731468504
0.05821391865907915
