-1.1622647289044608e-16
0.027859854500168146
0.04640735946452185
0.07139967577380668
0.0741821273573479
0.1245933757495528
0.14392705414961557
0.1834218372007698
0.19209841075454548
0.1997496205321016
0.20656098077407553
0.2501560176108748
0.27372936510758133
0.2791193731868845
0.3390228627765049
0.3467365022952689
0.3974705790070582
0.40161369066589653
0.4096439601509151
0.42769885496545107
0.4360880335936046
0.46350190059305124
0.4863264604351033
0.5084582494450408
0.5224939893129571
0.6013621717637354
0.6121299404419049
0.6157974035251605
0.6574705936773585
0.6937746937101026
0.7112035594223934
0.7129176208922212
0.7201882734409097
0.7241880695927002
0.7366129606482997
0.737003827431572
0.8242586178048352
0.8291819856681081
0.8492677980070669
0.9074184195755363
0.9360219822720764
0.9451204441157757
0.9569464905759687
1.0114843233071835
1.0192712481511845
1.0480327950133985
1.0560588939925857
1.0639286068682599
1.0717738369077385
1.0776998397799495
