2.42861286636753e-17
0.0004957739098604315
0.0009750310822234584
0.0011772103115239869
0.0019148832164679642
0.0020891051451058847
0.0025521615019076516
0.0031035221856821216
0.003903717102611429
0.003916438202737481
0.004319824450519264
0.004541125765935891
0.004937091915473294
0.005659401906685348
0.006089085422171859
0.006673313581073483
0.006893681885292055
0.007348090659848249
0.00802692663688455
0.008053982238554224
0.0087682830095529
0.008828758012878848
0.009507389778374288
0.009582210156549193
0.010466373937169616
0.010827649533322601
0.01096981135737318
0.011117531162922542
0.012198958374750839
0.012395314735863019
0.013120352375302619
0.0134732608235649
0.013697213706203545
0.014167502943861104
0.015259607593184862
0.01567403085579968
0.015824831502838477
0.016366665338859075
0.016565243493417585
0.016715375371904304
0.016767277206884576
0.016847816637810292
0.017502531256805808
0.017651546061220304
0.019188783764965807
0.019386154271705022
0.01979302014030273
0.02006548303811863
0.02030807161826751
0.02044553458459346
