1.5612511283791264e-17
0.00040410167591481243
0.0011970563004659526
0.0015561866295833917
0.001683593851529868
0.002061542296756709
0.002513934977840417
0.003286839074947775
0.003705316878585517
0.004109072427321992
0.0045197579322725
0.005189731642693608
0.0054483517984533925
0.005745825806509416
0.006168650936386541
0.006377522480206161
0.006991886846148413
0.007432160438627719
0.008545555909682553
0.008547906263150657
0.008787761514999779
0.009272836397535298
0.009600026814999453
0.009759231766151429
0.010396150847790967
0.011548265363613522
0.011848320088025858
0.01250154756714847
0.012602394807044765
0.012641720221547593
0.013311653857846004
0.014034037863283255
0.01476024270179989
0.014942489451696251
0.01566475770782936
0.015990278847788177
0.016533199483193962
0.016595352994488076
0.017135455819991124
0.017598963028268258
0.01816772186633124
0.018652457738709938
0.018990021405802367
0.01920598161329927
0.02071470617297287
0.020858818463702786
0.0208831126318237
0.02108322022306708
0.022127435104973475
0.02228027157602984
