-1.9081958235744878e-17
0.000593288383227553
0.0010421387086999093
0.0010928774871491898
0.0016878466840489405
0.0021280877609166395
0.0028203879680526924
0.0031769809235985946
0.0036243943487575103
0.0040779825460097365
0.004899992972500775
0.005562747477696301
0.005762708033981571
0.005834569045545338
0.006175254910066827
0.0064962409424950945
0.007271128917241796
0.007389454099162583
0.007911379819630993
0.00831260101814984
0.009382180460739702
0.00998969001817662
0.010564047035943712
0.010762609354777462
0.011024598802526714
0.011392412583493891
0.011555452946743356
0.011909169577021905
0.012132987008369572
0.01216992454735715
0.013176062955292814
0.013948277483249923
0.014664238072068009
0.014929891301861979
0.015310232216579045
0.015613267431350294
0.016790634851355915
0.01717875060813919
0.01772832504753987
0.018568856108090157
0.01880600735490505
0.01947207251457389
0.019740774038224267
0.02012504033527652
0.02168079299588653
0.02190212437025811
0.022004247710257052
0.022418609776604696
0.02268997231324566
0.023101508918486252
