-2.6020852139652106e-17
0.0003857817966049816
0.00108951164070324
0.0012145068512463327
0.0018638393363232496
0.0021807969159101867
0.0028834560480428904
0.0029480201188388476
0.0037604817329060253
0.004165817786683703
0.004387917918036383
0.004971374249709363
0.005433458579276554
0.005936082985456415
0.0063030779237913444
0.006682619685411709
0.007001641828169291
0.0074724942510194115
0.008133479675579742
0.008571253014900701
0.008945688786048208
0.009128339266996391
0.009638832612054839
0.010379728262966409
0.010994085403768812
0.011319354211776272
0.011700512730421901
0.011925698663375209
0.01204871117399496
0.012600388792555263
0.012759537235510833
0.013518154270563435
0.014519257588880218
0.015362829501617029
0.015417281385007304
0.01600770331660275
0.016293688303442667
0.01662085115023857
0.017185063475025887
0.018064493999715
0.018281198092060816
0.0188971524374313
0.018920721188926584
0.019171996664007408
0.019904293977466785
0.02074883059911921
0.020918267645895182
0.021217912171035982
0.02189377965441793
0.022071907694567974
