2.2551405187698492e-17
0.0005899481863908488
0.0005924679706457991
0.000892751151218717
0.0014461706527190803
0.0021959181227107685
0.002200174103029714
0.0025629523050659953
0.0034342756290911096
0.004162269690507949
0.00417747525035282
0.004793630772702954
0.005490911525232931
0.0060958964106254
0.006377142031517123
0.006398825664224983
0.006609312641970537
0.007585607484147749
0.00786788705051253
0.007877967070254266
0.00835823836432661
0.009069374823026806
0.009355519778176781
0.009369023999343978
0.010311399406141142
0.011598651216671777
0.011638444661520182
0.011686889089374078
0.012039911039354785
0.013093702891097377
0.013101909122340471
0.013153441423858435
0.013418456443041212
0.014359916133044303
0.014893603277511621
0.014921200739724921
0.01671106567796654
0.01672355116080819
0.018274801247706758
0.018296112193931922
0.018383363671528936
0.018428554185570767
0.018609043417365564
0.019191620273442594
0.01970926825111946
0.020094254406850226
0.020101496253248807
0.020566148428918705
0.022284218560846496
0.02234504408504555
