1.734723475976807e-18
0.0002262711394620115
0.0008429282004006802
0.0012265655030107292
0.0012292734105635462
0.0018301485976126262
0.0018839137948260028
0.002957651037641477
0.0029585429957322586
0.0033474005877407835
0.0045623239006570525
0.004566244748752052
0.005097971761203012
0.005804769979300418
0.006040283580609677
0.006060710857191886
0.006213356712586953
0.006421932242560739
0.0070153225261880645
0.007024731414849104
0.008120548681108482
0.008699392132268597
0.009035216125494754
0.009046262968530438
0.009196250069056862
0.010815682659670115
0.010848547071113239
0.010872720513553159
0.011261154321600074
0.011429074970376327
0.011623196394504058
0.011697691876568094
0.011722749112310268
0.012320455163327434
0.013104089395044672
0.013124996119008756
0.014130330855916097
0.014756172604192213
0.01562656731413356
0.01564726631516724
0.015657514835327485
0.01768826872799982
0.0178192774838328
0.018186427772571463
0.018198733776253896
0.01885306132379995
0.01924113847360688
0.019264218418716623
0.020647058947803727
0.021457582238370618
