-2.0816681711721685e-17
0.0007880653622679857
0.0012228113409732642
0.0016019126892621218
0.0024174443146094925
0.003230400608058435
0.003292589026285155
0.004397738649011071
0.004912976122324223
0.005010539461407263
0.006033289310613121
0.006267982187627986
0.007503453011922434
0.007882729561963902
0.007919958920330069
0.008671378762632161
0.009780525229987727
0.010548497986194142
0.01090129381607509
0.011245567637672945
0.011342929018025283
0.011728719076814305
0.013783488670958946
0.013956380930025327
0.014564227818754329
0.014914509494238606
0.015600155530390644
0.016043471643736783
0.016342867714146884
0.017002017590459474
0.01787287128042994
0.018788879086317517
0.019108249603845835
0.019506498145692885
0.0208677866921589
0.02130017335449285
0.021763463583165873
0.021935733354988177
0.022706655730963782
0.023865074210976035
0.023899829025488928
0.024875366949054914
0.025236591175363296
0.026012539981655015
0.02682127817105298
0.027659754664958403
0.028190873606665993
0.028370874609581855
0.029009262193052193
0.02921347415083208
