0.0
0.0004156572159539247
0.0011676199998003328
0.0016915149312849188
0.001723117108188111
0.0020624629299647243
0.0029776452974550217
0.0031897847131731744
0.0038052815757632277
0.004191189055756456
0.004388957092303188
0.004917540862657043
0.005527252259523741
0.005781516911489466
0.006058178683021236
0.00628020368351038
0.00704947016414296
0.007649831640136802
0.007795594072951802
0.008035615437290996
0.00869483202716497
0.009511872582708988
0.010187801098503214
0.010402995492089234
0.010436036206661075
0.010923247899122955
0.011380674645587346
0.011724973344653543
0.012000498849878688
0.012899231705181645
0.013302871438646181
0.014173832260830644
0.014335976665670028
0.014948534178095415
0.015248488274113911
0.01563717213621637
0.015894595385101642
0.01658844167818476
0.017514723124950497
0.017812635170466606
0.018208461342119918
0.018352963364334375
0.01917806927611229
0.019307532859229815
0.019860653415549386
0.020305538418447622
0.02093808443541166
0.021628526633146586
0.022140478595161432
0.02265271857518162
