3.469446951953614e-18
0.0003745148916339709
0.000418028172939542
0.0011404427133805822
0.0013160766266824553
0.0015240415155407857
0.0019461565510295407
0.002084426821739406
0.0024574173059713853
0.0033959017123448444
0.00361507150279893
0.003889562848459172
0.004845432101798728
0.0052137939388136375
0.0057178346081243284
0.005991661865692171
0.006242860347655305
0.0066766358461039284
0.006871386833643035
0.0071393708210258245
0.007279346543707365
0.0074691014237324976
0.007563354209320772
0.0081717305836111
0.008513454752185257
0.008631068364604524
0.00874821798811005
0.009373913741966175
0.010229621933937031
0.010718324333017367
0.011344248763057738
0.01147360655736721
0.011576884383766714
0.01248954632856271
0.012694921950181548
0.013113752805711238
0.013841937829659751
0.014146485357345083
0.014694104920843701
0.015167396591115651
0.015442103432311683
0.016006970432556222
0.0169477331541555
0.017405705541201563
0.017588302844492268
0.018201337442299056
0.018775505071732458
0.018795083660410945
0.019457113556300233
0.01979310002312394
