-1.734723475976807e-17
0.00023565879537969063
0.0003332637174764466
0.0004532418433468091
0.0006391836636378042
0.0009243377545302064
0.0009941104564113335
0.0012527664832268567
0.0012854350269753817
0.0014238523798852081
0.0016824178559130681
0.0017856121784209835
0.0019781749487298526
0.002052936282868791
0.0024817737241786333
0.002573878188199997
0.0026855172826937175
0.0027525140768459716
0.0029227233859712484
0.0032145117594210883
0.0032543557181296343
0.0033399500888269176
0.0034750707382933087
0.0037749714561243278
0.00394885545717695
0.004223487978022961
0.004333782708546863
0.004507436783931933
0.004627729451616831
0.004720570548309037
0.005029760747358921
0.005163736430221956
0.005205036857700258
0.005278811796138139
0.005425096205335465
0.00558747304391208
0.005840935866589693
0.0060237125513991335
0.006320877181583055
0.0065226797807894695
0.006682556253262461
0.00694945316330753
0.00702188789054089
0.007102240305288885
0.007139741618176014
0.007281206008566491
0.007484039501839691
0.007547800573609967
0.007876045136739248
0.00795090631978026
