1.0408340855860843e-17
0.0007816494745136286
0.0007820420857244451
0.002423522310482925
0.004221918520495565
0.006867794260057512
0.006871160313116647
0.00834883696521792
0.010737447829555937
0.01115994837525265
0.011314572466510358
0.012243572237074672
0.012689785911690054
0.012912549810290582
0.01364808862098653
0.013747648366298807
0.016012594384779817
0.019121578746564193
0.01993201121165957
0.020106734823406074
0.02030207347857875
0.022181837226080796
0.022266991042204434
0.02248978437293441
0.022748009604297383
0.02513885120158471
0.025412218420651382
0.027437666678477295
0.02752502491587401
0.029097693194588346
0.030091819720688702
0.030343280470178438
0.031053631104529904
0.033689968053824425
0.03378899201637789
0.035368107751816334
0.03709404481338692
0.037404008183279526
0.03745899295305729
0.039776820517486
0.03995385536628296
0.040159947673188284
0.04149701071139158
0.04247883266641193
0.04341753517520363
0.043615134294826254
0.04382549185612978
0.04715915247589601
0.048848441551999223
0.04890773800488868
