-1.734723475976807e-18
0.00783035997736912
0.007929440612430212
0.014796082854677867
0.014856332533359535
0.01644651061336063
0.017971185958108808
0.018160359310562903
0.019001955701087633
0.019297495517503843
0.019409600416475367
0.02000501110178904
0.02013448655468368
0.02023968283565815
0.020562355244241506
0.020614521158298538
0.02081933160210795
0.021026083030290924
0.021261364346073425
0.02155565336181281
0.021640667036117583
0.021945027529391876
0.02220061013739468
0.0223722039793978
0.022612315453903888
0.022815797209060594
0.023222172922550306
0.023442601055428218
0.02372003559466259
0.023910685565168427
0.024268146618214824
0.024356543116865997
0.024413992286683714
0.025125246183737716
0.025234708049241605
0.02558492054786647
0.025800720826969686
0.026168467817785465
0.026288228800290483
0.026847069098998054
0.026950879544830497
0.027520221650471938
0.02782780041100979
0.02828637276126312
0.028461513608319285
0.028590867078627277
0.028883732600960804
0.02916746929703303
0.029687808578607935
0.030259686404421976
