1.214306433183765e-17
0.0014475104387047244
0.0014525670370839263
0.0027973727979278586
0.003019121770970327
0.005539606209304044
0.005993224538153255
0.006966383157635864
0.006986192147267719
0.007433989262891636
0.007473702712015995
0.011129689479974727
0.011845917523058714
0.012855639925432377
0.012904667911921327
0.013855210052709848
0.013953982775919775
0.013986019911167073
0.015630205737238577
0.018033557415726258
0.018166675931453317
0.01892049739830779
0.01897141307488323
0.022365987312187224
0.02295917584228007
0.023680024444650213
0.023741784576407535
0.024890902914251285
0.025031437769421926
0.025240341697918126
0.025874816903789934
0.02778185692251666
0.027818830010294414
0.028277178505337522
0.030685788915114462
0.034565751257146296
0.034648830011893235
0.0350220438755325
0.035303720471586385
0.03611398364856121
0.036303817388695335
0.0363691949948631
0.03640119523755089
0.036789112135043836
0.03837215768040697
0.040423075505584306
0.040677661488376114
0.04249718400469161
0.042525968449697395
0.04495861862937917
