5.204170427930421e-18
0.025125559509871283
0.025140350365616237
0.04343935331987865
0.046293702994370675
0.07168742115748239
0.07170216353945118
0.07972654376032409
0.08479117238249036
0.08486051913526337
0.09010764068424908
0.14884766601117563
0.15267103215264408
0.1725065081533844
0.1726884951202514
0.17556945334772694
0.17730692616013027
0.194347951254416
0.200188078631025
0.2063595362383223
0.20642927791674484
0.2137439129375021
0.21394205866537172
0.26985121692510616
0.26990695974433476
0.2837176789054075
0.2955791356225592
0.298585619167081
0.3037574738727336
0.32379130985682714
0.3260666926725028
0.3474890725660989
0.3476416481319719
0.3918884140865969
0.3984254601369307
0.41837463328632574
0.4188581790028547
0.42301924506726285
0.4236253949159203
0.4237877570009217
0.42404239194249976
0.4487752462286922
0.44895320171477504
0.45321919772794905
0.4532734237654523
0.5138327305217224
0.5216205817440003
0.5227568720970773
0.5228799720235133
0.5231595994986991
