2.6020852139652106e-17
0.03422417429632286
0.03424415257712856
0.12056720353506388
0.12061179437016513
0.13581892405109403
0.15654990018340506
0.18926438024496245
0.1893279444406552
0.19944383879047892
0.19952894552246367
0.27364320519630314
0.276697575523634
0.276746482560347
0.2895685498416386
0.33211829850476193
0.3323089693144722
0.40563710962833655
0.4359946329409538
0.46288040965623517
0.4629156258523128
0.5352559772652915
0.5589578992782118
0.5677515231383848
0.5681344589724828
0.6403355133318522
0.6591353481028294
0.6600315304920933
0.660790427418494
0.6694958507027908
0.6696643305992163
0.6990400231943469
0.6992501709970499
0.7223222524253551
0.7225982415236042
0.8004545794577689
0.8012321104150661
0.870855339724296
0.871983428785784
0.8782752673507876
0.8784934840164077
0.9022157126617879
0.9243692340861442
0.9364638132716977
0.936604337008906
1.035338165732704
1.0549815438936962
1.1258305740333518
1.1262896900457986
1.1712558858594153
