-1.5612511283791264e-17
0.001768152734088103
0.0017693536722922024
0.0017701559901599426
0.005163675897648936
0.005165013599451913
0.005166635149999847
0.005168221429551541
0.005169734953792483
0.008950936418876726
0.008952063530597505
0.008954957048384655
0.01016466061493111
0.010167313131784336
0.01016870469487493
0.010170200869234263
0.011821524218663568
0.011826100604871917
0.011828107891694433
0.011834023433366632
0.01462169298710427
0.014633847395541503
0.014636348534495464
0.017387124750979456
0.017396817922087388
0.017402909450628515
0.017406476611631395
0.017408273959629413
0.025513933878092546
0.025523300764689623
0.025531636489197797
0.038616633192028925
0.038630580808405715
0.03863200999271941
0.03864505395340534
0.03865785937621669
0.038668306863681584
0.03867803967932366
0.03869170772085571
0.03987121696121087
0.039875330821689176
0.039890026168712525
0.039908209198423326
0.04209935507521718
0.04627142492509729
0.04631034651592003
0.046320317649771126
0.046338829798684
0.04814984301426149
0.04816873395533543
