-1.734723475976807e-17
0.0007252574655776615
0.0007257612834593412
0.0007260284187577924
0.0021442857567022227
0.0021446880839823615
0.0021454524766897076
0.002146216254128341
0.002146955425765618
0.003995151705503084
0.003997167021415662
0.003997716951942719
0.004352912580348754
0.004355007869409618
0.0043558604825563885
0.004357310661644395
0.006631954844326932
0.006634431023692046
0.006635342514545733
0.006637768561139673
0.006643309328419425
0.006825998601797721
0.00683126303481491
0.0068360337467478025
0.006836813050517565
0.008939149197214802
0.008942975821167815
0.008951221908238266
0.009255308565921242
0.009257876235533874
0.009263992760211772
0.009267186290606936
0.009271282962363828
0.009671285000877295
0.009832951978662888
0.009836836627790098
0.00983985388583652
0.010922603650843932
0.010927906588610146
0.010931343825296971
0.010934409768984464
0.010938298285485632
0.015934073212713062
0.01594034728096081
0.015954697875087333
0.015965879883519232
0.016484791305803242
0.01649267822638542
0.016502368964247338
0.018576987709952898
