3.469446951953614e-18
0.0016297104498379685
0.0016303689816755864
0.0016310024823143615
0.004524821011644248
0.004525607546754492
0.004858303988821165
0.0048631778702550085
0.004864121570315653
0.008353005453250939
0.008354917620676706
0.008356771704212963
0.008644913435161395
0.008648360944707714
0.008653974335860173
0.009250309534092503
0.010424583441821901
0.011839307165202503
0.011847132390086454
0.015109620308970556
0.015114718105394201
0.015119908307883336
0.01992382044634973
0.01993943221801088
0.019944208793893255
0.02561812476203624
0.025626810155456974
0.025643314224905088
0.027207242929502155
0.027214571493635632
0.027226602608834007
0.029334087385699065
0.03300058195210236
0.03456435613223053
0.0345677886996954
0.0345893241717947
0.03759660281997538
0.037620240028072405
0.03763287240171625
0.03782782952451998
0.03783301503845677
0.03889598436281893
0.038902667460042575
0.03892109869181137
0.04207805207407424
0.042082384533407236
0.042108901640585075
0.04211213383863617
0.04212499146682472
0.0505016649837375
