2.6020852139652106e-17
0.00042028988046888954
0.0004208467928516167
0.00042130036379994795
0.001243197087399419
0.001243466704123149
0.0012439982797079786
0.0012460942247321423
0.0012474759965258042
0.0023606639342616653
0.0023627849139934223
0.002364508430347176
0.002476388779676292
0.00247921455437455
0.0024812546950191937
0.0024833972601518376
0.003657601965675864
0.003664555860568493
0.0036677500062409166
0.0036737968917972246
0.004085182597704889
0.004086253389737823
0.004089573301397588
0.0040923945769705886
0.004095766095794314
0.004875161321583114
0.004879123620116931
0.004885118411192182
0.005674594830979778
0.005676959884300782
0.005685544379102342
0.005689362634393904
0.005702377908728332
0.006077263131260132
0.006080667228575082
0.006086026487188255
0.006583374079393982
0.006594868011623735
0.006596065107129763
0.006601879241295664
0.006607063538884907
0.0070958213961039626
0.007098214377357035
0.007104311869993966
0.007106698096302351
0.007638611760059333
0.007650211833848111
0.007656502796238999
0.007831000229210556
0.00852831590265755
