-2.949029909160572e-17
0.004534508093426721
0.004536767300170467
0.004537424049920337
0.012399996946720481
0.012404982020896389
0.012407275627215794
0.012744366757764481
0.012746462533790923
0.013861611188597777
0.023626169166112307
0.023630889962760387
0.02363741903195042
0.04783139153197391
0.04861833327122259
0.048631503367984566
0.04863863846848302
0.04866348475536267
0.048666834967398875
0.048689566331566944
0.05441716140027062
0.054447083408277704
0.05445992741163946
0.05785685465585568
0.05790004713947441
0.08067628246853531
0.08071182244517937
0.08072098341926812
0.1063412374551241
0.10639375736195629
0.11074359994754349
0.11077495516728347
0.11080108197013293
0.12635560287141723
0.13188781353921325
0.13193416046262788
0.13194258899784303
0.17495442917784562
0.17540569861339433
0.17544635660083466
0.17548203640957766
0.1756508804638794
0.17567506422198134
0.17572725453335397
0.2001962546956699
0.20023212495247567
0.20028523104379536
0.21134912659770683
0.2113926284788806
0.21149706663562404
