-1.9081958235744878e-17
0.0060138516532161086
0.0060162222106786446
0.007262999620731134
0.009495615157196333
0.012815122170637855
0.018002329557326426
0.01801162079752655
0.03310381961425022
0.03720323352164917
0.0374304265170582
0.037441774633074305
0.05409481958316554
0.054121928254426833
0.057767131657129024
0.05795966766549141
0.06882301721997455
0.08278103029167304
0.08895877355834218
0.09107111736851925
0.09112928161461575
0.09882590731150115
0.09892341641484091
0.1006586115445229
0.11146363953125447
0.12374861303920158
0.12948890349098333
0.12950649798978509
0.1477899124556854
0.15200326087970287
0.1521054780366563
0.15456294415452215
0.15584069841528717
0.1673731908332921
0.16828549619416835
0.16838452838881407
0.18137549086679675
0.19827155787531114
0.198317108522803
0.20368942710608023
0.2072441186201354
0.21482267852032363
0.21497645596160078
0.21606928940186998
0.23192473908628233
0.2421981909663516
0.2423072065618106
0.24342610901098266
0.2509354637843322
0.2598735980615719
