1.9081958235744878e-17
0.007731632509513359
0.007732228062502655
0.010257028923823802
0.011747767231866784
0.01456240807200099
0.021288943995891235
0.02129030719928731
0.038477390136177875
0.038498680469476694
0.03851200842724683
0.041714685409940215
0.05777889915288779
0.06263317844802258
0.0628844708474932
0.06289329510670684
0.07740316821490895
0.09074389790292443
0.09484053484479855
0.09484889472448711
0.10006856394477585
0.1006610606688342
0.11195624685009999
0.11200155699074126
0.13548271570846163
0.14039255680512613
0.14811284232808666
0.14819086749534557
0.15442749230977915
0.15449540148906166
0.1545768377909726
0.15578411213180726
0.16396906003211462
0.1755231696781913
0.17561157929819468
0.18070481172788697
0.1946071252985657
0.21042671013242492
0.21059563733099484
0.21597233795185197
0.21721506992014974
0.2250768091208774
0.2292946555051888
0.22931542487630277
0.23196617312255824
0.24536056625343655
0.24541861726076464
0.25265510903684046
0.27071443030857856
0.2816553201685085
