-6.938893903907228e-18
0.005010700962202583
0.005785254770171807
0.00682263744053741
0.008899096882169557
0.01170731122295156
0.014167438545650399
0.015371801837448138
0.026812320597261873
0.028699773205556743
0.03279592427825389
0.0343128217220744
0.042182752992387974
0.04631836368589959
0.047096072359191915
0.048464752060461816
0.05770693711789348
0.06864750461499391
0.07079436279902962
0.07184108368391014
0.07280009735122815
0.08089983982315387
0.08157530793405667
0.08402660305458999
0.1022949815269272
0.10263038489609909
0.10410652019424335
0.10612423749819633
0.11050985190192059
0.11856193753324247
0.11897503975848088
0.1302087037878182
0.13124307283402295
0.13605324300446153
0.1375453405414551
0.1457097154548313
0.14637656841609467
0.15641504132510411
0.16233090016409885
0.16448923736534748
0.1705214193615107
0.1729999372978854
0.1827559677273035
0.1846643398735656
0.18517499426908277
0.1941431672474583
0.1985614112859443
0.19869463331592935
0.20114449408436363
0.21110861605215162
