-3.642919299551295e-17
0.004125282233624433
0.010955738669576479
0.017221551448892508
0.02073210588256373
0.02240237685263894
0.023257927157224058
0.023414447753966013
0.024724781749141063
0.0249873102341365
0.025791826365628163
0.028245749709156352
0.02917486720089247
0.033222074404922565
0.034328485765144856
0.04237084734542201
0.044286506159630354
0.04461447273500765
0.06259098467972238
0.06351574559524951
0.06474963026892376
0.07892911439360412
0.08789572719605487
0.09025296690739472
0.09308676386406241
0.09437232935989749
0.0987875100981732
0.10087675505290816
0.1055718630089607
0.11524722665641453
0.11950907497597264
0.12264143706308021
0.13766878160336993
0.13896355752440187
0.14190962725300163
0.14408608587505486
0.15634421571106044
0.179252177787878
0.1845340449011313
0.1856799530422889
0.19160380007578534
0.2032359312754065
0.21135006579457852
0.2186298883421804
0.21977992731838703
0.23422364229438072
0.23657714482666645
0.24931559672730808
0.2560353875656066
0.26044226621479155
