1.214306433183765e-17
0.0032804760497554177
0.003732691142206427
0.01036484585694212
0.012532913920763696
0.014512795844704876
0.015583390645058816
0.015828009872147664
0.016410392596630553
0.01824275717246742
0.01999515819778861
0.025517834724701136
0.02617488156477036
0.028174510623238835
0.02838791476271707
0.0316946356289738
0.032488554568173025
0.04113959913646668
0.04170508314223174
0.04681369119855307
0.04701134961926812
0.05299841673653729
0.05358281153828592
0.05420870140103113
0.05667797934248318
0.05723032209826202
0.05851817193984627
0.06032809993566667
0.06096068085923962
0.06261132201925877
0.06497968905689844
0.06615122852388512
0.06645539667475764
0.07035732345381568
0.07054274902102443
0.0753633965592139
0.07563308088266664
0.08222125292266817
0.08231038940018064
0.08568698477093006
0.08618606949336982
0.09165253833539885
0.09168111043163892
0.0918031330284578
0.09187547796414693
0.1019460663641563
0.10208797003256673
0.10860191484874782
0.10944403840366795
0.11308867973506515
