8.673617379884035e-18
0.00034796443351579887
0.0005492197716797879
0.001652834265753328
0.0019170996254404757
0.0039350120108334954
0.004053133791177487
0.006973903205474941
0.007182892724431992
0.01097725929552243
0.011101682951667658
0.015836438132858892
0.01590154866818464
0.02143498586377593
0.02169473124709735
0.028081521528072854
0.028152980097566796
0.03540995487158199
0.035620853804038066
0.04367832471941311
0.0438180682078597
0.0527167161291991
0.05287568439390677
0.0625690364468874
0.06267592614715545
0.06549383921122623
0.06550646524278249
0.0691669558238395
0.06922955146426718
0.07083737662947633
0.07092731350214693
0.0728423744093306
0.0736047737222765
0.07473492820384622
0.07490072513675726
0.0749945699580102
0.07520880149475867
0.0808447762305222
0.08119866355585723
0.0830396067022301
0.08334154469200268
0.08384408572145229
0.08534287290956677
0.08910673604129019
0.08974125332673201
0.09262730353958828
0.0933316072951301
0.09526304659284666
0.09816255772212573
0.0986871688563055
