-1.214306433183765e-17
0.002405305198579925
0.009501013859151466
0.015539335975034643
0.0181493334548442
0.020941790045042902
0.02593117258713267
0.032567355981381385
0.037363409433819064
0.03776063325367227
0.03854098371168682
0.05590269736507387
0.058874294905273954
0.06253472546523109
0.06620356841260074
0.06774427522158484
0.07385776357258347
0.07748025192175421
0.07805442700385043
0.08342229211566302
0.08391599801625382
0.08447856005095811
0.08592032919040296
0.09860710923320966
0.10142048471204292
0.10332325329847156
0.10389326879909014
0.11635008537679288
0.11677754015286561
0.12326173331885489
0.1238270426461839
0.13162301757252184
0.13333912328124822
0.13927789368765908
0.14324346211044656
0.147187385024988
0.1491191197649705
0.1513453455192887
0.1529567791836261
0.15416932435134476
0.15613256330754927
0.16187106164610884
0.16878326786615547
0.1735190445441548
0.17589668064114258
0.1812905246241182
0.18194435728199773
0.18555011994448783
0.19301655626012318
0.19837367896402383
