3.469446951953614e-18
0.02663818765504928
0.026646129062075287
0.07186252735876388
0.07491121360317259
0.0749389147978325
0.10507846742904857
0.11356083607317836
0.11358301267776354
0.14285498095681268
0.14293550802954405
0.20094223647862927
0.20100553967257118
0.21410313597000055
0.21412295387956054
0.23041493203269608
0.23052864581670485
0.3102095925948735
0.31030939564465776
0.31367965870902564
0.33462698366872823
0.33731699146023403
0.3375747116460778
0.3524055063138161
0.352497990279796
0.38400363462741427
0.3840363142824807
0.4390220365896912
0.4391899723486307
0.46352351791770674
0.4638290834203162
0.5039180605102088
0.5040451433223785
0.507893785291964
0.5081341785580562
0.5405532263324558
0.5407285535340207
0.5869007807802945
0.5871064679192305
0.6089411676129014
0.6091554510319481
0.675853058607231
0.6760312923979543
0.7015303729846876
0.7173174194438434
0.7269188946105393
0.7271325251417078
0.7534382511233194
0.7537735688193042
0.7703380423962375
