3.9898639947466563e-17
0.000178359431395372
0.00023477149386683452
0.00023656205616784214
0.0005742965738242366
0.0005772694490118416
0.0006290552165190439
0.0007338891523340565
0.000740010166402176
0.0011877634845910943
0.0011955770560781644
0.0012272040608453244
0.0012438649557788822
0.0012446564489841869
0.001498982808065527
0.0015073374788443453
0.001983080271663216
0.001991684625344733
0.002007044002158719
0.0020378453555993294
0.002049372915567933
0.0021838515398361086
0.002190023760382631
0.002512400643295028
0.0025444913456675305
0.0030038713020758157
0.0030167612457354595
0.003025417558062321
0.003031209405515295
0.003046467820685057
0.0030586024436936605
0.003070082414428221
0.0034010104369848054
0.0034347179716223246
0.0038017476491592934
0.0038139246316090617
0.0041948435310816806
0.004212058045684107
0.0042304275070003654
0.004243061395410254
0.004252657411764315
0.004272556720417193
0.004274049220231762
0.004388893038286405
0.0044284394289643755
0.004906821311534745
0.004928578441156359
0.005322390918963747
0.005354308133052984
0.005596011302656606
