1.734723475976807e-17
0.00018067175804060802
0.00022736255975230359
0.00022880065889262918
0.0005773794855136547
0.000580196509622646
0.0006215627985841268
0.0007017237734450021
0.0007106754497423241
0.0011788985795012571
0.0011908921674315658
0.0012233162329156905
0.0012348999515716629
0.0012417067984123904
0.001417783409419492
0.0014460688276827609
0.001974649611229456
0.0019890886292882066
0.0020042773621412775
0.0020164281088239835
0.0020187639624910034
0.002156387726868828
0.0021723855201581394
0.0023937731162289658
0.002404890647553259
0.002967806984118476
0.0029773226568751768
0.0029920140243565856
0.0030202089111398354
0.0030241251150706465
0.003055470055153829
0.003075309110146158
0.003351545736230666
0.0033596746770581803
0.0035901709619803844
0.0036202094835049922
0.004156990835097194
0.0041756502987938555
0.0041853059594878506
0.004199741333933468
0.004211721954440804
0.004229034084192696
0.004249315776531724
0.004397860515615401
0.004409992728034762
0.004765499956728524
0.004833631906895999
0.005037858681138381
0.0050586180299981905
0.00551808908255267
