1.734723475976807e-17
0.00017977300117692253
0.0002385514396488122
0.00023931234379656434
0.0005785141900410996
0.0005801250114755817
0.0006376751446124217
0.000746669755626846
0.0007511227857487646
0.0012076862045840436
0.0012100802329259239
0.0012393341874571001
0.00124710869860112
0.0012507038354273754
0.0015263198169913061
0.0015334572542121047
0.002012029503034236
0.0020179728159552338
0.0020369617223058682
0.0020521202210886016
0.0020661660105898184
0.002194598758114813
0.002200691303156272
0.0025719733803504854
0.0025799491328345713
0.0030346072060832025
0.0030560609848282894
0.0030626395323066734
0.0030684339134911167
0.00307068763099045
0.0030941626027187596
0.0031019863476146933
0.0034364823595869082
0.003444429305993861
0.0038678899473225965
0.0038955310032202876
0.004257215289975032
0.004271938694232376
0.004275605986818382
0.0042834601585492165
0.004288441409152636
0.004298783127041397
0.00430075520818711
0.004450615916744401
0.004472195370034985
0.004955039138478449
0.004980754776983289
0.005438730227787486
0.005446697128695914
0.005664842293883992
