1.9081958235744878e-17
0.0001767142960029753
0.00022818359510740072
0.00023105665716949622
0.0005686228937570106
0.000571224312447086
0.000610855506210102
0.0007050777086843648
0.0007294327555291396
0.0011556490702867243
0.0011636333834722928
0.0012105319149315567
0.0012221571994049732
0.0012322559487674464
0.0014599129449819562
0.0014679803648397043
0.0019262316716122212
0.0019544411557329
0.0019739857409168306
0.0019941875097455476
0.0020089787840103807
0.0021414691408791365
0.00215393998784315
0.002453756250709928
0.0024771557054205674
0.002922403276333937
0.0029388592323783998
0.0029491530005283303
0.0029923733921180876
0.0030032648873640263
0.003004926297766051
0.0030213448267679497
0.0033320040339949106
0.003335133281565839
0.003703518149015846
0.003734692959779913
0.0040776762436514746
0.004111119055819965
0.004135987063389477
0.004152329115368333
0.004185940543963498
0.004189142238145097
0.004215817312019027
0.004331353835717802
0.004340037438907585
0.004738516966448947
0.004806167206834322
0.00518945255374572
0.0052542386906165375
0.0054309676809936695
