-5.204170427930421e-18
0.00017464795061719433
0.00022256059854459942
0.000225091067791134
0.0005569623086176759
0.0005640167615592294
0.0006054374275623834
0.000695244852414548
0.0006959224151848256
0.001155831249764443
0.0011632806366733833
0.0011762372426685746
0.0011954676356700396
0.0011998126401225953
0.0014110697298522143
0.0014170119128018126
0.001922415757042913
0.0019410731776726593
0.0019479553849321256
0.001952811181416922
0.0019737834990139133
0.0020788199808125726
0.002107686478707972
0.002352021856449848
0.002390602118755145
0.0028632943353862454
0.002880207210470883
0.0029136168531851327
0.00292263014949728
0.0029480468230324193
0.0029935608384319586
0.0030150623036373295
0.003229736173885372
0.0032709927178473375
0.0035537640974748416
0.003576609807852807
0.004021343933465059
0.004032482263462787
0.004043351184683127
0.004074146744731357
0.004094348535393434
0.004113972513753152
0.004149078688692378
0.0043030773996668645
0.004330832298626203
0.00461499686927125
0.004700150488405488
0.004948632703296013
0.0050321154012652955
0.0053326221832558154
