-2.7755575615628914e-17
0.000175631796102858
0.000236860968743478
0.0002371939037743194
0.0005744551688273893
0.000576924903125579
0.0006200086451781314
0.0007399865126942115
0.0007426496319104317
0.0011795238895313254
0.0011816741432589244
0.0012257553372664858
0.0012486117594114315
0.0012509090311904718
0.001508242025269526
0.001511474735969083
0.001981799725864295
0.0019871579331359017
0.002002796150872172
0.0020096391236432854
0.002016408719447955
0.0022145773180199044
0.002217895553010437
0.0025349310344527313
0.0025378246026007047
0.0029754460784279426
0.002984920971968976
0.002995503431568772
0.0030165179676423307
0.0030261699764058785
0.003067564827010835
0.003070707517921708
0.003467743733630157
0.0034743437657210625
0.003808212768525115
0.0038253372665999364
0.0041806517620561565
0.004186227347636906
0.0042018692116606166
0.004204552378568611
0.004207978983150538
0.0042235832104897605
0.004230128986032946
0.0044459679613044235
0.004450934163181196
0.004994435089497184
0.00500466619484238
0.005336031937112884
0.005359534572472006
0.005555750056608183
