0.0
0.00017888380029947547
0.00022347778046357715
0.0002244582468421373
0.0005586214751946064
0.0005627879002934513
0.0006209025341563316
0.0006976904031302453
0.0007000256027668988
0.0011750928487793636
0.0011776769474645104
0.001181670567163992
0.0011880502541873963
0.001206826232359388
0.0014272630549701654
0.001429525002804903
0.0019487519852929326
0.001954346373125141
0.0019742661588331226
0.0019902120629886055
0.002004411844055377
0.002054622600503637
0.002059163660094454
0.002402134231103567
0.002418359641712605
0.0029379633884587548
0.0029421215596194105
0.0029533590526000224
0.0029631960575978826
0.0029712899454258403
0.002980053895239648
0.0030086395574657615
0.0031866102306332047
0.0032097525756374715
0.0036262009786429718
0.003654405777851963
0.00410015649052781
0.004104358837738693
0.0041332739544833914
0.004161510677495987
0.0041668498347503195
0.004186416428065819
0.004191462122229745
0.00420568330853704
0.0042124301973668135
0.004589474637977075
0.004623394645652042
0.005075748975211
0.005152807178336797
0.005458239446426554
