1.734723475976807e-18
0.0003140222686867887
0.00046668732474943603
0.0008461898631476807
0.0013141943588765442
0.001717343001429705
0.002104920041337858
0.002999430057378079
0.00346514436938628
0.004322380822431884
0.005100489829302581
0.00616968971466428
0.008232907291274424
0.008892939242013431
0.00953935716728148
0.01009875875707506
0.010505258931572841
0.010535486153620889
0.01085186132484134
0.011482948236446603
0.012410864833952128
0.01279189843550031
0.01282841735671531
0.013622744002548247
0.013701074216729737
0.014285114656905034
0.014993887182732977
0.017185165197333048
0.017745376516960176
0.017932120334744207
0.019159871836323332
0.01942144003139369
0.021338256471822373
0.021526839986239492
0.0223197106424912
0.022839284200265236
0.023002895540122657
0.023327574577300593
0.024739135264004
0.02502563752419714
0.02668533795666197
0.027867227424883297
0.02804296050533405
0.02855112686766812
0.028897046186813637
0.02933862371158913
0.029671269192140977
0.03137984573188393
0.03151427478316706
0.03214433307028208
