-1.734723475976807e-18
0.0023094122203988696
0.005978841936197762
0.0068179419365384155
0.007628652714995762
0.011323774222403443
0.013980514253418877
0.015484416021363983
0.021234435148007512
0.02145660087285818
0.022737267703828286
0.023812726651967167
0.025905529420346123
0.02987133599269131
0.03192215735563607
0.03369669330068865
0.037054590257893046
0.038599706893384704
0.04327785550407551
0.04591228750836552
0.04684344210430624
0.0480022604750219
0.049511755989566225
0.0530246781125004
0.054109402244233336
0.05680277139814336
0.057687270929077265
0.06052939277025942
0.06241428366473862
0.06765853903529054
0.06999534273715163
0.07203276712967153
0.07317551489024757
0.07729602609564655
0.0794103255024429
0.08079977326664141
0.08237944072329272
0.0836035886630376
0.08813707878622826
0.09024746808923272
0.09095327112989526
0.09299364032939193
0.09428433628947337
0.09559778918067496
0.10003430883228193
0.1020250477930792
0.10678497667500919
0.10902784812059765
0.11090594557950101
0.11298374364987843
