2.0816681711721685e-17
0.0020498325785957786
0.005612371284521113
0.005835957963200239
0.006439752199051947
0.011022551206854683
0.011689773517742431
0.013505307182000438
0.017986464620389643
0.019763270831218087
0.020395492692032557
0.020771710728747818
0.022172725398536715
0.026191632385928358
0.028751833682761123
0.031377981352727034
0.032128172423534704
0.032949423045886314
0.039061709486844225
0.03986379096365652
0.0400691862922612
0.04250806982697107
0.04509818025175152
0.04520144250171796
0.046174005876700897
0.05074252196563247
0.05094588143402611
0.05532227162801593
0.05804311196085583
0.05947351128469807
0.05980766473985139
0.061870761975686646
0.0667977289345539
0.06756309096464438
0.06819230411123178
0.069388344137698
0.07231228295643936
0.07519395758727021
0.07739897779866621
0.07760268540821402
0.07966188341885135
0.08230159766791999
0.08292627740081139
0.0871442121998412
0.08848365949201371
0.09181938547223369
0.09403111944541616
0.09740588313625657
0.0977328240725455
0.09934701332373308
