1.3877787807814457e-17
0.00017605345355158064
0.00026240617198898357
0.0008309551230170596
0.0020214114802048558
0.002452674852065108
0.0032434617775941536
0.0038067074447903533
0.005155929606984997
0.00592495322415309
0.006795231275506861
0.008141513644528373
0.009395647490707646
0.010280348916257181
0.011086271645312036
0.012073740922937075
0.01257872919018477
0.013238402054817822
0.014234171040427018
0.015304179144816342
0.016243866116395347
0.01644933434313834
0.0185709977897801
0.018931129315716666
0.019305244021281517
0.0197831120898352
0.021211998928852407
0.02235379629241721
0.02337935476946347
0.024450954135739056
0.025148861108612454
0.025613686446300556
0.02668263326351085
0.02753188348134266
0.028801690609177324
0.029970321610403382
0.03123624980159973
0.03159597082298901
0.03206799698691862
0.032968151587728096
0.03327908375263623
0.033910039865453455
0.03496573593067967
0.03514832797950058
0.035198727853135485
0.03584750974401908
0.03763262072802499
0.03798240333712446
0.038328841518748706
0.03906587944516592
