8.847089727481716e-17
0.30552735603029113
1.135989067331942
2.3452478619187946
2.577680807974517
2.7212958608640068
3.485688230646369
4.501267591835311
4.927632429990339
5.498729456382106
6.240476758038892
6.728846955183561
7.280602018853962
7.807425022017328
8.215354042054045
8.258653278851288
9.243019282545982
9.515165929111237
9.797160313820436
10.006903284275896
10.673489275509686
10.895540843210142
10.981435397469026
11.506472060247743
12.24757946829956
12.84941718758726
13.180397257664598
13.745847976277313
15.786573013601302
15.8376198801847
16.367661366407184
16.685473215286294
16.78534428687456
18.23074605422695
18.66325857634721
19.193432713459046
19.26627119321907
19.590414720689452
19.797728277222845
20.13097393784283
21.15630829217237
21.30946462342532
21.99663121785448
22.085719469711083
22.629422803622024
23.58522956799953
23.641126245923804
24.415229872894503
24.695040082486923
26.089502069389553
