-1.214306433183765e-17
0.0002655112331639946
0.0013791849142633927
0.003078227424093267
0.00416448289079949
0.006635433488854316
0.007952005817300078
0.010928932562267282
0.014725566476492579
0.01860634351807878
0.0236627075118451
0.029053406695550434
0.029952100565076016
0.03152128983107921
0.032801630870489186
0.03394745062121009
0.03518914393170872
0.036516118252617816
0.0370361454783118
0.03766124338976152
0.039926667611988584
0.04005809299049991
0.04073779693279014
0.04241893328303119
0.045120965838685516
0.0471853497871231
0.04954969130997985
0.050459072209089975
0.0507618527659989
0.05431887816733413
0.0544693863784693
0.05516809493817492
0.05820430719471465
0.060992411838382755
0.06206201057977493
0.06272854622399132
0.0653385501839577
0.06660837815044504
0.06818675031017044
0.0704591116361493
0.07221020660838233
0.07676028808666174
0.0802208030873886
0.08162356133332135
0.0822727792249636
0.08515418920201122
0.08602579164737983
0.08763509745150272
0.08815890183875759
0.09249953663541205
