1.9081958235744878e-17
0.001896705019817202
0.0020909231365811715
0.0024123804588150263
0.007278378530234447
0.0074457881367887505
0.007551231576014247
0.007841357607662641
0.009680870182416397
0.009930384649192272
0.01058267837933091
0.010751634979393207
0.012211414159976926
0.013721769160300776
0.014888870702153697
0.01510115228031052
0.016189966928588526
0.016570720561275322
0.018988413200427233
0.021906909528302834
0.02254163705137148
0.024610980337323292
0.024938881375399895
0.025610582577367647
0.02667756420406147
0.030172244627606037
0.030985627379628886
0.03155903494128907
0.03246833445899599
0.03311065908433235
0.033963907303590946
0.03431047115615607
0.03608450897367779
0.037127081686061325
0.03737211858471292
0.03814840854301177
0.03852101045931565
0.03889008993108447
0.039498484185998925
0.04004062382465656
0.04108169552742828
0.04161923705810163
0.04725491232792308
0.048492341475281954
0.04907713415937305
0.049903977355848436
0.050909719812130515
0.05121416045605587
0.051430518804435846
0.05330048707486746
