-1.214306433183765e-17
0.005934284323183122
0.010455206568096549
0.011852926089197321
0.020367928624842914
0.022770744293602783
0.0255864097337387
0.03348907664630581
0.035001475720642314
0.045701367861211956
0.04626557004156712
0.05505189265977419
0.05508919472564119
0.05677610503879233
0.0663450312526748
0.07437047612899798
0.07859268349350267
0.07952304763176767
0.08690690343247948
0.0890664557692901
0.09014120124602261
0.09251582244904594
0.09849445422153587
0.11332914088827034
0.11519602270827105
0.12102207845389
0.12229758678262266
0.12502179157740426
0.13178655988741217
0.13225659345192414
0.13718440132243517
0.14406180730521542
0.14756513427298149
0.1575367222394227
0.16026306158454542
0.1633024949490332
0.16343307283970118
0.17312237680322168
0.17532803813793285
0.17820567680956192
0.18837268486688866
0.188393506991874
0.19311351519719155
0.19886606410011687
0.2067695555441906
0.2106288193623576
0.21376698329285324
0.21958426315264915
0.22765978345728893
0.22853062735711888
