2.42861286636753e-17
0.0008137926858614933
0.0025738093892838463
0.0031965450364053356
0.005377622769457949
0.007462286348381511
0.007751020804143539
0.008331546954161185
0.012245079258271225
0.013154784087063469
0.01678821807318373
0.017688430674735953
0.018743309890067568
0.021216392094626432
0.022072686807758653
0.024061761881115792
0.02798483220464061
0.02845849879894028
0.03152324253830905
0.03169249265696865
0.03265438452010693
0.03449137166624856
0.04109734242505161
0.04330366754602605
0.04563811374174741
0.04572907380233529
0.046691787848861036
0.04721546314770307
0.05061798617371939
0.05155901395118914
0.05189567966704424
0.05561545348233284
0.05626948412899067
0.062285366695556794
0.06505228431587828
0.06674613438273218
0.07084221960530136
0.07101216508136991
0.07191530303881048
0.07462530687648809
0.0782073180292189
0.07832183401978093
0.07850225898491538
0.07865185146135555
0.0832173669426549
0.08764194212276412
0.08972204352976122
0.09166667744384838
0.0917148862969499
0.0930016546973405
