1.3877787807814457e-17
0.0016380354780540889
0.003746293347167629
0.004349662653674155
0.006707847747584357
0.0075013903013103535
0.014179218554837501
0.015524282412247339
0.018681982742324042
0.02119317808089327
0.025020825434297227
0.027050810362793186
0.03327767667193325
0.03564847458275737
0.03774588653154987
0.03874091878857216
0.04357947161105925
0.04479532677079925
0.04688925181400286
0.051341279284744246
0.058731224583422593
0.06073846467236752
0.06380314798100495
0.06523184688382382
0.06842934493576341
0.07038132159625526
0.07273426290735889
0.07568172446170174
0.07705988629919215
0.07713052338337131
0.07913530062931746
0.08046544008018978
0.09211192290241473
0.09447375190959877
0.09921584405847685
0.09937475902198821
0.10285276795153363
0.10806231355423522
0.11521819063371579
0.11908629862531227
0.11977197583062087
0.12617633392886832
0.13044279481982218
0.13450089556954048
0.13930080265822875
0.1425402211274629
0.1467287906930516
0.15490983234548722
0.16193423774660456
0.16235930540742177
