-2.2551405187698492e-17
9.838036596530181e-05
0.0003612720569359882
0.0004037562546865166
0.0004863370433991262
0.0006215839285890583
0.0007264793709170891
0.0008137915525436856
0.0009447053850105969
0.0010475811368707896
0.001225158491532678
0.0013785019597301242
0.0014903334522786138
0.001733528147504963
0.0019786157891904105
0.002000396148176318
0.002382448291807693
0.002709544745035859
0.002841520951995016
0.002975592361410413
0.0033774343303524575
0.0035894289783059037
0.003767250342331236
0.003917949288893736
0.004225790172343053
0.004537586733364922
0.004737798647986189
0.005161033071457934
0.00551935562702327
0.005777585101043469
0.006007244129901319
0.0063052022073900645
0.00669252735663055
0.006941840105498346
0.007159567558128988
0.007330730511872689
0.007601333347345892
0.007760971049591175
0.007856977229267032
0.008001892552065766
0.008190971301380986
0.008336829306392969
0.008786504859672627
0.00909795817105981
0.009330072618531924
0.009678601865507943
0.009797099400968045
0.010118487161313605
0.010342531598342588
0.01053782366042002
