-1.0408340855860843e-17
0.00023576862079915419
0.00026323290279102116
0.0007827045354159325
0.001844679513289772
0.0019337626171681208
0.002110254477879653
0.0021583722202996904
0.003346143752560817
0.005160247506934364
0.005187634445002981
0.005400349435275278
0.005409441329586418
0.005421796591570776
0.005452865545389355
0.005460815657028472
0.005768618346435427
0.006110082241835872
0.006853720103539291
0.0074121244816913855
0.00748739422585743
0.007493453361346105
0.007760672176121948
0.007871224428071989
0.009034312110559812
0.009268504966080318
0.010261397575796983
0.010267227177124518
0.0104129435197218
0.010919226702508016
0.011022877936174296
0.011479546995258395
0.012667018474777471
0.012751177163279134
0.012974411287198827
0.014416344061511913
0.014459045263322439
0.014699065437442338
0.01559112877603845
0.016428270471397825
0.01643492962255976
0.01644542879238544
0.016820502543062853
0.016837148381898932
0.018116996302771436
0.018520362926586757
0.018776143615650186
0.018986369752865224
0.02004024841226599
0.02006878570134861
