1.0408340855860843e-17
0.001680822736787992
0.00380523917163331
0.0043516256269999515
0.005977378546160676
0.007144567955529547
0.008510272259469822
0.010986064759538063
0.011497900322813224
0.013091875630641467
0.01454730778752789
0.016018518526396908
0.01712171386992751
0.02073602827483901
0.023807748277116257
0.024881892225962855
0.026540279282966317
0.02714853611061531
0.029225793076422764
0.031981569501532484
0.03238375926862435
0.03461159481768974
0.036789956589136946
0.03819690557116371
0.04002342006975411
0.04132618976752693
0.04466865676920308
0.0454748926568789
0.04698276585394986
0.04837849303603864
0.050066204965132935
0.05071856437809514
0.05359411060898494
0.05479814831386574
0.05770921249574191
0.058924679636454085
0.06117860936759668
0.06242324380730294
0.06445401088253036
0.06604576657621797
0.06637269072251754
0.06910969582861107
0.07089672418102885
0.07361913199115888
0.07546330741098038
0.07709079012297473
0.07855078433086626
0.07973302350184518
0.08104205921987616
0.08349320834876854
