8.673617379884035e-18
0.0007204259780145272
0.004123955487644141
0.007753499562121837
0.009475042632893766
0.009674365081108012
0.011125983583838843
0.011533368732013565
0.012581216325026697
0.01960037374603414
0.02038137703397183
0.02145746474654748
0.021758752618033
0.0241525609791865
0.025433479778791727
0.029855138117528074
0.03386860019164299
0.033895141630438066
0.034014069604463786
0.03496299581891166
0.03510247949145654
0.03737316833200432
0.03874621521989705
0.04144989563253565
0.042137171887104384
0.047271584756899576
0.052312289530969225
0.05443313050748503
0.054797547096481554
0.05486545971967046
0.0552945326944314
0.05859012148418886
0.0595188651857659
0.06377581055430967
0.06401366287003467
0.0686510035915597
0.07099406593452694
0.07143101299244291
0.07188678309479861
0.07189344452891558
0.075949820131136
0.07818016599432684
0.07833943994012589
0.07945218954623047
0.08212200455881997
0.08292243149305858
0.08647416340112428
0.0869750085766545
0.09222739752751491
0.09273173942339566
