-2.949029909160572e-17
0.000397067088094543
0.0004087288919470359
0.0011528460765174598
0.001414215328416596
0.002100301222816235
0.0022147485836296246
0.0024897126976077943
0.0025750100754924655
0.002932254311012175
0.0034157149315491124
0.0035121930963274844
0.003561139476776958
0.0037713547751303776
0.003988192393010433
0.004374312376344865
0.004628615271386681
0.004753972174507039
0.00489071441827452
0.00555034206739974
0.00582143264008376
0.0059736877913723705
0.00615857349149831
0.006758119130337326
0.00714246135913584
0.007517448645363132
0.007573233529837539
0.007747174196590259
0.008257944544356065
0.008824637553168776
0.009219468350856729
0.009375321550521934
0.00989952629251146
0.010121779510931022
0.010158160725484552
0.010778538098263792
0.010966602162839444
0.011210925956759632
0.011562734378651079
0.011771103113773574
0.011851808573818812
0.012078826050243628
0.012357572073651105
0.012751806771952869
0.01287434242219033
0.013061450747490455
0.013636348910414065
0.014011614019674963
0.01421394303376772
0.014595286079345965
