3.469446951953614e-18
0.004904161770847159
0.008161966321167611
0.008935169127065818
0.012665419755595453
0.0195101086930781
0.02559430690826709
0.02880056725563293
0.03397800598592332
0.03544463359896853
0.046559450256025994
0.04767698885376323
0.04981171434684794
0.051148638021985035
0.060946030541992165
0.06334183683931242
0.0692000987605935
0.07071219581827141
0.07400983813826913
0.08475724976567288
0.08681087572654474
0.0906692523890948
0.0959646020190354
0.10015026468069925
0.10413356208360848
0.1111130209461708
0.11190788094009628
0.11929705447616752
0.12336078563578366
0.13210462673044418
0.13258269185994256
0.13734905337919354
0.14081685669823166
0.14312626545528725
0.1458502646144535
0.1529693914094607
0.15370564452951538
0.15834674840613974
0.1628637713545428
0.17111199991310733
0.17659222351270196
0.18194808134362442
0.1861970821571056
0.18939006030958924
0.1927863839945047
0.19300057000170687
0.20003886830716214
0.2082365014991406
0.20957602981302056
0.2130578444364263
