-2.0816681711721685e-17
0.0005785235536957742
0.0022127567221786777
0.0048079838160537715
0.00852587027814033
0.011089074505342624
0.011092411279343723
0.012732833116191633
0.012784406189614976
0.013485025511247023
0.015561445510602701
0.015580170358767761
0.01898944828862742
0.019220962282811976
0.019328601605217974
0.022438989427374906
0.02303401243712258
0.02541439712911326
0.02766669245889846
0.029679200820179413
0.034010484172297524
0.035390711000660775
0.037238921591585754
0.041266720878539255
0.04133432582546871
0.04177273320929828
0.04182597371668172
0.04311608692163158
0.043122251657152465
0.0444701545722376
0.04617218220866796
0.04624258683077315
0.0504174725937925
0.050519971756586214
0.05398732016068266
0.05530422570687767
0.05532549345702204
0.06078342598160568
0.06088538372495452
0.06407862281976655
0.06500423994610895
0.06526244700129666
0.06657002367233956
0.06720843151160986
0.07030152016507907
0.07244173635551124
0.07401148344164185
0.07421966587472414
0.07556174764162708
0.07634738138558107
