-5.204170427930421e-18
0.0008269813853466045
0.0035830099713350973
0.0038997716571486617
0.004202350977506042
0.006147240239367318
0.006566562997387419
0.006714827912196417
0.008370324802833918
0.009154926962657848
0.010374590897408822
0.010594513095433385
0.012229316388165943
0.012517022262942342
0.012856737300997968
0.0152628147551999
0.015773394635143413
0.016457279912032545
0.020256477543270625
0.021054722919052235
0.02159516422470297
0.02211784119424006
0.02232180565582713
0.02418553329996271
0.025352045605825484
0.02696816372242556
0.028075589063032272
0.02814031783635746
0.02944689280563368
0.029842949534418822
0.03146821393332452
0.03184116367110347
0.03267573894922441
0.033488248451658535
0.037310693179881844
0.03805435382174528
0.03918286976802837
0.0394165622376857
0.040353701867212204
0.041972718783302866
0.042111690962796364
0.04420792672609454
0.044265135606620376
0.046583756024503445
0.047344066065365696
0.04783489193239863
0.04808100704199038
0.05089194859594663
0.052936984284750986
0.05318353880161066
