-1.5612511283791264e-17
1.1804552359629197e-05
0.0038875419104250596
0.004159837036514921
0.0043588160763905134
0.00436778806532288
0.006755078382977167
0.011133174515249816
0.011155783911385006
0.011903007698784806
0.013233951969231056
0.013250234618399368
0.013751995288970831
0.014635627703107926
0.017431741343099064
0.02028866664555852
0.02268507104300045
0.02277204904324813
0.026145163670877207
0.026286439445287413
0.026308659353698312
0.02654357244274002
0.02656520505154831
0.030050808757936635
0.03938703778122542
0.039580164118710646
0.04089375791966372
0.04095751546544109
0.04122813274967678
0.04221821691527855
0.043063296939204763
0.0430806048061457
0.04511754128688933
0.04536267588654972
0.0454170481995034
0.048453533174581724
0.0533338583793125
0.05847827745336547
0.058612154545918664
0.06155225842837261
0.06173447717412058
0.06190691549365571
0.06211371091739488
0.062192325173479036
0.06314432670189288
0.06318388214948834
0.06323631030454943
0.06628636609073596
0.06744865506733122
0.06751159536230618
