-2.0816681711721685e-17
0.0003078871567101498
0.0006782503671606613
0.0010394138824143702
0.0014436596262310981
0.0018408412622142132
0.0019611450085164385
0.0019651940392201115
0.0030228024553804918
0.0038762149477761486
0.004196587148002882
0.004861643327197698
0.005389587576013268
0.005596989832040274
0.006010923837799316
0.006254811161607738
0.006330159566675786
0.006852892327233422
0.008664345183153033
0.009201574105439264
0.010263878868409819
0.010609933044559738
0.01169612946305803
0.012108602061843122
0.012290666682835653
0.012394942015064256
0.012755591012394719
0.012928690149350738
0.014769350646047277
0.014837556590623422
0.015145469778377921
0.01611206993594523
0.016324231996714927
0.01741613601983734
0.018311405318090904
0.018554335546056733
0.01950740938733936
0.019586280382097157
0.019833412155727898
0.020078872749400373
0.021102237658765385
0.02154305682851864
0.02216371644420964
0.02247711755352303
0.022916656283894568
0.023254846351524958
0.023772988970148665
0.02401709350428896
0.024295418867064024
0.024355465176849535
