-2.1163626406917047e-16
0.02692607335168818
0.041356689558598135
0.04139934209428492
0.09791006564528872
0.09792590451495822
0.1629324187859044
0.16300790545701213
0.16980843142936103
0.22533794746839117
0.22538281320216597
0.25183391519535214
0.2554902745768186
0.31519598706102786
0.3152931252043301
0.38127912551785786
0.3813861321584055
0.43966697753123835
0.4972461692465182
0.49732889234979183
0.5469266016480749
0.5470406912923822
0.5816778652189397
0.5922388245855839
0.5923353250364606
0.6001148386973172
0.6245886290508834
0.6251658860005267
0.6518159425391236
0.6524111511867424
0.6731350948482749
0.7237632284238407
0.724373821054345
0.7320935964014995
0.7323883682442937
0.8248810517432885
0.8251537299110142
0.8795420266119177
0.8798034835532068
0.8875172148412054
1.052082443896376
1.0524824316141013
1.089211408984953
1.090255648029826
1.1222473042207621
1.1955305262099178
1.1962082723816772
1.2245065210589436
1.2253720882332213
1.2297355234690361
