-1.5612511283791264e-17
0.001304807624257857
0.0015079508665002302
0.0019117955280656268
0.0036943373172751183
0.003758096617658902
0.00440184853207618
0.006107780567507477
0.006409807906392119
0.007091922502119931
0.007171897503887045
0.009198717035565194
0.009419044124426202
0.010200170926951949
0.01113753158354759
0.0113818025116786
0.014258223842185684
0.014751933347844174
0.015742163103895992
0.016188584953066104
0.016705535800477622
0.017157890570438206
0.017723568560193248
0.020957814621206335
0.02133765422812372
0.022226268980619066
0.0227242239896885
0.02309177398917108
0.02350112992313564
0.024289136226461942
0.024537549438178978
0.026237768358181063
0.02769754335017465
0.028140961709329157
0.028442178561224753
0.028642019034530737
0.02918720645354906
0.02934415723839956
0.031050236607494668
0.03238606718749122
0.03265695920445411
0.034803570066823095
0.034838199780603256
0.03614272791769353
0.03624280647888693
0.03711510292597114
0.03726635433194287
0.03921814549529665
0.039967580666657225
0.04033358356928042
