-5.898059818321144e-17
0.015050722613812606
0.04808877960314948
0.06096249921278337
0.0627553972634931
0.06375431657744651
0.10839548410976348
0.1095518583211645
0.13868530959534114
0.18325388630609185
0.18926669444870464
0.1907919689705805
0.20672723895570339
0.20896648902886372
0.24659923046124976
0.2504835586781084
0.255274536408435
0.2884452315832346
0.3010639001964378
0.32325257946599284
0.33438976550153193
0.3858007683067701
0.4211460138211913
0.4223416104148084
0.42597093773967215
0.44239055158376334
0.44473452195218527
0.4506055501366946
0.4517491856014779
0.48490506912766906
0.496024716076527
0.5480580778772818
0.5553584365108954
0.5592869399996353
0.5764519079891818
0.5904437987784147
0.5941672051462324
0.6121813318368573
0.6571627871329072
0.6903967428437027
0.7194432856811326
0.7292429639733619
0.7432759385860381
0.7695098272530162
0.7762335104184093
0.7856270677847677
0.7888953204480394
0.7974864571927465
0.8008624628890705
0.8100921351618533
