-2.949029909160572e-17
0.009774742743040634
0.013123791949562596
0.017039663718610543
0.031186598007332318
0.03163785230523983
0.0400525107659785
0.04781993985760096
0.04856234808474848
0.06086963426489057
0.06112836642783185
0.07497961793260907
0.07902132015457299
0.08337850680448215
0.09851535950078147
0.09918126348763089
0.09952945267838686
0.09961004653004352
0.1201987902279434
0.12139432958232384
0.13149849539866174
0.1423040942555471
0.14277346237841437
0.14700937211051432
0.14712961964881605
0.1673195946211025
0.16771153468846017
0.17374355426782734
0.17406528948149727
0.1914085606116678
0.19725697222959968
0.2018316117077569
0.20343751150752262
0.20350044088262315
0.22121996918434592
0.22151519511349785
0.23567005489410683
0.23585915922657105
0.25395508759778695
0.25427943034888567
0.261127223724938
0.26346471657141857
0.2686366059163215
0.2687658037190668
0.2746144793302745
0.2877709837192521
0.2892236092787281
0.30635198688293475
0.3063660906994847
0.31780247146073143
