3.453834440669823e-15
3.9217405912695216
5.5444162496096565
11.070256919068417
13.487035841348325
14.979164213589776
19.758450348696872
22.243085202158145
22.4982115639006
26.118917220154735
32.53846903291201
35.857120957491865
40.02014006646431
43.61486686344374
47.56136956434493
48.91175094365015
53.52286379953382
56.54645261263597
59.2457219670321
63.77772042317736
67.16261361784956
69.0293759421121
71.17761022610732
72.35247242251451
76.02053296857694
78.48021549708527
85.0259395468054
85.58508020647753
88.4749859070376
91.68516137955947
94.98001561124858
97.65130004362257
100.3436040484943
105.4779002202821
106.88030954094337
108.67364497232396
111.79395389260439
114.94629372519792
117.24610180275184
119.07005771199304
124.64841614857446
126.78698056471396
130.7760210087686
132.85847439507157
136.743631675902
139.15896704291092
142.48252627788554
145.24286914413793
146.55128430520207
147.6041501532399
