-3.9898639947466563e-17
0.1452222421564244
0.14528791067450722
0.15740432738632626
0.1621983070252227
0.33063297301388883
0.330816692933351
0.47541497928395215
0.47564391597436906
0.4933344980444322
0.4935308799268846
0.6283123479344098
0.6452063209486896
0.7302484353928014
0.730886596015888
0.8315962607547625
0.8319185088040856
0.9397827122903222
0.9402991420739042
0.9914400249361457
0.9915771240731364
1.1732499518517696
1.1742865996816976
1.2983831768613832
1.298772011545658
1.4101889679233617
1.4405365749776384
1.624424391700419
1.625152772323384
1.6982427874762347
1.6984893892589563
1.712316777409342
1.7131443495423826
1.7313600199854897
1.7329092588539394
1.7545861477454292
1.754887423314756
1.8260816517749177
1.8266642635922152
2.0437697290720256
2.044576471441412
2.393038214233224
2.3940133009122353
2.4958173284469853
2.4977554680525706
2.501567331067758
2.540105558790464
2.5510103586286896
2.551988746775926
2.596614362447833
