-2.2551405187698492e-17
0.005622706972477829
0.005628885506345627
0.011489488992762848
0.019277556686634542
0.020089363012514384
0.0390771192526704
0.040935015809127014
0.04096325960928668
0.0431480783209815
0.043181302156791175
0.0457264439384866
0.04576690061717992
0.045780376122130165
0.05568114012494347
0.057579832407606425
0.06000152487718772
0.06502814619039138
0.06731533965789667
0.06739200277825455
0.0734231032616638
0.07352188870251548
0.08177156071649029
0.08179868868089142
0.09906942763725061
0.09910858738540519
0.1085006310930006
0.1101795927528262
0.11236483313923225
0.11240592494383403
0.11312884029209877
0.11919288776767935
0.13238157772760684
0.15108047389602638
0.1530809450761771
0.15318098109111677
0.15798510187819628
0.1583774124506834
0.15847186078694211
0.15855389686949578
0.16316089940794476
0.1679942135039927
0.16814200144880914
0.17695885870907446
0.1769876011228801
0.1792254747702714
0.18203003590516553
0.18651631500287946
0.18698014985765218
0.19474307131748855
