-2.0816681711721685e-17
0.004056327094759289
0.01397943358708339
0.017836857785771106
0.03281350235007744
0.03959625613962399
0.05805191097594296
0.06066452605103278
0.06968567002260005
0.07075371697664869
0.07983905622225472
0.09335239834227055
0.10849289983346216
0.12540205873364746
0.1344631961137519
0.13884406822767625
0.1420764793578409
0.14774148636914233
0.14941914740093262
0.16123732150491885
0.16497511832269962
0.17421489256791348
0.1829740714947307
0.1923642123374492
0.20072278429353674
0.20751664378719045
0.20973773811946322
0.2150944112197011
0.2234383350897154
0.2251847007065506
0.2296363711569503
0.24198387661002957
0.24821907877770355
0.2524984591130316
0.26531378895958596
0.2734561782429411
0.2770255064227771
0.2808693480249174
0.3084731811084712
0.3131710350343868
0.3166478064916357
0.32707778896173595
0.33864836702527307
0.3495346804467241
0.35729684460582173
0.3639494088345966
0.36634418307493516
0.37008548092730476
0.37190366926140256
0.3739647662550912
