-1.214306433183765e-17
0.0024946752836198047
0.00653241400687834
0.006804188555218639
0.009184775772002727
0.011974291706353982
0.01693988081356003
0.01886302656790429
0.021918071631745452
0.027745201446518833
0.029612315684765175
0.0360737879041984
0.044258167718455
0.04518026319457706
0.052589485663558276
0.056158054106573714
0.056424245947325306
0.06052660207244668
0.06786463909851159
0.07149747897245372
0.07721152411165934
0.0791537020558553
0.0833444437888767
0.08783419007734075
0.09076800965588752
0.09859918614129137
0.1004043725377051
0.10934297989650885
0.11087957595703918
0.1178309399604514
0.12244850005024925
0.12529941071787956
0.12854673712684542
0.12961409157774323
0.1367324130621071
0.14179023221189252
0.14747117698971085
0.15200002421445666
0.15417954877010523
0.16085242107659892
0.16164343452631133
0.16396873648263363
0.16972195336739868
0.17375742808021358
0.17609440038134486
0.1794163063496497
0.18424564973684532
0.1873174340179868
0.1901489409559002
0.1934753878938471
