1.9081958235744878e-17
0.0006100121877700686
0.0007341701680938159
0.0009499196179248767
0.0015228559817362496
0.0017560326777019304
0.0017654862907572934
0.003148812617750395
0.0031582750240215264
0.003272418190746664
0.003420424812150831
0.004259241924518433
0.004882976626659766
0.004884642891627038
0.006048047878310961
0.006121541930863205
0.006377557215086859
0.0068730919392946625
0.006900591631775673
0.007173094812127261
0.007311728312616521
0.00910108545700637
0.009143126037727501
0.009321154079172148
0.00932292120969201
0.009630388727646681
0.010136024168234009
0.011135026093038099
0.011232165275135176
0.0113007731428735
0.011761600037617033
0.011836422462129447
0.01286875556900415
0.012884516775003732
0.013276110846709632
0.013738560718128167
0.013784770030307881
0.014655862608055953
0.015167691299853724
0.01584497315450751
0.016567694325608104
0.01661137221935436
0.016632691058390138
0.016641931865673684
0.017130812164787998
0.01818172980031476
0.018227929335550376
0.018724367280013914
0.01937454140701589
0.020273421665948324
