-1.474514954580286e-16
0.04109288439677633
0.1625731288529663
0.18632890746811662
0.1863348708285865
0.2703892665397499
0.27039804300190934
0.3587802907145087
0.4242661497418762
0.42428261470896517
0.6199150728170898
0.6552203239325397
0.6552360970518073
0.6755563368497169
0.6755655926335248
0.780956904803045
0.7810783865293959
0.9337764425806857
0.9612699170229348
0.9614782972456202
0.9636287142387135
0.9636553772687512
1.2203367940215069
1.220666061992605
1.292326043118907
1.3443415190344905
1.3444071031405385
1.4790292907260043
1.4792409363423127
1.559842819404032
1.560266143444523
1.5965003294866176
1.5967588618591975
1.6997189404771609
1.7880728554920102
1.7882534701754882
1.7940436662749504
1.7944557987420435
1.9786298640586122
1.9791395174252986
2.073640567136071
2.0741822994288497
2.1701571395317902
2.283735376742685
2.28406665537522
2.436189760234839
2.4368545687549483
2.472377210059314
2.4729634282056816
2.5962831022201422
