6.938893903907228e-18
0.0006894299338258969
0.0022041254113900864
0.0032126674626659964
0.0035075606542090063
0.0045973200116982485
0.004931359254074116
0.0062930357482662205
0.006719647698303287
0.00786307101074153
0.008731806177855237
0.010340986886094262
0.010486129579411608
0.012197991419167697
0.013140510373083605
0.01362404787000974
0.014722322627415909
0.015018577814542447
0.015966789541956614
0.016222994242088354
0.017682028427308906
0.018343768186733916
0.01929417401974224
0.019958401204541988
0.02132521543763881
0.02176084586853741
0.02329093422135594
0.024202575585435718
0.02492351532228182
0.02673150564423815
0.026950090162337466
0.027844904342754336
0.028924996020209467
0.029806489638213404
0.0300832252777671
0.031333157976297876
0.03169777381072931
0.03302304788337767
0.033398848626917686
0.0340040318474802
0.035041449532958326
0.03606644287631367
0.03726901951297694
0.0382435258073488
0.0386695326730668
0.03934019762301878
0.04008592339331958
0.041224250355296706
0.04227449385303314
0.04304463944593127
