1.734723475976807e-18
0.0006615102327524099
0.0022968463525083055
0.0035532273167117445
0.004199041679103305
0.005170944556405906
0.005623834804472219
0.0066800728331635004
0.007858112837437056
0.007920802475787801
0.009559564817188402
0.010540698942007291
0.01087446532360819
0.013755228456248368
0.01485523585221951
0.015510586837354503
0.015984678287623698
0.016309600274647278
0.01827260077781301
0.01875208585657869
0.018841460887473217
0.01987596667025767
0.021299314235397653
0.02204848721820611
0.0226220623325378
0.02274071187075745
0.024456298867744336
0.027045059542164386
0.02792754041478588
0.028112240576449475
0.02912203400288426
0.02934422878655476
0.030597638091889853
0.031146405931008418
0.03388444076404826
0.0351205228625094
0.03600601233557588
0.03665914620188512
0.03755364094247356
0.03848480585888396
0.03934618329947481
0.04009416410106984
0.04053797894885217
0.041288727450527384
0.042090996884343944
0.04271050238800072
0.043516254134766764
0.045127174785449115
0.046109414358735896
0.04632941966987533
