1.9081958235744878e-17
0.000928659072200029
0.001487589460065393
0.0017925196998711188
0.002934374281138897
0.0035378739258543224
0.0036967159961761465
0.004243534401789352
0.005863422704687841
0.006187264397270279
0.006522223423463978
0.007315619224008191
0.007744633314007389
0.008398116525616709
0.008615550264664656
0.01052150404893351
0.010981204691335662
0.01178759444576201
0.01195883056740287
0.012524644342989512
0.013362940609845013
0.013586049539626414
0.014863001660586581
0.01537316431785255
0.016161579316363806
0.016456579429654616
0.017520359701053312
0.01811576156108123
0.01884373959034124
0.019709994008190623
0.02053720812092262
0.0210037711635844
0.021550185707646226
0.022328689182289523
0.023049144757842185
0.023502385516386712
0.02401043053974837
0.024314274362050074
0.024801842117772137
0.025642852615426148
0.026420235828954607
0.02772986933791413
0.028360512773701253
0.028817675034900715
0.02960604869308294
0.030319877680384882
0.030732652927206006
0.031263396861011594
0.03191356920830989
0.03265656327214986
