-3.469446951953614e-18
0.0009283441269828455
0.0014883768651476007
0.001796854636511887
0.002934831269346275
0.003538250912187067
0.0036988472891790417
0.004245537468732982
0.005875032807830366
0.006193461838042797
0.006521581721399569
0.007318244759064932
0.007744534098056215
0.008404136363220812
0.008624144519668227
0.01052120973969309
0.01097791279152128
0.01179039363452474
0.011966119749460354
0.0125386523385105
0.013384195373862864
0.013596301541269938
0.014871787635270894
0.015382291596948391
0.0161612191090137
0.01645379933244906
0.017520162445564362
0.01811661701425829
0.018851425360569204
0.01972864081142197
0.020548294519659276
0.021012726453378885
0.021539690193453052
0.02238585245164513
0.02305045826876278
0.023505791081380047
0.02401853706628844
0.024319060088629274
0.024811231923847335
0.025658229634340994
0.026431625371798752
0.027745098233266874
0.02836963949546567
0.02882070361381766
0.02963033855374754
0.03033468716527385
0.03076207575745899
0.03125651152443876
0.03190263000378953
0.03266529448001238
