1.3877787807814457e-17
0.00172968419226306
0.003775917142204103
0.005977603419111922
0.006729374325455303
0.007537594549508744
0.01212689886968261
0.013639153051207368
0.014971778519317617
0.016946988638199545
0.019533556406710666
0.02335127399905801
0.0255836203885526
0.02968781822124692
0.02971728861857903
0.03287476090233899
0.03366649336182559
0.03507506744130338
0.03610234933311055
0.03714520844370152
0.03940476592647401
0.040877594682357105
0.04320635413975273
0.04561598080199064
0.04684671378395691
0.04808648630002934
0.0492171406769332
0.051052206245108575
0.053012412155181286
0.05730866135226221
0.05844484082516218
0.06213659336319461
0.0640556484666351
0.06451720023864638
0.06872094315622919
0.06971318530851858
0.07091694742867892
0.07501621185021237
0.07680347671674197
0.07731068788264911
0.0775280510506903
0.08338657492407932
0.08378342150100353
0.08764121218055328
0.08827719975439702
0.08888589082780804
0.09006023794543239
0.09161267446556509
0.0971584079902846
0.09740011345692637
