0.0
0.009049091523258864
0.009050605654530473
0.03486835609382591
0.034878039782486166
0.0645202454304666
0.07305404481115878
0.07307466820344903
0.07478575004717963
0.07484484783192068
0.07940594351256709
0.09058790261043653
0.09059176163135438
0.09859027133679642
0.09861148022968846
0.12445296698450238
0.12446783022393236
0.12711063672033301
0.12716435814403595
0.1407476665200645
0.14086070626860075
0.18055782374298165
0.18078771736560006
0.19132512381437378
0.19148220021181794
0.1990634518263467
0.19915409123674008
0.25617462306229294
0.25634861191256214
0.2675937579500815
0.2677341473728173
0.27274180278368454
0.27286011106003955
0.28420465060570327
0.2870894072798398
0.29401519208482574
0.2940686445115778
0.2971093842435608
0.29714687317622024
0.3229924726463501
0.32308110573552423
0.32815996899192634
0.32819266510366296
0.3465521852424131
0.34662721549077474
0.3559498512661293
0.3560203518556369
0.3610329307057294
0.36120496085513226
0.3702832893610346
