-1.0408340855860843e-17
0.0011617782471590472
0.0026601748284332608
0.003557087170959976
0.004808784739831484
0.006236450878704629
0.00832025883509799
0.010428197681394658
0.011155259126556702
0.013568226653018206
0.01389631354261408
0.014570082423292196
0.017421249641933104
0.018611673353146098
0.021226543491165338
0.022051542219640174
0.0225022154731404
0.022761487787214436
0.025603837946353437
0.026606282883268752
0.02761850482484543
0.02805537820268207
0.029941448263787876
0.03019881235891881
0.03354894668947475
0.03422102975208799
0.03512978469349499
0.03811056190220372
0.03844777675995453
0.03999226419535717
0.04068580153372257
0.04206908865507872
0.04369177669813694
0.046169681716109
0.04627243603690007
0.04665888382165675
0.047947575317022775
0.04838930500960933
0.050623769618410266
0.0522434536814789
0.05373083471737682
0.05680922922262189
0.05835438238413327
0.06045462177418954
0.06145380048692219
0.06214929949206258
0.06428477714087204
0.06453450473862403
0.06622770809852642
0.06743188217792644
