5.898059818321144e-17
0.006838551266639575
0.013281814699383861
0.014694409602223032
0.026386108125933033
0.02985291419372294
0.031525355713319755
0.03548328576191515
0.04731513940875422
0.05517449268100049
0.06338987544158398
0.0648156401626044
0.07271083435328088
0.07611150366641038
0.08762712712107765
0.09268225759400443
0.09965565102056007
0.10514759335320843
0.1144075558187752
0.11768654935518245
0.1200189775103714
0.12341464819532637
0.13146970069630987
0.1353219248499109
0.14656385630262553
0.15410341760587504
0.1551390604372701
0.15977954207654135
0.16592323718416171
0.17140716083571117
0.18091046443262626
0.18467156202219343
0.1902736837812204
0.19856593001518175
0.21048443481299747
0.21960604870219336
0.220526446179613
0.22397210312567192
0.2286238499887974
0.23601366946456817
0.23700352552185758
0.24461042580944203
0.2504953275759964
0.2537065343267096
0.2559270526698759
0.25989905687167686
0.276869509129075
0.2811201739438916
0.28733892690336366
0.2920860679713887
