-3.469446951953614e-18
0.00022006724144324127
0.0005451374710856109
0.0012371004082260707
0.0014084570625378934
0.0017889750204824802
0.001943182678372967
0.0025287884022341597
0.0027644510699323423
0.0030305596895475358
0.003086422892471843
0.0034565811903321045
0.0037212663073786633
0.004241315312563389
0.0043097009233921
0.004409132379869675
0.004589681988091303
0.004997860826509593
0.005628042830121778
0.005827508240376386
0.006274826362667135
0.006684690903305387
0.007325105456604449
0.007591889430912284
0.007942196793526443
0.008203401993806233
0.008874647680034034
0.009164680238027372
0.009387210445654432
0.009717170006591518
0.010116989316684628
0.01069552138123374
0.010896384631559413
0.011116812533500475
0.011224840431954547
0.011455171175785811
0.011911968944237622
0.012282499340928543
0.012377186261624479
0.01268270231522631
0.0129862228481779
0.013289911303261721
0.013708829852358188
0.014245421653165
0.01445906442768871
0.014733427819065928
0.014957840390883303
0.01525421288049038
0.015935149345818453
0.01600295981284982
