-4.163336342344337e-17
0.000293854032972541
0.0012573642105009365
0.0012579737491262549
0.0015248486867277793
0.002822958184059445
0.003538317194429019
0.003549035067133015
0.004654290599945361
0.0046560620145078
0.005056054210008482
0.005931166471677381
0.005932372942807915
0.006800214533853757
0.006802197233139339
0.007502678542175989
0.00796120595133838
0.007962057980390702
0.009092783622495033
0.009097180663578402
0.010100617646544902
0.01010321560935395
0.010540384053220988
0.011001309203001202
0.011043659582564048
0.012872897453274265
0.01287529499613011
0.014133227416794571
0.014136809287744663
0.014239672522117107
0.0158448344749421
0.01586441176303436
0.01619645275207318
0.016205984635324078
0.01651789998509353
0.016521735828063933
0.018507932486028437
0.0195182698172996
0.01953781975181973
0.019993366564398908
0.019995946240516635
0.020059204848944995
0.02008330653175463
0.022300261865296413
0.022364586759250862
0.023017351618429806
0.023192125633496347
0.023200459538373373
0.023206824970533328
0.023221957591130972
