0.0
0.0011696836950327583
0.001171572653148342
0.001712601802461423
0.0029189894159559193
0.002927869671126482
0.005661353072329291
0.005673238541509579
0.006888274426605763
0.006893506058997063
0.010564187349090958
0.010569844587725164
0.012402742563015453
0.015079519864249142
0.017115609717946643
0.017116918345333867
0.0185812871786638
0.01870305028723173
0.01871526535407065
0.02407454393169039
0.02412597168771976
0.02566752995151446
0.026161955862234444
0.026175517650841237
0.030041913080120497
0.030058063056364277
0.030146316567230186
0.03039607192083657
0.03044409208068065
0.03609897506435466
0.036147573436683116
0.03896449562879039
0.03900050393594956
0.04277554734104205
0.04482530160042633
0.04488642619703005
0.04636427360921574
0.04649524577114421
0.05332146883731364
0.05447950100360845
0.05459446317976497
0.055507154232240584
0.06329581565069227
0.06340610888046881
0.06712399554977451
0.06732353504530349
0.06847384356770352
0.06852040768728153
0.0712521975427959
0.0741264556064954
