2.6020852139652106e-17
0.0013642551499687215
0.006629935648342985
0.016253656721472977
0.028317432733512178
0.03084157838750331
0.04105216410145465
0.059336680864870574
0.08360459208779909
0.1097201014423435
0.11297692306830846
0.1300937719311545
0.15677055393703623
0.17011504996840277
0.18033057202030686
0.181617326159901
0.18467208252641024
0.18723337403678045
0.1907400193220967
0.1986949819400327
0.19985741814787256
0.2045165305186118
0.21214480263123045
0.21427634957532363
0.21587958154980802
0.2227878900315285
0.22835959411617965
0.22840255864606598
0.23593174726637878
0.23903378433785918
0.24676652954224465
0.25109058826630376
0.27252518743654386
0.2742390866438893
0.2798928829106584
0.30036393161358466
0.30226301065652755
0.3144059346431895
0.3161653707083775
0.33138608850526735
0.34176536427351045
0.34610291043167657
0.3516164743476843
0.36436541914487747
0.37072454770200863
0.3759113616312672
0.40210628718839386
0.40766324481922983
0.4099652658169785
0.4405039617179952
