-5.724587470723463e-17
1.135184411360686e-05
5.441309960588399e-05
0.0001371817873229257
0.0002620788056641142
0.000430076529525536
0.0006420078658993036
0.0008992061310760732
0.0011997035014274238
0.0015461854610126918
0.001937779291077725
0.002376146305174123
0.002860439068645285
0.003389731243347344
0.003965236990138328
0.004586857189227555
0.005255502805464586
0.00596518587282451
0.0067235258556751516
0.007527623916996793
0.008378985266277861
0.00927448121064355
0.010215392915135972
0.011201773643129112
0.01223622094277709
0.013311987973745379
0.01443280793624688
0.0155822402366922
0.0167531330703712
0.01756570075682324
0.018216296870941104
0.019436644732525148
0.02077852078175778
0.02216670978895772
0.023610221364762193
0.02510070852571246
0.026620649624780397
0.02817949977921263
0.02977294954518634
0.031350492867899024
0.032786845139636714
0.03387280712551218
0.03526696386314421
0.03696605632005249
0.03878149430359023
0.04065696551056511
0.04256897681177135
0.04452365278278401
0.046471112251882975
0.04833196430328147
