-5.204170427930421e-18
0.0005130145195689894
0.0005137163392553955
0.0010616781629390216
0.0010622629790581362
0.001896140404780082
0.0023730389994981605
0.002375696405195655
0.0023821554998740366
0.0028472498918658516
0.0028478862162777552
0.005047041412009592
0.005047951178593114
0.007009649940958167
0.007020625675155852
0.010256144160308239
0.011249837159319266
0.011260984151179982
0.011987042122259381
0.012219846052425402
0.012250921194544817
0.015866015229576202
0.0162173718076042
0.016231856918854162
0.018147723725675594
0.018166032052606952
0.02140953743863161
0.021977831993505927
0.022019553216281545
0.02469729342141737
0.024704463594997506
0.030220671975617418
0.03025829637555704
0.03168966460647905
0.03453965500305065
0.03455638228177468
0.04081209785015039
0.04083359561778448
0.04300977826050587
0.043679308372906636
0.04577602439313595
0.04583092885608874
0.04640001067803347
0.049632072175760204
0.049680442964678155
0.05218137859411181
0.05224436908172168
0.053738159109107585
0.05500571541903223
0.05507155134848688
