-5.204170427930421e-18
0.0010991143769441842
0.0018926652152288278
0.0018938106207628987
0.0028000669943916787
0.005277278340109052
0.005287902115446601
0.0059218176838800925
0.010441638660588235
0.010460454180118482
0.011392761767813236
0.011422664284202655
0.01222615810761721
0.016711181728441646
0.016732471972214495
0.016984585585685316
0.017053227811595538
0.01964715705055734
0.022488467059285026
0.022496814361607012
0.02450728065078165
0.024522274896314103
0.026901827391719542
0.026920584671193376
0.031245612541017376
0.03131771419724254
0.031374855235452866
0.032268378842638994
0.03429879230625769
0.034529800531988834
0.03676425317559915
0.03679501498745705
0.041424715264523286
0.041469672001464244
0.04192289537230706
0.04196058408162566
0.04207807886675293
0.04290187212386701
0.043036921581308396
0.04500126111191519
0.045181148902546875
0.045225731462745666
0.05124774300168133
0.05175458486474432
0.05289690270509017
0.05293450492381196
0.053126184665179356
0.054105557336305586
0.05418341334310974
0.05908260164464423
