1.214306433183765e-17
0.001648115297972522
0.0016516861370414644
0.002500139176887616
0.0038489622466792005
0.0038604573733907795
0.007097100301112642
0.007105017207228193
0.008329410107369163
0.008343095525223195
0.010815863749468418
0.010836258029367453
0.012869969747489702
0.013171488627523332
0.015273184302870202
0.015315835705772477
0.016733045678528374
0.016765736810699296
0.017754741470448747
0.017825593450271827
0.018351686936151204
0.018412246588776673
0.018459350768978068
0.018793098747238376
0.021271212395139107
0.021296589460743302
0.02825541552995483
0.02826970653135811
0.029830168658831452
0.032241276620316825
0.033477626756212346
0.033517832764940456
0.03651371247313325
0.03658237857512741
0.03968018691710063
0.03974052032821651
0.045087617292512254
0.04715688272760796
0.04724373271496102
0.04936722376046886
0.04944742752809915
0.05022540761732055
0.05032281931956216
0.059030602461879696
0.060187630878592586
0.06030939269689329
0.06693822099282976
0.06703818888359471
0.06874963093520019
0.06878560733899029
