-1.214306433183765e-17
0.0008993264296360444
0.0009009214633610551
0.0010941790015736516
0.0022578975567962654
0.0022610375691365075
0.0037578505932307753
0.00436532745677568
0.004367378560370784
0.006302644875394637
0.006345713691509601
0.006349544903574781
0.010433920488440758
0.010445652332391536
0.010458337232078044
0.012014859298981011
0.013398185766917823
0.013424539917444816
0.016265158018626547
0.016278412289580872
0.01768349251598173
0.018897925320080194
0.022050969498429177
0.022056599358239858
0.023791644963678277
0.02382934569180447
0.026667173410341326
0.029301833363592364
0.029327495288454963
0.03552566418765258
0.0356258462567177
0.03578477730788054
0.0358426524713961
0.039699243951462945
0.04319521642392873
0.04444963867915284
0.04477996237094655
0.04482086086339873
0.048794483238770725
0.052203496199399554
0.05224568025765718
0.052489852104741844
0.0525337215617803
0.057661734465175855
0.05767777034339867
0.06028762983738178
0.06031896672363377
0.06387471284674504
0.06395630034535112
0.06561154675498032
