1.0408340855860843e-17
0.0005385312118199748
0.0006128995363886974
0.0006134652021957052
0.001958391102272328
0.002016522268269129
0.002017232526423135
0.00283942656893736
0.0030759132451845007
0.0030804054297084212
0.0040420113039244185
0.0040485373649600045
0.004402178098541343
0.004406982655646515
0.004497937779601844
0.00456982810359801
0.004570351227544957
0.006483042761475441
0.006485657491222456
0.0065405952581609385
0.006543368713261057
0.006772893027520129
0.007104460691160315
0.007173836100352897
0.009244616012845172
0.009258952879335277
0.009579096089541108
0.009620912173287923
0.009626518946029594
0.01006663076838151
0.01084868647517809
0.01085652209499379
0.011300210292115599
0.011898107718884747
0.011915374574444018
0.012361775990219178
0.01237354963802882
0.01325575793060907
0.013265344788667833
0.01384485779634576
0.013847656932198573
0.014177064041746698
0.014764693783546763
0.015372227991874458
0.015387391892690996
0.01578369300102974
0.01578977439218434
0.015880107268137267
0.015893029290338916
0.015942020706822088
