-5.204170427930421e-18
0.0003160908294638897
0.00031631497185971233
0.00047625116008447564
0.0020400306301036307
0.002170788460365376
0.002506751953688763
0.002508504661281139
0.0031801544999273765
0.003822797944448753
0.0038253789526885053
0.004323258353071896
0.008335996088106644
0.008817153531273466
0.009962936313287282
0.009969397901389057
0.01138817083560681
0.01139120849214985
0.011488741275654567
0.012483012039165043
0.012496209063323877
0.012812679685360996
0.014894429774202312
0.014899814539960752
0.017699823123189448
0.01770394537486962
0.018686535196257438
0.01929860023450993
0.020886044244075544
0.02089141440102279
0.02354199989715567
0.023547430850059517
0.024352220518827794
0.024523782805967634
0.024535402435785635
0.0263039598009311
0.026312336435656045
0.02634503939416105
0.02989709674106243
0.029904787299208778
0.031149776995442732
0.03198136188124151
0.031990669306985
0.03200992733556739
0.03252948381112611
0.032548332947196
0.03286582843707094
0.03382565292816167
0.034134647704545606
0.0341443876199081
