3.469446951953614e-17
0.000963419448268785
0.001066417554072158
0.002238658667503543
0.0025419001794310028
0.003207086071919522
0.0035942799664018168
0.0038794666074134804
0.004161807396426924
0.004864605652273922
0.005000306165247773
0.005749583539970652
0.006032051880075074
0.0063744495550191235
0.006689417047868481
0.00858692706973845
0.008899198829071813
0.008979571396389921
0.009484368064660678
0.00975862860232699
0.011340672661263441
0.012640496322574744
0.012888714172525626
0.01290111737347135
0.01317852396823825
0.013453441165960674
0.013925729003075813
0.014068873751672076
0.01541791365299139
0.01552947072709675
0.01625298880890773
0.016529836163686133
0.01900969760574414
0.01920473451989927
0.019409480589239587
0.01975181715386777
0.019898296643787006
0.020521137397909603
0.020591513903419532
0.020811726722667297
0.021737263851127314
0.02198549679177024
0.022393934090310437
0.02344289690823955
0.024471377912939365
0.025843497517918944
0.02608621871116667
0.02645764351022454
0.02679731658602865
0.02789535540819784
