3.469446951953614e-18
0.008450699974779477
0.01185337920796693
0.01766489378855613
0.02399422088564933
0.02427635283184138
0.04447143793006594
0.05075478366477164
0.052176704836657095
0.057337104323692205
0.059179440831169945
0.08031342244435194
0.08814618836256367
0.09288236144216411
0.10285084947267667
0.10338168912038231
0.11053113116700868
0.11483590706458822
0.12673293511336584
0.13745588613081064
0.13811866072734902
0.14400837930898092
0.14573868979414742
0.16522238381191406
0.1703239092283414
0.17510705283245773
0.17821459890047978
0.18077749013424033
0.1877882675332121
0.19227153258031063
0.19625689722850662
0.1992776251158064
0.20306638465676577
0.21404522403239576
0.2231576046495885
0.23093218425412812
0.24070783086879655
0.24683468301719252
0.25227650115672245
0.2654590461286116
0.2677099686293483
0.28155722734517585
0.2824641676542404
0.2894501658111635
0.29049919874149766
0.2985560599217056
0.3008682262942823
0.31572899835839024
0.3170393811956132
0.3293947672484896
