-1.734723475976807e-18
0.009912494774867857
0.016669575529495932
0.017888772219700595
0.028459548561213535
0.03318510061322108
0.043676643170108206
0.048463014773111594
0.05606073350197354
0.056800076821382724
0.061177228065487886
0.08071084276287234
0.08451214464331148
0.09981728474612044
0.10183478410628198
0.10669879099973993
0.11272031659898538
0.11348479161964115
0.13564403385568738
0.1397504681164768
0.1441726440722374
0.15442417488139587
0.15502067788452173
0.17417585650447537
0.17488867034117034
0.1896731273744743
0.1908267862071082
0.19603513136988074
0.20409335430619624
0.20739687021330577
0.22558435074664276
0.22669554631848182
0.22966023061789798
0.23868661501335528
0.26339106799121653
0.26422135557596904
0.2669736802765776
0.2785234569755322
0.28105959681832104
0.28773677784165136
0.28870558433850674
0.30073049063327145
0.30317057755712107
0.30422312945314356
0.3092666503729928
0.34451818552944086
0.34789045198531854
0.3529929170509143
0.3537604173095954
0.36139267687093823
