1.3877787807814457e-17
0.002401041077980519
0.0024047639879095535
0.0064607186083702525
0.006747831838636366
0.006758126273211528
0.011810587634298117
0.011824904140827751
0.012663772448182535
0.012680063570705459
0.02196099922487143
0.02203247156895065
0.024807160249335526
0.02482242631389983
0.02822569444270038
0.03334279676672701
0.03339619032830417
0.03456247492527401
0.040393407557093114
0.040426868016412564
0.04531055472542498
0.046910835111756845
0.04703084389794877
0.04736225606623855
0.05962137189550291
0.05974728371206912
0.0706821820849633
0.07075147490690502
0.0833355758702874
0.08631956216632837
0.08634738158021346
0.09232483709129084
0.09237416313524725
0.09489945788869107
0.09499308218356861
0.09502728540902582
0.09679505806045094
0.09715614880915034
0.09725416955328742
0.10089797504874001
0.10104295381673803
0.10833339095657944
0.10856095224349438
0.10885249500718094
0.10903625761055843
0.1095739012585131
0.11002164645702468
0.1101067331366534
0.11151791922480742
0.11155796543167358
