-5.204170427930421e-18
0.0005038578047173985
0.0011608381482053152
0.0027963826950533933
0.004095082923312631
0.0066796634882253045
0.007550888447463324
0.010632913978087974
0.012992634270275255
0.014869577284172463
0.015203635407782133
0.01730292400974892
0.018688536487787885
0.02114645538656809
0.022414935630403476
0.025157708063753385
0.026728530343466457
0.027347829719013478
0.028889338093411494
0.02961492869399033
0.03215574979718495
0.032984639432758055
0.035029933444092616
0.036538422873810025
0.038111767384936955
0.03946052719926103
0.04203605394038792
0.044116218524758846
0.04466176897912328
0.04579192876241186
0.04678034485987199
0.050586527524807474
0.05103313601132153
0.052538624113618405
0.052834188428344635
0.05367278360039728
0.05758122004758385
0.058307536154134594
0.06121532274897091
0.06395445437504718
0.06492717942135119
0.06666170961278682
0.06811341326863549
0.07081730398751852
0.07141964931685432
0.07510499088242062
0.07637970034416337
0.07984412883803196
0.08208926483389574
0.08433878778195462
