5.204170427930421e-18
0.0002462066677988966
0.0008671027997552913
0.0020751392124676443
0.0026897755611657546
0.005528536427954877
0.006568729902931824
0.009176192414077149
0.011279266507290215
0.013474888741448707
0.014868314147149684
0.017276065072949556
0.01748997481583591
0.017898708886139536
0.019270365745950063
0.020085663342861743
0.020202203833559952
0.02128760714069368
0.021302791937697352
0.021919589111809905
0.023762904993554664
0.02394913744744708
0.025096697465218733
0.026279473539559194
0.027288460332418434
0.028200814353552026
0.02823302099257094
0.02982297460164745
0.031801904733132984
0.033060321739685664
0.033705547854186835
0.034220534555466295
0.03688862485695473
0.037885594581310314
0.039336360901512483
0.04086334735317526
0.04235914916415547
0.043528937549427556
0.04576085019150009
0.04663118617061003
0.04764370436833772
0.05072875760761108
0.05074796156481826
0.05274851322279266
0.05437801455116014
0.055957596233107885
0.05738851571835831
0.057538367557152324
0.061108074316134124
0.06264429313068069
