7.45931094670027e-17
0.006608029053106845
0.011151362282557952
0.016321701200733577
0.03826591841535774
0.04424475503960158
0.0513313761692683
0.058654635311987606
0.06650417986467079
0.07695774886738643
0.0811714253069205
0.0871501936858776
0.09759120647053386
0.10536936256869213
0.11159815477446072
0.12070486796745063
0.12597546467692877
0.1414812482438004
0.14713443771912782
0.15686842928561592
0.16197816936383228
0.16356065488547678
0.17926823834118177
0.18544837560815625
0.19791568447455435
0.20738289419138894
0.21477930185836264
0.23078064079655855
0.23547543532950835
0.2529854157316484
0.2669475896847273
0.2705072184425881
0.2750456992873198
0.2834391482222257
0.2862561418990731
0.2932212573968288
0.29857043778912196
0.3021720057059623
0.3089648451304477
0.31574533684487766
0.3269927542313019
0.3316567251954413
0.3363279896737971
0.3477087453111655
0.3542340846220554
0.3645121767179292
0.38179737209870496
0.3873937972211543
0.3951602183923658
0.4141884342522664
