-5.0306980803327406e-17
0.004407329431202584
0.011852556487777327
0.016734586172240766
0.02535384338958887
0.035466238086003216
0.03920627912522505
0.042092659047891355
0.051261232143817614
0.0715574599070856
0.0724784475257922
0.08196926558836744
0.09551139831330493
0.09841729839689989
0.10359763344999222
0.1141373828939578
0.11825489262848228
0.1264120563446018
0.12740882966399375
0.1294047644344666
0.1550680999975902
0.1679720430575654
0.17893681516980364
0.1809220648867561
0.19621462392689942
0.19681014862002347
0.2145185392646841
0.22515680770567265
0.23502901623152142
0.2551946428354693
0.25648456759203303
0.26366552200134186
0.26991334589092364
0.27000850230074624
0.2762811712919643
0.27790257042536
0.2856346949575262
0.28971495377718604
0.3059465757696183
0.30934912630034145
0.31839784448132075
0.322793137267567
0.32810740558188595
0.3480206695768352
0.34958494073271396
0.35566394142968966
0.3646136183942562
0.3663540184879733
0.3740284916321862
0.3807982387058137
