4.163336342344337e-17
0.00809182839483522
0.012739503128782094
0.022292121507442635
0.02796372873246218
0.03926519049875609
0.055543475525977666
0.07067233523180998
0.07071496295497319
0.07397868792510189
0.09052658512481512
0.09169266244553771
0.10167292812062577
0.1037293353984834
0.114476193812954
0.12542579589961658
0.13045156607726036
0.13369517515805357
0.1346003479930486
0.1474948624208367
0.16082133281112193
0.16965123496268447
0.18016772790725197
0.1854500310607277
0.19566002870436572
0.20181758001339292
0.22698004261152901
0.23515499942407844
0.2398968336265392
0.24457719532882383
0.2622731067201893
0.264237720032059
0.26984433451490425
0.27875581987306025
0.2825567342062188
0.28436236961795086
0.29532952976106525
0.30329124879875013
0.30554179004383514
0.31764868787430867
0.31927361173786684
0.32910221796735123
0.3380736528785779
0.340212786343705
0.3632632169487046
0.3687155919540074
0.3737180344545972
0.3834302607331441
0.3870682080418179
0.39319259926006617
