8.673617379884035e-18
0.007431440002582992
0.007435878506911979
0.007436381360354008
0.011269732389250919
0.017765641916631915
0.017779086480666652
0.02351553234785147
0.023534453214826938
0.031151767544623295
0.03728016421593365
0.03731429827983774
0.038437877073240895
0.03845750698156432
0.038898894929305254
0.04871666975567545
0.04874079904279028
0.06260507274087608
0.0626538052585507
0.0649960850436966
0.06500500581292756
0.06630781677548157
0.06633774209114157
0.07577010538005259
0.07683934542550064
0.083171072400901
0.08325215873550537
0.09380284707780279
0.09382607646137027
0.09406527119993928
0.09408557203901502
0.0984581747961073
0.0985132247476126
0.1012603871239418
0.10135706740219226
0.12655930469423382
0.12656613946656406
0.12697214581653343
0.12704371808403062
0.12858399507738244
0.12936157969610187
0.12941540783833594
0.1327129823746077
0.13282755028848883
0.1352268126457843
0.13528449135964893
0.13879361570596171
0.13887347297973945
0.14049538302189535
0.14638638742355606
