-5.551115123125783e-17
0.0002551851195995679
0.001358007957663946
0.002549436552264646
0.004229441577266135
0.006801379285139577
0.007228715401471018
0.00800001681445201
0.008788132641180993
0.009168406632017486
0.011440891199404139
0.013998292293877437
0.014273091962179038
0.014958374829073804
0.015719192882951642
0.016747236008497667
0.017053146493258613
0.017814286378301333
0.01884930727463434
0.019265943778315857
0.021282721652161073
0.022115177615431164
0.022706452635605064
0.024415097281960466
0.02629499834542863
0.026646528068381657
0.027106710259158513
0.028368280977746227
0.029705985138364248
0.030006007217318206
0.03188041658890836
0.03303972556470519
0.0332587983669713
0.03585499081187884
0.03671931531383791
0.03801473358525036
0.038772560722408804
0.040711533645717966
0.04300649016764214
0.04336211428027441
0.04534982054018683
0.048443082425578904
0.048894951537562195
0.050513759073982645
0.05247645995533555
0.05250862100618942
0.05368471627507083
0.05474487790458974
0.05493907024683129
0.05632763323184443
