1.214306433183765e-17
0.0009511540364980121
0.0010460914792956716
0.0038616131927555336
0.007001675511504468
0.008415486324305289
0.008550461982793035
0.008950564474209296
0.013441309294566774
0.014394470782131437
0.015431001863957081
0.020323436720734105
0.022632883907466095
0.02298505225668058
0.024271776957448296
0.02448594839164578
0.026611295673272577
0.026701004554429364
0.02785539260170964
0.02854921402527289
0.0289874358907488
0.030907517299835333
0.031659731022183335
0.03378445158316691
0.03454784648200108
0.035920932074493477
0.037047314027809974
0.037579404735437416
0.04109061235868446
0.04248545230835611
0.04391994279695129
0.04565673041181003
0.04727398571701619
0.05195971341471778
0.05278953959556754
0.05357618141562185
0.05379421736793213
0.05835965210931126
0.060685221277156164
0.060996881948902244
0.06155050886340271
0.0632337518924463
0.06504309304175937
0.06623448933552104
0.06631940366316497
0.06790707252801083
0.06827645724469336
0.07543599850866997
0.07617724477767533
0.07767434793185496
