1.734723475976807e-18
0.0005936073933022635
0.001342079638240316
0.002767818908710801
0.002982923148616227
0.004332341792032995
0.004363240169088638
0.005873726769624601
0.0067880978387559205
0.007654747657689106
0.00863750711038483
0.009272149938355867
0.009931456833217044
0.010884699750376961
0.012112769960814727
0.013138605900125935
0.013552317699618727
0.014043341158033013
0.015184852323882206
0.016522985833068472
0.017328995629329658
0.017861613808898176
0.018230269990856286
0.020901967029880633
0.02123697156276346
0.022011690975930497
0.02242343217160459
0.023381558764658104
0.02397476408578776
0.025266229103322164
0.025987695925375885
0.026970600023708727
0.0276059204837715
0.027913291918373703
0.029578783324004973
0.030319597133471855
0.030873543087504472
0.0314067268027694
0.03283650480735784
0.03363207589292852
0.03538939235350804
0.03640797254446386
0.036869052905010656
0.03772364260699212
0.03868667319393015
0.03885876982490421
0.04148101157015963
0.04199640629039579
0.04241555328316547
0.043236955024398956
