8.673617379884035e-18
0.0002822067267952144
0.0007132422841055735
0.0015603128521611258
0.002450383920746358
0.002977312397854851
0.003914189447331693
0.004151727044170075
0.005027458937016364
0.006491674746834581
0.006735314430945093
0.007244085851291325
0.007334134093050783
0.007475041109841143
0.009021187437349145
0.009977769382352659
0.010320426655813035
0.011220337504544422
0.011752536382216761
0.012165362145508217
0.013627396019247574
0.013981105843384007
0.014473088842962853
0.01480637592165448
0.015282582002366438
0.016363680308348817
0.01737551141300738
0.01820380226138047
0.019231536094080764
0.019375987109208577
0.019481922944775312
0.020300174165877816
0.021505716622039046
0.022227971317408293
0.022587010261044954
0.023301768368392477
0.023514064777009513
0.023894462735516847
0.025090390843624542
0.0255044216817144
0.02688202116273577
0.027712418564805365
0.027988257629152545
0.02892519625846563
0.029110535477500282
0.0293919474137909
0.029766412721193847
0.031065206665078872
0.03256438386107457
0.032761251187693144
