0.0
0.0028466867329898417
0.005751073417129963
0.007881260392096518
0.010519471989700031
0.011838258719486227
0.01441570551636784
0.01867969757255191
0.021847527023037862
0.023504705625325806
0.02485509694381987
0.026745175932063645
0.029937093362630125
0.0335348053698906
0.035806534775252995
0.037703438815091285
0.039814261216386336
0.04126033933332672
0.044012842387841394
0.04691592369059127
0.049700892274433146
0.051543898109270424
0.054034401186866164
0.057415243152148514
0.0594900007208479
0.06343756028824866
0.06454227809157569
0.0675190406680297
0.07026646144225815
0.07131479443113983
0.07468226592856475
0.07662149084833218
0.07924669798685531
0.0816656261536981
0.0823581100022782
0.08442652139987074
0.08672791302028099
0.08962026813744105
0.09474278612078917
0.09705864040464947
0.10039229535922486
0.1023290251254861
0.10351623991794465
0.10490403658333651
0.10782977644900783
0.11043395027318281
0.1133963474553317
0.11579651220445751
0.11853548490515946
0.12076954033515787
