2.6020852139652106e-17
0.0029431306318834956
0.005933062060482679
0.008874971906129988
0.0107600752316269
0.012044314326549005
0.016444982338318842
0.019095971501621928
0.022976400568491887
0.023962217239052543
0.02714195155046545
0.028484886667297996
0.03104530278518472
0.03552745986299313
0.03821131892479456
0.03988600325701239
0.04060160254786579
0.046221460223339755
0.048647676721943735
0.05266520963328824
0.05303924791793841
0.0557509931711845
0.05737313099119016
0.060609852880965105
0.06295510216137845
0.06322911535000435
0.0684754217328676
0.07282188561522511
0.07510935552308015
0.07572295445575591
0.0788544900608191
0.08155297645556937
0.08257402384045075
0.08607824174680606
0.09021686856402546
0.09090368029432384
0.09503849189677485
0.09698154147171752
0.09938328080435421
0.10268653879819375
0.105618346255143
0.10647081117944197
0.10851435867291158
0.111395068955491
0.11754622030007232
0.11855884105806579
0.12386564841805549
0.1259901908677348
0.12763819339152538
0.1313064874371139
