-1.214306433183765e-17
0.004849029650847415
0.004871541712710143
0.010363009515959714
0.013200208440062448
0.013252534854774583
0.016320325089161536
0.019074751829952552
0.019312328407298678
0.026579126198909453
0.02712682415378484
0.03212871506266149
0.03231497986636998
0.03749463829548698
0.0380666309307134
0.03835192886381187
0.04087726865388453
0.040917082016596655
0.05359104351050913
0.054728131730330205
0.05601333296025696
0.0572602044468486
0.058783797531043104
0.0602639139762803
0.06262838427623886
0.06440117620896281
0.07353505795250857
0.07787667015312709
0.07902621771216459
0.08260960208525128
0.0828308887429572
0.08300847439294745
0.08352792149811086
0.08988939005811232
0.09205786337236868
0.0934315774817778
0.09482608206840241
0.10170856356420453
0.10554949770658005
0.10946822420829468
0.11524745077110422
0.11589823736131323
0.11770148652030775
0.1187638694418748
0.1198785681103549
0.12239733627182868
0.1266450862221045
0.12745253688735206
0.1296087381075004
0.13042259142342794
