5.204170427930421e-18
0.0021509557965725904
0.002152891470770033
0.00823326606048025
0.008238426662639005
0.01988986438252839
0.0198936164166797
0.03237562433625396
0.03238334522044891
0.04122525318275171
0.06204166216470804
0.06849000421022759
0.06850511099487021
0.07391746377561914
0.07400614570370215
0.0859003291618081
0.09250467800373247
0.0925253554559985
0.10671917261727232
0.10886762807862943
0.10896283987431442
0.11094750449697299
0.11104206785122492
0.11465834380710413
0.11471166651427339
0.11731159409570661
0.11738398030121107
0.12817531271901542
0.12823021360446393
0.13161094850462085
0.13165484088029228
0.13686568547670333
0.1368837843728626
0.14022745239766385
0.14648522445203174
0.14656544314941888
0.15941624662743964
0.16295345344220577
0.16297259096244596
0.16326549465397264
0.17178245331987307
0.17578010195366983
0.17592943307026654
0.17917040976862583
0.18364325788065602
0.1840976045729252
0.1926828376363429
0.19275688612186825
0.19664567037485803
0.1967759745954754
