1.0408340855860843e-17
0.00030138949766051783
0.0004291187712718615
0.00045775589704387734
0.0011478546379354044
0.0013788091088586148
0.0020463508575950234
0.0033265767582109865
0.009663986493337046
0.009703084154394212
0.009943499989490094
0.009950279679369638
0.010019380529008371
0.010043373635233858
0.010059809428444777
0.010839408198531858
0.011565156744968013
0.011936744746118581
0.013017706818482308
0.013844507895385038
0.014032734495750583
0.015617168587071581
0.016999630921259105
0.017333302923239396
0.018493594227052594
0.018604649847266147
0.018640701820572037
0.018664312748413223
0.0187627075467572
0.01885403603444697
0.01891149900165392
0.018934163113510795
0.020907210174213667
0.023472826923704927
0.02375208518587315
0.025049597673806163
0.02738539109747347
0.030107416673510697
0.03169906790346293
0.03682498640904575
0.0372384778154877
0.037323731180796085
0.037394192136320906
0.03743778403940101
0.03763828800403325
0.03773943441197833
0.03789458276702582
0.03821886477949636
0.04014494221237795
0.04076192631043007
