1.3877787807814457e-17
0.006801173516329967
0.006809337021933768
0.02453463359561734
0.024545988166789698
0.048291589306496914
0.04947009009527706
0.04949685302957941
0.050566949356674926
0.055669029757702874
0.0558229027496055
0.06061386585731362
0.060900788330025844
0.07674173194951561
0.07684256654443429
0.08074434543839719
0.08079548188594556
0.09222268488959585
0.09245545926362905
0.10990676311144994
0.10996233535071698
0.11858514997981139
0.11862619353944652
0.14567023313815833
0.14588243918266974
0.15306479508094958
0.1531330156859557
0.16306240829344176
0.16316451412946947
0.18931679662358034
0.19487878710021725
0.19902143488491122
0.20092580250081088
0.2044792140385957
0.20454738818587406
0.20464686182929195
0.2064885430629799
0.21426217125506342
0.21431848653775123
0.21452016128251633
0.21476244890442556
0.22432730098716655
0.22481282163843833
0.2300115116035032
0.23057847048375157
0.2631440682118718
0.26322536644365857
0.26770750390972825
0.2677674252887109
0.2720165334420576
