-5.204170427930421e-18
0.0016619939057555023
0.0017252951462439058
0.0037719160933594714
0.004020200389764871
0.0046946519916824195
0.0066760397284257745
0.006910894531949917
0.00869620023221186
0.009221633022051546
0.010489995542185928
0.011515740126854792
0.013897253364064116
0.014163641306304516
0.015201097618036825
0.01744833035245301
0.01857791308907751
0.0190866132661221
0.019260460061022146
0.019693158563005776
0.020926961804430655
0.022062847681644585
0.022718039536966557
0.02549994440625647
0.02601406106360428
0.026757235757716942
0.02860698681703576
0.029309013784797153
0.032370846217958694
0.03316724826219128
0.0339541676015793
0.036023626659212736
0.036229648761447054
0.03695079793798206
0.037308814930204194
0.03794266823580452
0.03917859010679004
0.03998044629712261
0.04114441076887231
0.04152487232724302
0.04240525032208031
0.04359632919505137
0.04845062977631788
0.04950247839730842
0.04978673445121914
0.05042125221809393
0.05124046460418
0.05247611154032731
0.05389892080376336
0.055365972355182806
