-1.214306433183765e-17
4.766705537266082e-05
0.00012638287495406186
0.00023638784923956171
0.0005897145897335466
0.0007369146851386732
0.0011067273834429042
0.0011108138903547522
0.0012336672208779903
0.0025186126609591884
0.002602310406150247
0.0027783235758280164
0.0033216060470380344
0.003347150542664202
0.004787183136599763
0.004815048952756572
0.005133676368858647
0.0062100818760377815
0.007016407173909391
0.008071862586357453
0.008088584246963333
0.009000184800916489
0.011130857709214839
0.011162357501503349
0.011728103337230065
0.01197168182235731
0.012894251988915648
0.013273624991451153
0.013280851862783645
0.014826836095466053
0.01594695740536347
0.016284292383163923
0.0177665456421625
0.01886421875390993
0.020773023367174293
0.02125637860047186
0.021295379215362342
0.02330853561635004
0.02358463609953007
0.024297426478219662
0.0255131262086081
0.025605900813498568
0.0301017817443957
0.030229005388632893
0.031117842731722675
0.03310151064442598
0.03328481734284702
0.035510898862632145
0.035646865079992894
0.03645886161556363
