5.204170427930421e-18
0.0006955135318770893
0.0007574175511269269
0.0008603125770421296
0.0017949732251972862
0.0020066519510483286
0.002450736028486021
0.0026362709701159975
0.002991006123363407
0.0031591952175578503
0.0038649483613629586
0.004494290320534432
0.004506047673580581
0.004883850515121108
0.005279615368426343
0.005337459367398661
0.0059280571045265944
0.0066804714653329305
0.00711063515381616
0.007358663224445719
0.007679212804710492
0.008190197110802227
0.008659149439401609
0.008707985518110405
0.009406347089475625
0.00966180714161244
0.010006630378486545
0.010183920230278675
0.011062920850374929
0.011166850073069062
0.011362683721948956
0.011962549124022339
0.01241425709440166
0.013167938438065465
0.013445490289152364
0.013874932504987956
0.013894495236038857
0.01429469918459667
0.014939236625496908
0.015236926807411693
0.015957150386060874
0.0160600709151813
0.01638753656649268
0.01668010444777404
0.017024812554221627
0.017183414931537883
0.017991102985987432
0.018163179628915706
0.018896550509010256
0.019293146309310748
