5.204170427930421e-18
0.002714088101873192
0.0029784127170828355
0.0031097134004190435
0.003676693658418037
0.00667866808877768
0.0068599593218019225
0.009148762443170795
0.009334527207452955
0.010526634896012165
0.010840817427189628
0.01205335203053875
0.013359070180739565
0.016408197958256286
0.016818299147424026
0.017361985174463072
0.017596745940335355
0.01775764129522521
0.0181053696203448
0.01952288675723226
0.01997145959345982
0.024080013964262167
0.024871348829392737
0.02696689996142311
0.027969598554930558
0.02853445813095691
0.029691895767907754
0.031791569965967936
0.031854168120357504
0.03255920581737523
0.033327476591562835
0.03378361396307702
0.03399924990568925
0.03448523878820494
0.03515541376330903
0.03907528127787253
0.03945500031863366
0.03987580041806685
0.04132803006111534
0.04154633400281388
0.04219985286722549
0.048255763572456645
0.0486458698224295
0.04962964756463726
0.04999535542623097
0.0506775659515106
0.05084322362351884
0.0525522332408575
0.05351796892219444
0.053713918723983185
