-6.938893903907228e-18
0.0015581186895592038
0.002175395135029916
0.002590005501248648
0.00427602287157583
0.0047305202536683
0.006100725003614029
0.00675277731179892
0.008796616523908821
0.009970032626975404
0.010104748509335492
0.01272057212179324
0.01340376463496294
0.015535250081649297
0.015746558062959513
0.01756544736641618
0.019029741089864917
0.019082822328971946
0.022000258581699954
0.0225090747488293
0.023147056573181703
0.023767147248036163
0.02483536181081982
0.026307991886417997
0.027599379760990923
0.029074497811627596
0.030442152559743814
0.0314730010939978
0.0334215979942177
0.03343627025381449
0.03615315132810394
0.03689928772780702
0.036919347069027
0.03806500555295743
0.04098063270983263
0.041214817473865704
0.04247492050363905
0.04287885265085324
0.04416905553394002
0.04479487818858447
0.04529238905013007
0.047534977905227135
0.04835481128804354
0.05068518422090524
0.0517897415693303
0.052242578583436235
0.05356647722455205
0.053762420262066686
0.05485545628238404
0.05600743980410227
