2.7755575615628914e-17
0.0037579745530156115
0.010254796055788723
0.011811265716246943
0.014750564785841419
0.018131362502196158
0.024887987844220902
0.02789443264563613
0.037676237765696806
0.042289899527563575
0.04379714625994382
0.04720756929497454
0.052677587747963196
0.054477510797308705
0.060107261874192096
0.06617569580833702
0.06884111322101713
0.07229025279126472
0.07898773067851912
0.08125690926063445
0.08829277651380855
0.0916564396551099
0.09551637192884949
0.09894507693372123
0.10064640197943553
0.10370286326981978
0.10753536381182391
0.1133824084914243
0.11964796153223155
0.1246905360606486
0.13056217374978418
0.13292724576131745
0.1372625025499017
0.14268223327206275
0.14700395995575902
0.15212310279440774
0.15422120733978512
0.15830755848168654
0.16471576371854332
0.16685089132526718
0.16986055340142364
0.17650154814804278
0.18042856274235217
0.1829332171414154
0.18679665528971523
0.19045946837017988
0.19319542715909763
0.2010329736803236
0.20857932398298304
0.21279319670952496
