-5.204170427930421e-18
0.004256825681448173
0.010692403184223357
0.012522063432915181
0.018501029569705188
0.02009268435645331
0.021259457197653583
0.02486085463341047
0.032084717479995195
0.03319618636230956
0.0415054697754569
0.04384562992915478
0.04826037902355062
0.05199502306681912
0.06259208594521909
0.06359540384129767
0.06849679775511613
0.07771384935565352
0.08597241418761198
0.0897034853420972
0.09270195672840373
0.096772870548907
0.0997290000772238
0.10368735244856256
0.10631499200603142
0.10871844427583936
0.11491211524216718
0.12127739672469405
0.1342995125247326
0.13489177385019585
0.137270980599385
0.13936063454923667
0.14618245155840667
0.14993850732072792
0.15611196668918814
0.15863490155767815
0.16328308071784478
0.1717117727977882
0.17729274673575873
0.17797722716666944
0.18501480779765073
0.18904962398122913
0.19087422682643082
0.19594608572000458
0.19789830299134814
0.20093088112278687
0.2077252842905535
0.21247929109386504
0.2211783420503343
0.2214247143042993
