-2.8622937353617317e-16
0.07355646925745445
0.08543150738312084
0.1745715982341238
0.1804739274013031
0.26034112562639117
0.3132170150954087
0.34094604633755893
0.4384585638815414
0.4716749212374924
0.543396530697754
0.5731341696625566
0.6581083957452918
0.6621030453524048
0.7409334690817655
0.7525061402151313
0.8097859759705193
0.9038442495712756
0.9646309913684256
1.052368778048244
1.063104352989208
1.1373309326495
1.2077285094938812
1.2797138453241028
1.2801658699337102
1.3454070705284398
1.352777434471586
1.3731687951709264
1.3901382013585215
1.4812697717419507
1.5374558983890945
1.6897326116810016
1.7776859361160957
1.8002922028361152
1.8464252883745296
1.8755347507185567
1.8867857203628415
1.9657083895310135
1.9722392313940933
2.0032993649629773
2.094122193588475
2.1358479321715125
2.1437243877394927
2.3062597848726027
2.3621548591579717
2.3940619255252913
2.4157604983290732
2.4619115812264787
2.5617366426917196
2.577584052635312
