4.163336342344337e-17
0.0007851409162169046
0.003297523958215424
0.007443994193759596
0.00791077087173443
0.013860967988804656
0.020206674573758507
0.02585907603914673
0.030937937227546307
0.03389141914351171
0.036291388011444006
0.037764817046063305
0.038745627453517124
0.03981289638343577
0.04393664472313123
0.04557614193716506
0.04938908837013574
0.05153409865301198
0.05373111149361343
0.060035813403777956
0.06335129325061786
0.06402932230657458
0.06822087847290523
0.07575450748365564
0.07671541193155795
0.07934860117272881
0.08509183881877327
0.08768957677049952
0.0896546257878661
0.09650911939737022
0.0981139165251454
0.09877998700641359
0.10392900976017941
0.10790266661878377
0.11617470336552425
0.11715082697478242
0.1178135769426208
0.11991271696238877
0.12241931042065358
0.13401345897642
0.13450052647899186
0.1360035572941685
0.13774124525605713
0.13812371122170958
0.1407595874465592
0.14215183851768687
0.1425814337539682
0.14780895727550486
0.14881743523504307
0.15192585293631056
