-1.734723475976807e-18
0.0005157410301278899
0.0021036012532602306
0.004664676029599999
0.0066985390310450536
0.009761199274999409
0.011223917732939395
0.011811556122828854
0.012627853274478256
0.01290213937245274
0.013814722429453223
0.015282636727670792
0.015753705695393798
0.017535152971871762
0.019216940176165882
0.02029853806714374
0.02149692146321018
0.023950900961469138
0.025518377822716924
0.027436332676400742
0.028772088895856703
0.032098631519774504
0.03395533097646808
0.03429664857663421
0.039438517753602735
0.040715713762407645
0.040940588637365195
0.04280625829816376
0.044220586016835366
0.044788958631676416
0.04614370378038187
0.04648941355880885
0.04684398591144152
0.048279543593981275
0.04867299276243595
0.04950964364076945
0.051934262242531615
0.05214230863678483
0.05381639659663278
0.054974873293941164
0.056808678781654985
0.059586612093232925
0.06016799181597585
0.0602487593625892
0.062065196803852286
0.06320338653934585
0.06765778104984227
0.0682266565517476
0.07043895492866661
0.07089957863975418
