-1.3877787807814457e-17
0.00146275118884975
0.005679308378118456
0.006077498464914474
0.010017866107951698
0.01117845624188568
0.013304895226712575
0.013949487468088448
0.018371102697626464
0.019482151732307967
0.021181065459384668
0.02203984122703887
0.025616425222810824
0.02809650098443879
0.030057764349959423
0.033862647595456166
0.036468793223219824
0.040344282755730584
0.043027408830421617
0.04336273766868226
0.04615793459822598
0.04779186545037767
0.05055048260128307
0.05178397345882044
0.05185823904461475
0.0536887506024419
0.055466647509590315
0.058844804440594374
0.05946993936064195
0.06213729629659615
0.06284720542938152
0.06715266547430888
0.0696186380168198
0.0711785593911436
0.0754634178925589
0.07750341001751146
0.08268681744259802
0.08353205458657367
0.08746903740284612
0.08962732044532579
0.09274979121900111
0.09698051846765729
0.09753866191545947
0.09888410853727034
0.09962222216824483
0.10124293672609337
0.10259798746707438
0.10615092653016951
0.10680113734933483
0.10852133926580862
