-2.0816681711721685e-17
0.0010102750084378317
0.003913140884443677
0.008594947469055954
0.011174889209128359
0.012000753198766126
0.012829371599472868
0.014773801372852087
0.015401312989989516
0.016231945978689606
0.020410807329201197
0.02165231421781448
0.022762864541448796
0.02713221027109375
0.029354579015039663
0.032218874061790644
0.03600901333202046
0.03893495308356345
0.04289378300684155
0.04376981460459773
0.04450129771959313
0.046060198318227295
0.04666275907087356
0.04862230947537525
0.04876248842035252
0.051714680640578214
0.05369220784961006
0.054682653292548754
0.05681192600521675
0.0585726951620034
0.06141956241754951
0.06311447457042305
0.06437679806456872
0.06927429955966333
0.07066004852224005
0.07265873132102368
0.0745800171276717
0.0783553374737452
0.08348736963101998
0.08377260042601385
0.08717583372016532
0.08836727383896872
0.09282307039380391
0.0970082476219506
0.0975411209976254
0.09817893182196985
0.09856969893658628
0.10091301667812493
0.10202990584804351
0.10411401160393062
