-5.204170427930421e-18
0.0014716715393937527
0.00163108713802982
0.0027249329783608917
0.003207844917114313
0.005709150483975857
0.006394709729105915
0.006746842868505866
0.0071703996522724505
0.0077842582197291624
0.00828468256124301
0.010791418635604408
0.01174715883844628
0.012931582483269805
0.013681351504537006
0.014243932973426047
0.01485841043038551
0.01529080801901453
0.016335060874912315
0.01724618132093072
0.018384116162436702
0.019790405091139857
0.020863252432837015
0.022279764911937942
0.023150043888374855
0.023840236984521153
0.025197588372965755
0.025455039617071074
0.02637509395684013
0.027063758190084213
0.028183620173054744
0.02883227992903154
0.030077912910996187
0.031064842021374633
0.03129415554396133
0.032346364435592356
0.034626221364480306
0.035285466047462674
0.03634578393688217
0.03693176821575672
0.037726748191925175
0.03936951082898784
0.03996918336014843
0.04032334011397065
0.04066387528520008
0.04156461288038528
0.04300807785429315
0.04310463676316504
0.04443229322208719
0.04658668658925066
