1.0408340855860843e-17
0.0010165089693446663
0.0010799474820254694
0.001955562772009263
0.0021065098679911003
0.00388226338165943
0.004374850929119951
0.004575680038509151
0.004806934054919667
0.005195532073183993
0.006521227877031093
0.007238949175217542
0.007520037500913087
0.008843009599135686
0.009151496503109738
0.009573570748918995
0.010044643469621353
0.010267810679123848
0.011624792274526485
0.012591272064651762
0.012760813511097162
0.012891025565746823
0.013924067276197003
0.015408428820622789
0.016486089799654664
0.016652423714972366
0.01686098855355414
0.01706910354516635
0.01856117416034831
0.019062344871546615
0.01981598711104262
0.020151244272975412
0.020806597894590488
0.0216379531744747
0.022553955202683162
0.023785490367561522
0.023967483735890895
0.02535056168087306
0.025657366705075367
0.026158237648888652
0.026537439604268902
0.027080851661754744
0.02749808749064226
0.028653242723530724
0.028726451779037508
0.029659604209979623
0.030406925371232955
0.031328888354031255
0.03179032150505702
0.03195028776641224
