3.469446951953614e-18
0.0007263834592110864
0.000873857755655582
0.0012643663971383633
0.0015791153189071098
0.0032150501506539152
0.003505089797040003
0.004441797020174646
0.00474449956418764
0.004985160845623875
0.005434093499763976
0.005892967094795197
0.005906536013971999
0.006163717690990901
0.0063059493602116625
0.007959511250802678
0.00848878188356503
0.00854636987097006
0.009261969063674198
0.009410548606585594
0.0098977982768671
0.010220669931231165
0.011152823039526574
0.011525098468781412
0.012216322355968293
0.012316605495063535
0.012673034124577346
0.0137385021494344
0.013751612808418854
0.014324300124240871
0.014752126735426663
0.01585431467805929
0.016095987222299574
0.01758702339175707
0.017594410374158445
0.017809612711409593
0.017946170579274147
0.018484667247472185
0.019648953817326106
0.01972514658604528
0.020502063509196852
0.02119338865049107
0.02129634699905642
0.022533641250912742
0.023143218165072137
0.02393922590933345
0.02446970403788528
0.025545724755218935
0.02573651660204107
0.02641231944536105
