-1.3877787807814457e-17
0.00046228615451209334
0.0011734328326693678
0.0016994469574734498
0.0019318107549444168
0.0020317858683299873
0.003363918237283405
0.00345798400689417
0.005693892651634421
0.007385631970933984
0.009158711715400456
0.009887802024504568
0.010407128195449056
0.0131707645125354
0.014952991202919654
0.016557122956759818
0.017272868896735835
0.01856625054495048
0.018968868486358446
0.019179525991638524
0.020208540639274783
0.022169783772698362
0.024297090704282154
0.024982975633621347
0.026646438692849175
0.02905552253540221
0.03163743988492637
0.03282378392343631
0.033436090134420164
0.034189693988209334
0.03553963778008982
0.036566494368814595
0.037143213849987686
0.0374842329545186
0.039158341973420024
0.041184827594855276
0.04183946496797463
0.04307225785976101
0.044831948901040676
0.04613011314332269
0.04674525614650236
0.04865133955846504
0.052266252929645395
0.052700616195120904
0.055490125537544434
0.055707501961115104
0.05776603695799792
0.05881048392923378
0.05935594041149087
0.06048431140871268
