-2.2551405187698492e-17
0.00023111916179621196
0.0002332009543845187
0.0008018864311736176
0.001924934726786327
0.0019424588894958617
0.003100145169725642
0.00525797241340834
0.005310312661024738
0.0072908517355734104
0.01044952789675018
0.010542017901738107
0.012647158084118185
0.01684093010307179
0.01703841189807024
0.020237437713239124
0.024593373518028518
0.024886440975133962
0.028797334277462464
0.03344582303496261
0.03383363535014275
0.036759374547250256
0.04094362122907445
0.04335117393186003
0.04401514039887647
0.05149915252784029
0.054620197141019074
0.055396120446420914
0.06359573618000727
0.06551297792824201
0.06647378070431209
0.07706235156122902
0.07740823137852794
0.07819293175591122
0.08677182867914449
0.0892389951000499
0.08946559994056402
0.09172314923883625
0.09327655627883819
0.0989320162957819
0.09965332081389916
0.09996848676547263
0.1008548547336684
0.10128876103783524
0.10146558693651227
0.10308749076221027
0.10333430446922878
0.10376833949714638
0.10455300463305664
0.10491303769533913
