-5.0306980803327406e-17
0.004903752052643883
0.015498971926784582
0.032174991434545865
0.05728942650133304
0.06866697339125025
0.08200981690646617
0.10288087522391548
0.1197424736310037
0.1326109854942542
0.13566828224622987
0.15517290496764527
0.16385987384680864
0.1829904807760319
0.20061654711178042
0.20564935906376614
0.2108798155667575
0.23116665550248502
0.2392120431478817
0.2666049859019737
0.2687593549215001
0.2739011448839334
0.29662788610882257
0.3047550876304374
0.3247709803270644
0.3270563971487632
0.3409598272055314
0.3687138434213313
0.3744469025590292
0.38700128653177235
0.4014958768446694
0.41543460818986566
0.43072648745317677
0.4339596691414251
0.4665353273879837
0.47448367328036556
0.4798785073075835
0.5010715327701096
0.5075316949340133
0.5240756922358614
0.5306119551146309
0.5472363439968331
0.561204665147759
0.5762166294862686
0.5940256878562267
0.599303643762566
0.6161444752290333
0.6252898791990006
0.650103451003405
0.6654412413426084
