5.377642775528102e-17
0.0023826241160017393
0.005403670516271745
0.010369383423425279
0.01929083709685469
0.038487802381286004
0.049265957031915907
0.06119519629710792
0.0763157933474269
0.10797406022617714
0.126066931650198
0.14370861262274234
0.16118286438583126
0.2002051124017506
0.209355401129638
0.2118198452196337
0.23789092194335934
0.24445675506986214
0.2710003414620432
0.293556633512735
0.31779610724502816
0.33043922189602987
0.3406262307585247
0.3685040360902576
0.3894921235777128
0.4068825774648799
0.41032041894442955
0.4154231698214141
0.4211910703967813
0.42247949236883586
0.42564505646977935
0.42817206913785544
0.4300665967404679
0.4446295469521256
0.4527849892689752
0.46460295803099183
0.4716540896255389
0.4795207598679203
0.4844970920416842
0.49912689913798125
0.5084357369649701
0.5214530825918051
0.533527610449198
0.5379072647609361
0.5476489933925428
0.5565826146659822
0.5672662390304244
0.5750426514549394
0.5939779539789639
0.6054778330779059
