-2.7755575615628914e-17
0.004106510365072926
0.009915729628919538
0.012932801399753327
0.018899728962705795
0.02261635971132752
0.025292109263331232
0.0358015908888061
0.03776091317900474
0.04343825046018949
0.05304966530515671
0.05370793815170317
0.059172261236918315
0.06135759944710049
0.06311458870409403
0.07603871566646458
0.07727172485975603
0.07864748794432133
0.08302600706727388
0.08407750460282021
0.09906143981145102
0.10108112878494653
0.10180855884571871
0.11228937749047949
0.11494219549450942
0.11927527446863702
0.1229828594716428
0.1290122697025693
0.13011832678027288
0.13671490128911915
0.14456117881009328
0.14503620924982777
0.15200063912862494
0.15980733928844923
0.16567634904806433
0.17106019411803586
0.1756628543895904
0.18077702111897592
0.18448868823953635
0.18969251386500696
0.19369315666451384
0.19498065045724228
0.19872009056118875
0.20802567005184533
0.21421555159768013
0.2209709425881369
0.22265763677501432
0.23006273979327121
0.23034513138926282
0.2335897013717131
