-4.683753385137379e-17
0.014214752848957393
0.026708552464367458
0.03765053920900827
0.04378246934913336
0.07253419029500123
0.08336377983212337
0.08671704554935108
0.09633271321796356
0.10483355019520586
0.12624702647235453
0.13852668675299815
0.14452837082824105
0.17041548299231213
0.18040350462654423
0.1949035095443509
0.19741262499009346
0.205121625355349
0.21344723344716418
0.2251530337584652
0.24910396075377067
0.27066340218658896
0.28185411098329466
0.28542632591724443
0.29510125559026607
0.3228704935541631
0.32518862420712763
0.333568776082926
0.3410568464011256
0.34709183111154923
0.3726732778560774
0.37850238547891424
0.38687721844376444
0.4021782986302785
0.4243545723021332
0.44305797813823444
0.4562927852106703
0.4625493268060919
0.4797954389376663
0.48496539947208833
0.4934198908909263
0.5077946403709926
0.5153918747424983
0.5195598544182963
0.5278057612610356
0.5440179935107278
0.5625965398445842
0.5847008969196568
0.5970710209826765
0.6092397233976199
