1.0408340855860843e-17
0.0004012913293278946
0.002473173157075438
0.0031971180211682014
0.0049800493680612744
0.005357355971920424
0.007251040194656196
0.007760248992456186
0.0084607489826231
0.009079307314637545
0.009770215150816037
0.010694759692107576
0.012236501454158622
0.012593252020510958
0.012941679142280857
0.013484294285012152
0.014328164420367837
0.015611190078034248
0.017269418028592283
0.017455592840041632
0.017749665461936473
0.01975534061230806
0.019895327873032796
0.0215461296070339
0.022508015802060133
0.022782136627424912
0.023618456121955726
0.025723348739168976
0.028051221272067307
0.028436124114289467
0.028844433943500898
0.030388800245527557
0.03176250034882733
0.03203121667100724
0.0321443019432983
0.0326774873150065
0.034231126199154985
0.035510840201656825
0.03619864270306702
0.036474139925569714
0.03722680235325963
0.03746492289639452
0.03835860250390567
0.03898466313985052
0.03992439617771808
0.04093491660757052
0.04178772514039014
0.042569359470053136
0.042999999358880846
0.04482818716465031
