-1.214306433183765e-17
0.0023032008269769297
0.002860264436883312
0.0062271589662334665
0.006387977056838688
0.008683865669383154
0.008850804397625528
0.009621379629889274
0.011596538969904596
0.01338394323130135
0.015911171104753527
0.01737436113361173
0.018010608348794768
0.01873365147239145
0.019983425726010876
0.02239984608248405
0.025129466346478162
0.026312709703322133
0.026524347638813513
0.027756165519843758
0.027832989127821617
0.02966791781382641
0.032168224393029674
0.03300864483898714
0.034233444125626594
0.03447130751540161
0.03836702073217094
0.03859946763971018
0.039382384654662025
0.04012319076970225
0.04187345660367039
0.04288194965920964
0.04560042487764814
0.04642839452854465
0.04874369392514067
0.04981109684462762
0.052409588594617994
0.05256775989768645
0.055108784015644084
0.05641463344501927
0.060185377836315494
0.06031749869623234
0.0617454820475476
0.06184501655631123
0.06395250123327467
0.06499758889484182
0.06631287011226343
0.06827110968451457
0.06977459038127974
0.06987153572906508
