-1.214306433183765e-17
0.0008144126980607919
0.002632693672731742
0.005826423884279624
0.006088547671825198
0.007512577784089638
0.007894457411325195
0.008051401325517163
0.009992020537655891
0.010405799927017975
0.012321491587723764
0.012617776747357664
0.016519421941251437
0.018593817198687135
0.020428528216281286
0.02069484835651833
0.022467936802571073
0.023460892689433313
0.025422562784791256
0.02796756455767891
0.028201440965640173
0.02963288142069452
0.031131672917831595
0.03200936981174077
0.03324827464049183
0.03353159470621564
0.03659141319274206
0.03810211501523008
0.038339227344400574
0.04083912347026029
0.041423337321431594
0.041753747192537716
0.046365655184832995
0.046750119716864436
0.04715941003352611
0.050472498237656156
0.05121065692089113
0.05138723303431251
0.05638175467108288
0.05648959741709186
0.05784647560202621
0.05838630188986412
0.059818486631725086
0.06078941737111019
0.06220461048364675
0.06227461942940286
0.06438401723294619
0.06712917112186878
0.06758363958807359
0.06934145377225968
