-1.9081958235744878e-17
0.0006387568957181584
0.0008757049955903044
0.001365537566390745
0.0017805747993644393
0.0021304523180432668
0.0031282158818362205
0.004000140796779732
0.005102761117851023
0.005178784644524696
0.0067629556703074824
0.00827014752276511
0.009207369243186643
0.009470155355391996
0.01029841717770442
0.01045434865397527
0.011555594681661853
0.011834336422730766
0.012766525903756534
0.013111884132042435
0.013436844817605051
0.013927589807668556
0.015218584798008564
0.016001250599425115
0.016105163558726
0.01748446934426684
0.017713800392419134
0.018085981494316783
0.019182411614811434
0.019490458624756263
0.01968900927092694
0.02170656390752429
0.022732101586112836
0.022988262161461742
0.023981075888309923
0.024423719683028797
0.024803868038379022
0.025455246587422924
0.025796987615874283
0.025910615437093283
0.026292562559108737
0.027348517131881356
0.0284963965627808
0.03015228199783366
0.03080079677384298
0.03100012579922916
0.031406539384729135
0.03179706952016949
0.03238198084279645
0.032549701742316015
