-2.7755575615628914e-17
0.004498362604561228
0.007732887735763487
0.007734734599213878
0.015400027808007992
0.021958101495514457
0.02196851535796552
0.027764737029378483
0.027780672747108513
0.030889436100580148
0.04232179355054185
0.04232583908956022
0.04612298883329843
0.046165807476809
0.053288191577278175
0.05408946022897659
0.054137906208202184
0.06516435505051099
0.0652177139074486
0.0687873127258086
0.06879320889750051
0.07914091615948415
0.08394238219536804
0.08395413663952392
0.0877948521702453
0.08785223332587844
0.09244804394399621
0.09285919460360675
0.10120619439000557
0.10121307804353968
0.1159132486914637
0.11606620989636986
0.11792814071668618
0.11793892146027728
0.11879165448677327
0.1281655709456317
0.12958190031463673
0.13291864659574154
0.1436975549623533
0.14371540621926723
0.14896216905037118
0.15316131747471687
0.15540882732152786
0.155432002912248
0.15637556920568552
0.156491072013344
0.16004807467306736
0.17125155758122032
0.183212892785114
0.18644003377951385
