-6.938893903907228e-18
0.0017578268749247165
0.008058735035770951
0.008583112193345946
0.008615319418970034
0.01773906811161456
0.019171031477269007
0.01950935533000514
0.025599742454489795
0.025603734489371498
0.02573924177037607
0.025805639253751678
0.028171217932354276
0.03797671255201695
0.03814931723078305
0.04451032809227229
0.049062285290623175
0.04921830771580301
0.049912891988614705
0.0499384284968969
0.05263267791679901
0.052754009409497434
0.06154165785051082
0.06898889816987311
0.06950123379553323
0.07094631209121591
0.07115285455807341
0.07913739242180465
0.07970506985521489
0.08138577281118853
0.08138993441642102
0.08217285724367517
0.08832298439401692
0.08871528327381348
0.09428614967680891
0.0944090815594091
0.09656747249125751
0.09726632645832162
0.10576020572394527
0.11113047457348872
0.11192139009128166
0.11495494973024982
0.11574217672325253
0.11822644288128285
0.11851924764862261
0.11940033658088088
0.11942194741234068
0.1342231199705746
0.13557949924235052
0.13593093952694435
