-3.642919299551295e-17
0.0038625883338964384
0.012616447179880511
0.012865793529175806
0.014742130692471588
0.020511989439988748
0.021228799332887113
0.031143006116404366
0.03485950840897158
0.0361341133496705
0.044223582078808776
0.04479099555107781
0.0525847772282188
0.05520940304115133
0.05596848381542497
0.056659519026218595
0.05768827233079598
0.07320393038617967
0.07419941926398532
0.07886015149957233
0.08216660168637074
0.08489330701214023
0.09533893741707965
0.09545521982138454
0.09748437253168589
0.09903854451606126
0.10927867194185113
0.11177965111855696
0.11195705161855397
0.11424588821272037
0.11747974159837575
0.12811799577286656
0.13041503418402983
0.13159358920217326
0.13162431056450244
0.14481322671009916
0.15114624676542893
0.15419503228791187
0.15834289199084553
0.15930235693192857
0.1646708708287051
0.165375857533699
0.1658893422900007
0.16828800498101376
0.18578717165866804
0.18777802185665338
0.18781121088868627
0.1919790042055217
0.19217122534613973
0.19283970597202044
