1.734723475976807e-17
0.005271632639577799
0.0052779157725828425
0.015523036493013976
0.015532804644902564
0.025828328316669293
0.025850380758166557
0.03137281144563756
0.03568973193620936
0.035711233564819596
0.040126906348228325
0.04039484291499973
0.04474199737977266
0.044791532124481406
0.052538991427322816
0.052582100344467884
0.05822907835330716
0.05857820979685908
0.05860897238587059
0.062389296348149555
0.06245850616331288
0.0637408683989891
0.06739582804719657
0.06991758618448603
0.07040521257839967
0.07048607305853334
0.09942796467636514
0.1026805009080088
0.11736730900294447
0.11743191079041874
0.14741592047444552
0.1532273822609904
0.1567207802325034
0.1586486906215718
0.15973563531535198
0.17479322986913673
0.17483377963882907
0.18175669222852248
0.18202334610857948
0.21342487025690557
0.21898358410670551
0.21937676808141113
0.22058128040576205
0.22233291652068818
0.2293654417631331
0.23282271242614475
0.23338284609348747
0.23354520227172104
0.243498745646127
0.24441555705538165
