8.673617379884035e-18
0.0006873050950087656
0.0020234670481627717
0.0023685159654651834
0.003940073225368941
0.004471878685792163
0.006097302713645324
0.006575634431396535
0.007137324514646192
0.008199573488112758
0.009109058362110156
0.010124382001442068
0.010231699348044921
0.011731163849782624
0.012260565307241211
0.013070854700416233
0.013237065568892143
0.01427276814305506
0.014563820757153656
0.015032432897011871
0.015311788118396575
0.015669913908585235
0.016089788484461964
0.016462999031599188
0.016723455579256634
0.017158320670195126
0.01740279783747653
0.017619180952630042
0.018124966954761908
0.019507245002936387
0.02152362331984871
0.021754011460990985
0.0228213515833565
0.023701062222559903
0.026352053772908043
0.027678590566366727
0.027937935973771734
0.028938765498871824
0.029531803284182055
0.03157178706588604
0.0327559113528797
0.0345154429032967
0.035437852608669655
0.03757758179193245
0.03806644245797983
0.03832134311086453
0.0411638250258424
0.04119636436113784
0.04163103140677381
0.04231967477937352
