-1.734723475976807e-17
0.009301998613547623
0.009343806492831319
0.03397510853945937
0.03413576870235185
0.04356893918696817
0.051858508071460425
0.05244792698880519
0.06000419211261932
0.06621897318655232
0.06628600277307055
0.07116980158872932
0.07283147444609377
0.07977266112939871
0.08031413384564491
0.09993855491230959
0.1002221471693613
0.10635357872004449
0.10847974879340214
0.1294244995887765
0.13048047876895824
0.13272595479850902
0.13289620792353038
0.16092956774800277
0.1611330658957364
0.16576642891231708
0.16873459117528034
0.1808773704293552
0.18097733005088748
0.18234721621651673
0.18831487746345393
0.19355208435629562
0.19854469276201914
0.20214585906378313
0.20278354911391103
0.2228439646304295
0.228997752643227
0.2390548250738973
0.24903946688969653
0.2512187832493511
0.25141521054958327
0.25514108129405266
0.273466460788632
0.28072519033805915
0.28522622308835227
0.28642804223345214
0.29378140018987453
0.29428685470519894
0.33597942795829094
0.3419095058125387
