2.1163626406917047e-16
0.0029601810885540314
0.01362936639499576
0.03651896953289464
0.03780362364933492
0.04401988124113326
0.05016606639017196
0.05780576777115908
0.06321906589224528
0.08004265057053397
0.08435797848424992
0.0946510426904096
0.098881644155748
0.1081371460477454
0.12211546925836454
0.13489678115611184
0.15342234752309722
0.1566012893417954
0.16148309363034105
0.17830980140447913
0.1857356690740683
0.19639040815663444
0.21162667160692497
0.216339358612319
0.22142763347299455
0.23805533099329737
0.24070982729443707
0.25112282724376284
0.25134304583529954
0.25382844660774884
0.26548885624670376
0.2841322035690907
0.28607173476720077
0.28641242233920605
0.3116320385638592
0.32425128601624864
0.33046847871545026
0.33574984404986047
0.3571296839618899
0.36040192724849957
0.3615480330442673
0.38145763105487307
0.3893869921496079
0.3910819948577349
0.4046398507333758
0.4118512813875006
0.4191921889900295
0.43421459246174265
0.4527754999677715
0.46143949912458254
