1.9081958235744878e-17
0.0014952712802009365
0.001927572890546965
0.0019316733431751134
0.0032687015019403198
0.004054131174178643
0.004057017456538161
0.004447181093675109
0.006717218291265493
0.007102398808684516
0.008830217395844506
0.012157283382560708
0.012179219010240236
0.012385160418812284
0.013590950898494521
0.014025039514614748
0.01403384173865453
0.015565606475287328
0.015576148747555097
0.01809526753397398
0.01836780197869186
0.01855461255031044
0.019181974032527666
0.019439291657065594
0.021208082562262795
0.021226537232043333
0.02550018916673305
0.026542033269456165
0.026999563348241433
0.027074963988222366
0.027186229156213534
0.027193419716235005
0.027836749944660538
0.03197842273583664
0.0330613403383567
0.033135532100316514
0.03604363466431619
0.036110997560163956
0.03617756013949869
0.03627084933668535
0.036816653994636815
0.03788917725761812
0.03980091202161921
0.04147627036771896
0.04379439288269488
0.04391177805725366
0.044937333268215786
0.04511475228637649
0.045178864291286376
0.046087790616167204
