7.112366251504909e-17
0.019291324923814655
0.019314463778268932
0.0464264883824483
0.05316126823736427
0.06815963655400717
0.07666748543590145
0.08463646278062645
0.08471542978499785
0.08952169118197142
0.08963335969447465
0.11931538482900535
0.11938319993705375
0.1221902047720012
0.1229846144868358
0.13372394386589248
0.16089502544659218
0.16198412944818646
0.16206146044941702
0.1640535763622047
0.18865051025549806
0.18867447483169456
0.19382959695703303
0.19464364037296608
0.21837096596613603
0.22415119841845296
0.22434951387403865
0.2371787099927675
0.2545189642403122
0.2643164244007017
0.26436730018887533
0.2660280569403429
0.268721143773215
0.26876648745900195
0.27983863328878356
0.2799649173422194
0.2830809587319003
0.2948770882799455
0.29869832001186275
0.30957201289739017
0.36027498030086
0.3655633039060652
0.37648113232678804
0.37926343083313463
0.37940497568058473
0.38532953964736094
0.43562262257534395
0.43712874478684455
0.4380716418141018
0.438302950536866
