-2.0816681711721685e-17
0.02038974323420794
0.0209320898456702
0.05176138830420142
0.05590057493948073
0.08094258250368544
0.08123986382893142
0.08364817086428424
0.09132534013067865
0.13762941960861144
0.14355294748513928
0.17856470199391014
0.17998007276074518
0.18395131080202948
0.1879075163707634
0.18884248591153963
0.19469169743547424
0.2014862295118697
0.20928908820022202
0.2286091998699364
0.2356396464081481
0.2693184248255313
0.2821686507115812
0.2966042598234203
0.29983503831636316
0.31016509843345474
0.3144643071127891
0.32207258951548123
0.33352294349852163
0.405134607195987
0.40895659502276227
0.4119310641817511
0.41553583610470535
0.4218138355825094
0.4279213152887275
0.42812452650300503
0.44532045881132454
0.4633883510463373
0.4735665225763439
0.491596615569557
0.5182140845925485
0.5196576605115985
0.5413895279650534
0.5572007344978901
0.5775207623174996
0.5991674151443934
0.6139677031652061
0.622519206879702
0.629653062425091
0.6363888670368013
