8.673617379884035e-17
0.011414891363306702
0.02752825046960955
0.03503741763571266
0.03794188027849248
0.041874200255785705
0.0661394751156206
0.07549824005765265
0.09991824848169756
0.10347698430128972
0.1068836233874959
0.1296042894886535
0.13193643474697003
0.1325798442263341
0.14334681740152494
0.14658303632056446
0.17880508962213554
0.1833256400781555
0.21066042967093235
0.21295525168243443
0.2248308956870217
0.22610076598690196
0.2397687845039309
0.25067188765251763
0.25326349505322554
0.27705583537318074
0.2857449581751497
0.29009469982234193
0.29331887005017143
0.2937984094324897
0.30821971175608465
0.3132190600490557
0.3316716122126686
0.3336143679670347
0.35533149537959574
0.36686176894717265
0.3710896952329243
0.3790957194689771
0.3801262275078678
0.3986094934537717
0.39992174729625646
0.42760680118873245
0.4313812067549612
0.444069695557068
0.4492882439432851
0.4642534535876558
0.4852244330422831
0.4887199128699695
0.49061903235635884
0.5024874516016693
