0.0
0.001281461873879012
0.009648473194583335
0.01286143093628222
0.016814920946855376
0.01998032484993196
0.020372500925552067
0.022357056283109092
0.03175635220093163
0.038144564279528954
0.038243909206513785
0.041787240081263485
0.04254788686677581
0.04764183076359395
0.05612576642044167
0.062418501619116946
0.06491576200450969
0.06623113034634916
0.0673728004115157
0.07695308613941569
0.07722266097293734
0.07804388684650578
0.0823314897603323
0.08409299720328287
0.08537825869304959
0.08999545495923827
0.09167677666900897
0.10168421316306138
0.10338866456575144
0.11032542893445016
0.11399204171376624
0.12708446285060687
0.1296224412852312
0.12972042460200658
0.1317121109132158
0.1333012805048671
0.134324763892919
0.1372607156871103
0.13729649493598298
0.1404661296008621
0.14450947991592367
0.14802487549185903
0.15110550713775267
0.15983916214414728
0.1694254796181559
0.17059863247526436
0.17388730089786034
0.1774202494966655
0.18512359768925132
0.18640685479352045
