-1.214306433183765e-17
0.0020000696158325986
0.009278151311913787
0.021237712333432412
0.027148849344243373
0.028879655184026062
0.03236303808072916
0.03386047895624098
0.03731916360785527
0.04376703268507316
0.04390663291057668
0.05543655745698211
0.05852319722293827
0.058886925406755615
0.07411209726652497
0.07457352762895555
0.07917264742520821
0.09001813861680594
0.0962674198955402
0.09812983265159506
0.10092861364109247
0.10400063359704986
0.10598153560317956
0.12057150805231089
0.12410544579533163
0.12595500279519678
0.13245142672715182
0.13536525263609736
0.14125489256927287
0.14570653245586057
0.15033383921584895
0.15070323308133762
0.1565943853906551
0.16628067203687974
0.16973985819443754
0.17306685167823557
0.17957124868404867
0.18685694691877838
0.19292177406437835
0.19530762375434502
0.20307418837958321
0.20491417137093457
0.2098586000270109
0.21666760505175972
0.21962044360562322
0.22255945560154725
0.2283593500325376
0.23092902480918898
0.23374051767110016
0.24484682351725484
