-3.469446951953614e-17
0.0006784895818399191
0.0029158830683781237
0.0030109177149055012
0.007274414521537457
0.007564934652732785
0.008726116039216485
0.009893547947546042
0.010601646303399324
0.01264966200412987
0.012660721551889362
0.015431317129329885
0.016210614983385857
0.016465034423503735
0.02113614807844974
0.022103401607485307
0.02336347574346507
0.023542888797189875
0.02481417624573779
0.02556559917011817
0.02708587885340845
0.03025193554064961
0.031379269603407194
0.03421054133006392
0.03436303114496596
0.03638728975231654
0.036449059390726485
0.03783947156762357
0.0392726521179819
0.039997519132765454
0.040681786715489804
0.04092768063073068
0.043380331939870155
0.04564042761014001
0.04573279974771915
0.04860586665912192
0.050818449481379674
0.05153892632674972
0.05196754908072325
0.05384485450681933
0.0544373982046665
0.05631798169070946
0.05847643571345774
0.06165487006121006
0.062082981042767556
0.06238110675976482
0.06706133879538612
0.06728567813348107
0.06732042226677361
0.06807313335329486
