-3.122502256758253e-17
0.00045867341642894834
0.0004908455677985011
0.0004908795705575054
0.0006433877789717816
0.0010045282123154822
0.0010046032447666858
0.0016179566777267378
0.001618282684501128
0.0016615486460299488
0.0016617778582898243
0.0020468212936756366
0.0022493947821146908
0.002401313894110642
0.0024013654860852943
0.002772632923797853
0.0027730866175460066
0.0032684377432069638
0.0032695000642334465
0.0034937193573998156
0.003493957338668776
0.0035057476902356256
0.0035059627199545435
0.004465434541095898
0.004465688170615533
0.004687278986089387
0.004753276692170877
0.004753366136198879
0.004927386526735465
0.005445781374405408
0.005446989346032187
0.005868099744318659
0.005868455965876729
0.0059000032089807485
0.005901759699277623
0.005974601480014349
0.005975024806311005
0.00602913449695326
0.006029879122602054
0.0071912944518407376
0.007191589942229766
0.007513417617813297
0.007513690543283149
0.007685166077467701
0.007685679860134532
0.008329582831667822
0.00869150455221464
0.008840079991131235
0.00884130913521562
0.008998090724207054
