-8.864436962241484e-16
0.22564737955371547
0.2859795283825003
0.3130142908834672
0.5842949637621724
0.7890007741529168
0.7997525930163019
0.8280197229643357
0.8634716533992917
0.906794139093867
1.0913404071560162
1.5758420862509461
1.5963721138339553
1.6333324234661448
1.7367493256878168
1.7369885662425315
1.7380203694949579
2.064571565340366
2.4452291842733556
2.686448658264012
2.6900740263845413
2.6929801528135107
2.758037110153844
2.9137827506512908
2.916688047012791
2.932258583216636
3.1556603127104017
3.360010538392673
3.585557745518707
3.96481603835299
4.01728061407631
4.022391148452939
4.185110410274808
4.252414648108625
4.278765858935643
4.3474235867022575
4.388430721546092
4.396331238498252
4.512080530221658
4.9730875311301235
5.606357080116329
5.615539933769963
5.624208815186926
5.6545871021818925
5.773620658106688
5.811764900350719
5.8156736871624615
5.830670451815921
6.02003472051332
6.176634601234131
