3.642919299551295e-17
0.00779681342015223
0.0296153071047162
0.03996172646794819
0.05978237417217431
0.06701103109068685
0.07378708230560141
0.07583698906380466
0.07743614454712405
0.11814407177858512
0.12889881186795094
0.15634264275503418
0.15826461654749432
0.1612911787019958
0.16945405485906956
0.17077413048964563
0.18827177787771965
0.20399880337973242
0.20581302839609483
0.21957144200293485
0.23807558313328653
0.2405273198114905
0.24195091700853988
0.2583453260291069
0.2602948494291926
0.26768245721576456
0.29003297030931213
0.326128828149904
0.3278277888779005
0.34647570860052146
0.34867981425307615
0.3502291929349771
0.3703556875753589
0.385278431789111
0.406047342177936
0.4200589661728549
0.42262063580961484
0.42901258789565777
0.43157029817566267
0.4357953982307145
0.4397358701251446
0.4673130659572995
0.4883905687103148
0.498183915737183
0.520493448458862
0.5234545832289544
0.5338870239004347
0.5442673221816245
0.5533334222285116
0.5648208629416396
