-5.204170427930421e-18
0.0002444646724266055
0.000754564259054076
0.0012151001048598172
0.0020477219208908017
0.004619360938252782
0.005565789997510402
0.007944355329593365
0.009613513715882835
0.011289548273999186
0.012024495731171177
0.01439417562828216
0.015290306967279203
0.0180218383617781
0.01941257103490787
0.02224150340776418
0.02442906850639695
0.027284867179164438
0.029115383431088437
0.033296374497071506
0.034949902806841425
0.03557981227512232
0.03570943196471178
0.03870734060138379
0.039267157933356556
0.04368486266070499
0.04589877370024679
0.0463081191334573
0.046469535737439734
0.05081302036373192
0.05437465017472432
0.054720851462780794
0.05618731915340184
0.05723478414655401
0.060810908058947684
0.06104625970440437
0.06571216723587013
0.06628809220744479
0.06631404795478969
0.06953713264027954
0.07220977267916018
0.07255795406448873
0.07575206417330607
0.07683695552669728
0.07828554691612784
0.08100097020086586
0.08295799543256649
0.08482559987669086
0.08555617306204098
0.0874932500235924
