-3.469446951953614e-18
0.0001931173487052778
0.0002460151727073732
0.0006539458125530001
0.0008287912347191978
0.0012896488469973533
0.0015305236011017576
0.001730059465887902
0.002106988523071113
0.0024509699985963158
0.0027122645823052897
0.0029655022108045007
0.0032754941679132912
0.0035299866118856365
0.003724368555382135
0.003999257860776978
0.004247991211984261
0.004533579987347717
0.0049408516193579655
0.005103119232809372
0.005313585962965625
0.005503485425605496
0.0061049419016904905
0.0063442066722728865
0.006543546741422898
0.006723337550268381
0.0069354610477290034
0.007052026472425232
0.007541695550477732
0.007679769576927025
0.00785525804667995
0.008264929218863624
0.008430654016056654
0.008549824663656358
0.008921346906181139
0.00937732347519791
0.009660379543541741
0.009996933403323685
0.010433322878594256
0.010585596158638867
0.011038248930970057
0.011177629477464477
0.011802824166432442
0.012039826179075298
0.012389481739254795
0.012632260357698289
0.012875051079709135
0.013266739750196216
0.01338608439087243
0.013866639623331687
