3.469446951953614e-17
0.014541866976638533
0.02790723534158597
0.049340268462313486
0.06148176028115209
0.0775205050418677
0.07813510071180951
0.08519218946775468
0.10385216713559202
0.10634772162810265
0.12080641791944326
0.1239431295040516
0.12535654392424425
0.13142376262700567
0.13771246733071296
0.1425352325953112
0.151884478425906
0.15981826860670248
0.21847324131554247
0.22613635098567603
0.23070955861361905
0.23451408208293809
0.23907735598804342
0.25731810289695184
0.2791169460579775
0.29493776479938527
0.3045686731445012
0.30929853705161736
0.31637015898171933
0.3292017534740815
0.339915495564667
0.34597228780486117
0.35043429321044434
0.35926729089354786
0.3655929230782077
0.3672372334439154
0.3777416312120843
0.38228004438953017
0.38962837836539926
0.40305281939183796
0.40576315369169685
0.44721306327737664
0.47427385801068234
0.47846007669104773
0.4842217972352605
0.494164956392696
0.49587073288736094
0.49763546724961183
0.5079230762980559
0.5103449010131409
