7.979727989493313e-17
0.003727388965204668
0.006739091252912626
0.011698501835940208
0.023862122846644344
0.03390464988445043
0.043915341991722104
0.04635003598829285
0.05469686842458952
0.07290818693297767
0.07502186642080433
0.07849037729749438
0.09513450666948751
0.0983912211092384
0.1085141286665503
0.12009003460046218
0.1210773083322927
0.12900772112707096
0.14103282759645625
0.1518442273422252
0.1538709568811037
0.16859369305482122
0.18063569948739455
0.18391800109044018
0.19018617458635365
0.20784020472459414
0.21645337442833432
0.21774175150116662
0.2314408717145834
0.2329145382441589
0.24467592955736128
0.25004541737405317
0.2683122671480032
0.27667977904273233
0.2769658221359477
0.28611684899308304
0.2971745632361202
0.3009134098782814
0.304480119761515
0.3106237504798753
0.32162937766007826
0.3327931181588056
0.33685082402326755
0.3373084715357468
0.35641108443512626
0.36154770863469454
0.37127386645375554
0.3712867720207081
0.3754948702837382
0.3931784095227695
