-2.949029909160572e-17
0.002293483411791331
0.002572795279010361
0.007932848502472672
0.00833089731670854
0.011139626702684232
0.011849545370348066
0.012215483084571406
0.017139323693598635
0.02056370663862623
0.02074576540139146
0.029524279307372663
0.02991026273769757
0.03226628265390476
0.036350589262367616
0.03656698507350783
0.03939192663175523
0.04115537986851396
0.042244724017848595
0.0444920388869981
0.04481574715910325
0.045661541016663705
0.04590802487943777
0.05145760294094209
0.05519268728258537
0.0575746952558587
0.06119612599175379
0.06360792551636096
0.06382952352679264
0.06803851793096047
0.06879202717968445
0.07407559116015815
0.07898173115352988
0.08272113521917772
0.08382238843012181
0.08769922031866458
0.0886509786098636
0.08887836351610927
0.08929923486282335
0.08975532155951892
0.09370489432389495
0.09914915718898559
0.09940799865739584
0.09969212160552557
0.1050751261036944
0.10649952008062313
0.1071408640028175
0.10756950147107804
0.10953719095121209
0.11043531831578304
