-6.938893903907228e-18
0.0006753879092391158
0.0012038199638399385
0.003039650778815163
0.0040420901805952696
0.006183958581274232
0.007103421459421564
0.009014895273833172
0.01096824918116406
0.01279342270476166
0.013333710424799116
0.01528446088953886
0.015594042499280382
0.01697948391049848
0.017265673864660783
0.019734170312436794
0.020732193684678123
0.02073722390045507
0.024563975953510425
0.025018182030172302
0.026322321583560113
0.026617523261371893
0.027947721042831858
0.02989484885960466
0.03104954459389033
0.03155384608395764
0.0316694088331952
0.0340720957030851
0.03497915889619421
0.035966800025191974
0.03628650027630974
0.038393686207240166
0.03871555179553303
0.040052422962959466
0.0415971368637293
0.043151264056824755
0.04405634489056209
0.044893609724786336
0.04612775963500903
0.04646845132093374
0.047353311259591
0.048374277280748
0.04970766441143666
0.05081519848836326
0.05210498407643494
0.052583594576818056
0.05386727933928081
0.055168672695197714
0.05612157463409307
0.0573013096368614
