-2.0816681711721685e-17
0.001615443346102639
0.009835556660553932
0.013972537190236623
0.014394270545269384
0.015564867742464851
0.017114422702960257
0.024611287986520396
0.02936550456163812
0.03377693482984681
0.03625593676362759
0.036869993324210454
0.041622416722388283
0.048340968714620944
0.05240541239839875
0.05344812097958553
0.05362274857699504
0.0554992768342587
0.06081725881841566
0.06470223355608284
0.07373610819690431
0.07433357131515278
0.07692392868530937
0.08174577456364696
0.08203881407308906
0.08209974273588755
0.09426616244416917
0.0955108679469996
0.09611201353017249
0.107151106846538
0.10972570743301302
0.11198494126783011
0.11293648215891997
0.11914567898715255
0.1195921817715548
0.12590060132009429
0.12837508150909496
0.13031061205088137
0.13063885520121996
0.13128329859629395
0.134232799246765
0.13802459400770029
0.14026871318283693
0.14502948236575297
0.14795556988942632
0.15305263320172094
0.16037312879802976
0.16156536063932145
0.16399242528589353
0.1735154749459278
