-1.9081958235744878e-17
0.0012615686381234146
0.008385649204787725
0.010799410176631745
0.010857654178220074
0.014190039713614879
0.014853907688597569
0.018574022264864896
0.026718918123308864
0.02871146900312705
0.029900762946765788
0.03209159492217595
0.033009464530376474
0.03532704405650624
0.04002588383758348
0.041653216781660625
0.04316010803640788
0.05138279334251736
0.05167136203132009
0.0551333295263725
0.05872415295082937
0.06056746775063305
0.06635405525435005
0.06839923875823176
0.06856356742638772
0.06895741000254033
0.06919799162984704
0.07719552638489888
0.07941018606061209
0.0799764490104562
0.08579994932504721
0.09176203078480787
0.09304009818111422
0.09977432546656041
0.10028845232678979
0.10403208725751621
0.10706519818806776
0.10829004086367462
0.11054237766141216
0.11151531811558194
0.11543410141912071
0.11735905742583148
0.11981490844946842
0.12230366793819512
0.12761764343074083
0.12776624115714671
0.12975791155117553
0.13157085490573783
0.13233656047911832
0.13789858049372536
