8.673617379884035e-18
0.0011207722705199302
0.004492158603694859
0.010341937205349901
0.017610687101138563
0.02537019708914527
0.026015502489218433
0.02722651499272915
0.027366475367137516
0.03039279876001376
0.03410160552651382
0.036335362495649136
0.03769954695518597
0.043409554823956066
0.045629017249337274
0.04932073254728446
0.05570069831651448
0.0573053142950967
0.06355027953536574
0.0679118525876639
0.07307302266204617
0.07896919550584625
0.08529230994852104
0.090416671210009
0.09382420048142819
0.09491233232560474
0.0964377610725915
0.0980936167779168
0.10085228143742436
0.10169593035958172
0.10509654474980278
0.10602814936374332
0.11017212860225772
0.11227704802702293
0.1133193905623463
0.11611481834868552
0.11973661471376958
0.11996713719372527
0.12100252755243958
0.1303457140708391
0.13149181828333625
0.13360607372338473
0.1350891292126979
0.13786950464950326
0.14390961315332104
0.1450343650375189
0.15747100417367235
0.15809406686583327
0.15895114394213222
0.159659230404705
