0.0
0.0006138613427721477
0.0008301345241474179
0.0025959070760016804
0.0030867037017798613
0.0057475756433485025
0.006570046191511551
0.00968829059366015
0.012792770580192634
0.015768373510075956
0.01923450269854119
0.021641727045914022
0.025024109325152477
0.027107319153254733
0.028404205809448545
0.029260055239791673
0.03035123958436857
0.030622577900009246
0.0315644320747114
0.033369674347488124
0.03486039745478194
0.03529179772549891
0.03596075578985273
0.0364444861916457
0.036802757673407516
0.03889086586265962
0.040769090496417144
0.041863446984239584
0.04322261926191987
0.043835876399566466
0.04461100212817424
0.0458162518161227
0.04684625568348005
0.04914283127642079
0.049379116561996846
0.04983898110676362
0.0539677680356847
0.054857500101269406
0.05639322214967241
0.05794028407243545
0.0589749174439163
0.05969311485062282
0.06294796562008949
0.06415609784647569
0.06608860010985097
0.06845845276228377
0.06939632505912732
0.07306320223417191
0.07479377553006017
0.076533332139904
