1.214306433183765e-17
0.004669223807721282
0.004669296124945132
0.00498699535274854
0.005914374013210344
0.013969240741257412
0.013969621786613701
0.01398173614728838
0.01398536989327546
0.016779384975772527
0.022043167946782183
0.02778733704427161
0.02778809389493242
0.02789884674071326
0.02789932585909432
0.02808495350813383
0.02809026458719515
0.03810624196872028
0.04474648762735991
0.04634496692467684
0.046346369982288395
0.04635887627021787
0.04640260010601266
0.04641790442067289
0.046424342105402486
0.04689009336382997
0.04689131849045458
0.0693647520798436
0.06937605626013509
0.06939552742580817
0.06940004121188592
0.06962497008215458
0.06962860899387296
0.0698542026178995
0.06985746776684286
0.07027352791762025
0.07032543412035824
0.07089337221471863
0.07385573269620817
0.09691400078711017
0.09692149743271485
0.09712655007651343
0.09714967440472062
0.09721315465203768
0.0972159543176251
0.09729132596452397
0.09730421529888186
0.09794581604559285
0.09801117125825885
0.09825470329748638
