-1.0408340855860843e-17
0.0050441184938916795
0.00657254587633063
0.013678118921784868
0.01549800253695797
0.018136971704305282
0.019282241185422724
0.029245055166509354
0.030899843233188666
0.03306809124633295
0.03644861760301744
0.040381084102708756
0.0456017290060624
0.05058034108559364
0.05153003972173057
0.05597400975290525
0.06167171884678078
0.06372754359416039
0.06854675460079734
0.07675812066582094
0.08029557574128532
0.08142432627596013
0.08455355529064949
0.09087440209996572
0.09373047573401438
0.09720793168934146
0.10179462551631994
0.1057685987109147
0.10629128260257795
0.11755959359694186
0.11817420788306858
0.12593554561106965
0.12889421614160732
0.13036857449760128
0.13086923732857572
0.13567113391560104
0.14080683921770293
0.14907956842354986
0.1519938416553215
0.159271956714743
0.16028729424051164
0.16403278389736642
0.16637377135058143
0.16803574831430412
0.1725397247971286
0.17960954225645026
0.1817710993056702
0.190038067448019
0.1947084147760199
0.19608439716036646
