-3.122502256758253e-17
0.010226752590092628
0.012494571143185368
0.02375214407162452
0.029766333868125064
0.03113231586522512
0.0427686104879552
0.0477743959509479
0.05069593238760664
0.058877286328734645
0.0624386227747813
0.07724740410157077
0.08202836817684939
0.09440610550364201
0.09948946142254093
0.10411000187893804
0.1109938878870507
0.12062277038989007
0.1259124124444774
0.13319660425496946
0.13871738474989093
0.14342599560620725
0.14905646370741427
0.16050726305573607
0.1706527244966947
0.1791988300871064
0.18501008667775584
0.1950546684876478
0.2008585063932983
0.20204389153391553
0.2082386741738834
0.21539681490361934
0.2314757822754023
0.23790804061465498
0.24695635861850568
0.254572919003718
0.2584156655789546
0.2651327269359175
0.27132814668237937
0.27247456614212384
0.2751474892172633
0.2811914059322431
0.2936854875635693
0.29810552080486913
0.30762083210244506
0.31326115489750167
0.3340898761216128
0.3363349334477465
0.3436764836306561
0.3469569885206233
