-1.734723475976807e-18
0.00738494781689286
0.009902899979134612
0.016630145912843612
0.022257322986573506
0.02390453057112526
0.0314034989333057
0.034929201393616424
0.03991820922199091
0.04292298513409073
0.04573838575285608
0.05560557898224839
0.06022384280759505
0.06534469351970655
0.07351416636712262
0.07435780719534328
0.07752002870579397
0.09263310522635854
0.09423584258562329
0.09997014648110474
0.10497060747242139
0.10727654830214121
0.1127982749289804
0.11802278284572314
0.12569278599065498
0.1280016556374974
0.13063091274834407
0.13689061045246328
0.1490725558093128
0.14998236860559624
0.15356610206870513
0.15770974341541816
0.16863007996003124
0.17452431761729814
0.1791152834338955
0.18213271133558875
0.18723415105824984
0.19179059382504143
0.19975859370781582
0.20202809615085734
0.2022323213231803
0.20443046848931928
0.22084624143557288
0.2299096960925779
0.2333667101075251
0.24362919128217847
0.24697505139088732
0.24880441852585733
0.2561669650516323
0.25821941175560886
