-5.204170427930421e-18
0.0074332406026134685
0.008939877314970307
0.01262732233136041
0.018093070639909316
0.02352609879718298
0.027776457420653232
0.028368061262194884
0.03615882584969283
0.04127048057843906
0.04304127636469164
0.04802367753988092
0.05195516236181037
0.057627717690352166
0.061805225839850715
0.06446208645173145
0.0756569307481076
0.07715871478698076
0.07955864119309254
0.08734890281337968
0.09212926004080847
0.09552371022697458
0.09868537843226807
0.10331744941147696
0.10652903577195762
0.11546020050973947
0.11830023018314618
0.1244288416757985
0.12641785363834843
0.13290125511571743
0.1416379538771632
0.14384024080074323
0.14714046679992468
0.15080826671992928
0.15545530866448876
0.16007349371416948
0.16350368951928757
0.1703737441232644
0.17289287998685768
0.17706973043659113
0.18484612768721911
0.18966777829952172
0.19933034236713748
0.20185243900343722
0.20765463619523572
0.21142655261818233
0.21353767435515947
0.21882657972831515
0.22263397523501302
0.22462971494517994
