1.734723475976807e-17
0.004108504211475286
0.00673267737162867
0.009005368179441567
0.014287397488163782
0.014672757390400292
0.01710322165752342
0.017195435455931662
0.025127649319021214
0.027188845193995788
0.0277131314320221
0.03258482662330066
0.03413662072979947
0.03757979848034661
0.04198270618918393
0.04426637869241557
0.04629328649825898
0.050720080289995625
0.05433173382714051
0.05902459004887583
0.06299845557960904
0.06467601539386487
0.06713774055076126
0.06787863927187605
0.07323147718957178
0.07616415393777487
0.07713834652941287
0.07826495412318929
0.08435923381024195
0.09122995745869701
0.09497903867798581
0.09709838150738764
0.09783318729017035
0.09979859855999572
0.10124621867428381
0.10738496125895464
0.10810202098979822
0.11313424095843831
0.11419965919747259
0.11816515392386227
0.11870178575140077
0.12304398086636327
0.12929054654375918
0.1307116375976271
0.13583137742251253
0.14155712506311177
0.14238659128743436
0.14568258206667145
0.1474522628740264
0.15181628106293601
