-1.214306433183765e-17
0.009300416379463538
0.013312699220031322
0.018496597045203324
0.02456340933931337
0.03219570768223833
0.03703324799181424
0.03887815970198503
0.05138963416391896
0.056473021600675584
0.06038615887912991
0.06657913547208844
0.074312315913305
0.07914576619653692
0.08444067466263246
0.09309633209722964
0.10213570412023401
0.11200764155175072
0.11265519296647965
0.12002810937574677
0.1273022993751128
0.13276097377403245
0.13682469959863056
0.13991855404648565
0.14740608372552652
0.15768231421137757
0.16389509167412322
0.1704314109798586
0.17258055262155217
0.18891616455437232
0.2023107113934669
0.20452818449834248
0.20607332634817213
0.21349219974719819
0.21444654249332182
0.22262060156388971
0.22755761290849408
0.23105906047939648
0.23336565525493436
0.2511783641576341
0.2539014209013486
0.25955165142730235
0.27720477331762916
0.28266290955484286
0.2846988672810389
0.2872141729147811
0.29225535443884365
0.30153735281454846
0.30762160393258914
0.31204291258802147
