-3.9898639947466563e-17
0.006965838030575941
0.009729323659550237
0.016562789419324535
0.021363888442137928
0.023108535578729016
0.028473861382844794
0.034182080445003545
0.03890176527088265
0.0412598324588211
0.04503819152950611
0.05420120578333076
0.058086389828543396
0.0624515507950884
0.06979846408357734
0.07138223124809176
0.07498309717365284
0.08963998244716108
0.09335344519845983
0.09875305824826812
0.10309520904178884
0.10420378961738214
0.1091669804213486
0.11259518144450874
0.12103361235454195
0.12309024106167153
0.13012633715460348
0.13253097659715082
0.14251143553382528
0.14463089839431437
0.14577425722691129
0.1531822095659856
0.166462829092371
0.17075059774875215
0.17137384931160096
0.17833243618011826
0.1798457510983689
0.18715887847157686
0.18929532329178989
0.1932586860662936
0.19373844518812322
0.20122538132632564
0.21627749393081236
0.22751838843806996
0.2280933597949984
0.2373661331186622
0.24192222142205438
0.243157528716684
0.24485403078502704
0.24817718762595603
