1.0408340855860843e-17
0.0018032124546102715
0.002325263965780297
0.0023257633360042277
0.0025649078682890066
0.005342144486405213
0.005343875965923662
0.007010497988923016
0.007440982728363564
0.007441321274221197
0.00933685123464049
0.011303941106580078
0.011306933962549568
0.011481219364205432
0.01148263135012881
0.015497231582413463
0.015500161686939748
0.01586090490424385
0.01852386728838544
0.018737701727853218
0.01874056563756709
0.01955805214224035
0.019562090359108976
0.020308376345808808
0.020317377984080065
0.02654819454057089
0.026550055221682557
0.02861693101749166
0.028630124667621985
0.028866552447056687
0.028869445827735492
0.02900835939288833
0.029012210533716026
0.029620039208606612
0.030301266508146095
0.03195720226458654
0.03196255097301692
0.03986591932116259
0.039873550165369184
0.040209115834485276
0.040224634611201716
0.04060376804571772
0.040605582835983464
0.04075089975829357
0.04075162502124493
0.041125403009504166
0.04113208028964417
0.045496396552385646
0.046481244206408236
0.046489565535957796
