-5.377642775528102e-17
0.0033593663619739308
0.013198863840824313
0.02161907574627544
0.04025650769624991
0.05141171259660065
0.0579855149157889
0.06765350764767097
0.09047310598734461
0.09783183754354179
0.10327140819557988
0.13126327134967544
0.13512386573230803
0.13792616372350336
0.14118014624329606
0.15369584847342763
0.17778682827386205
0.21033959986506706
0.2177610115020887
0.21959666716757384
0.22985312550180556
0.2350534128352992
0.23808282071366516
0.25799355743025715
0.26183238048356156
0.26675105900578266
0.2790087494725543
0.28702453886202656
0.2937360597167867
0.2980443944339992
0.29915256603384416
0.31628097706196595
0.3208431783590628
0.35104364692169376
0.364952636638779
0.37029902149578703
0.38646388305835677
0.39824233478714194
0.4034651631703246
0.41031261658062174
0.4205354665724874
0.42877687809914933
0.4322584488496031
0.4521502702881858
0.46738552337206923
0.48165053426728155
0.4890839101672264
0.4930747421488656
0.5165710369422255
0.5224922870578775
