-6.245004513516506e-17
0.009787122320661661
0.017313046720860537
0.01934206857034712
0.032496662540589485
0.03695479241327363
0.041009342011369965
0.05141497528971879
0.06298097964093664
0.06909858377992363
0.0756479788821643
0.0787025739509876
0.08831675158919558
0.09286919060288568
0.10540464645338807
0.11180440772014473
0.12276786109649264
0.12894456071952737
0.13889898354576044
0.15026104043545413
0.15451594982851885
0.1551695764803015
0.16656577941788192
0.17308678645389436
0.17856867805753196
0.18097111549720346
0.20309303067069023
0.20656028439276777
0.21301539379426893
0.2217578896707082
0.2331864377691417
0.23994616537604585
0.2463080843732382
0.25263199229878985
0.2596237722691356
0.26233325434586763
0.2680513294556957
0.27596328423753186
0.2924982342040996
0.30387295217766996
0.30809860989699045
0.31467122180192725
0.31703651382564413
0.3269223200812525
0.3318635940260845
0.3353707043007653
0.33776957316040457
0.3578364835802498
0.36367483084360536
0.3694399763933235
