-5.204170427930421e-18
0.004147461742792482
0.009234063942671804
0.00952437699475559
0.014251817466400312
0.01856523796568081
0.018743132121667727
0.029105442310187267
0.0309668662988017
0.03136335304944033
0.034180700424837306
0.03432227995513162
0.043399391120045476
0.04533794292833585
0.050481630991772164
0.05218684297051866
0.05236448521660811
0.06433908461271333
0.06445196404886432
0.0678979156362273
0.06852202206530461
0.07562398267923726
0.07775236687140355
0.0788337472992326
0.08192018875201164
0.08268571393561101
0.08975543068891732
0.09337907722888392
0.10596012254278428
0.10698512248925808
0.10889158688828779
0.11026784576705036
0.11106678811378445
0.1130725468852024
0.11402672477403608
0.1156909419260836
0.12208976486253913
0.13126492089496447
0.13264991648680013
0.1382215915651838
0.14225541049240348
0.1451606291095749
0.1467274752150528
0.14776803124125953
0.15008435928741656
0.1558525120993058
0.16062475071424398
0.16222145789129794
0.1705659335043833
0.17583769530428361
