-3.9898639947466563e-17
0.002092109698578759
0.008449562052903965
0.019136638691386355
0.033919849752707044
0.05220338318439574
0.07032456004227092
0.07377524655146543
0.07507480216729345
0.07665774599652879
0.08079182767434341
0.08499259706556313
0.09070122751368757
0.09666711297010938
0.09977468214250756
0.1050135875608693
0.11493434632338358
0.12377040708033123
0.12716250962215822
0.1379261648283013
0.14681613888861325
0.15625950323866186
0.1685613285746129
0.17375663743915157
0.18637862015244003
0.2039650842108871
0.20561708759018066
0.21866208860735997
0.23694031637148688
0.2448581727974274
0.2539123302636724
0.27268297542302283
0.2797836091565443
0.28115007755986254
0.28428096883115755
0.2953244876555426
0.29574875690975894
0.29613121637682127
0.30481780682352533
0.30544114474451933
0.31279116499313614
0.31960726824176966
0.3197703444446842
0.3273075424893142
0.3388196340983921
0.3392821241719545
0.3431016631595729
0.3548368947333468
0.3655928128615473
0.36563848297377866
