2.949029909160572e-17
0.023550391403894783
0.033442603752860976
0.03354335304551528
0.07781700513080389
0.0965254624380002
0.09710233546095001
0.09827315243155121
0.09837534206518599
0.16143213083259442
0.16159417454602332
0.16622772255423954
0.1913555263091586
0.19143560048620933
0.22261197893751616
0.22356159203760345
0.2714101841895645
0.2717438674948056
0.2763742431582196
0.3067587070968529
0.30845304642128146
0.31136787949800454
0.3126845347271437
0.37498631562397167
0.3757051828026059
0.4014655348025605
0.41684777492438146
0.4176988616984025
0.4217819857917043
0.4223161841753364
0.45965909504446717
0.45971700877116756
0.527548433300371
0.5323910708243512
0.5486280723568162
0.5556266593091482
0.5684967998801232
0.5691597866349257
0.5708036816672661
0.5984586666257863
0.5995424188296593
0.6330249260922549
0.6339789503681575
0.6340247664038458
0.6352881508782059
0.7563238789610338
0.7565480062550615
0.7577449466379326
0.7582160520831221
0.759092581858227
