8.153200337090993e-17
0.039102383655490826
0.03912151803203188
0.07861611790213867
0.09673720903573478
0.0987138026781212
0.17111690647354735
0.17132206691282462
0.20539930664455336
0.2306413093492669
0.23088541067510918
0.25754413436406176
0.2578016352196647
0.35437773365187547
0.35484210412943334
0.40577354135288296
0.4250608722453634
0.42532894941254545
0.42548697098328186
0.44807302309251884
0.45679461912850033
0.4570261963292094
0.549966252759882
0.5504201874529032
0.5943345831325353
0.6299855465086065
0.6303319884610366
0.6355564975326498
0.6471679861325418
0.6520520116208611
0.7051007892797181
0.7057666373333024
0.80333880699712
0.8038772372276147
0.9217757154174538
0.9226245251909049
0.9546392031275903
0.955854732556905
0.9741621379637032
0.9747209463873501
0.9925095754381508
1.0035577801914157
1.0343690359719535
1.0346743285894755
1.0395049167165138
1.0608983054407781
1.0616451853253974
1.065879257015428
1.2511672475514464
1.2700331212463307
