-8.673617379884035e-18
0.007089446336163584
0.01794842887149589
0.025468562743809237
0.05114844518259338
0.05344445440938112
0.05559616048883024
0.07836141969191847
0.07904648083187416
0.10127978448030364
0.10158470681903853
0.10498365513588659
0.1299020358350306
0.1506058842179718
0.16584729857975541
0.16842813317779512
0.17016193813035285
0.20095594200173295
0.2108165212782456
0.21342840723732392
0.23108144187219332
0.23391240547167264
0.26645463199145014
0.2676077729744037
0.2720066365979446
0.2943960493588623
0.30233053677445987
0.306142559095832
0.3340347985981701
0.33793632357592435
0.34760727196103325
0.34793177237493583
0.3741120210028783
0.38367445315500953
0.39050618724998293
0.4071269292698945
0.4080305679551878
0.4362545634857601
0.4546772691103625
0.46438122638385654
0.46590429284002904
0.48657532378784746
0.49443622500930595
0.5000631460950825
0.5176457085824832
0.5222605190839132
0.5418247354765526
0.5638733330409937
0.5680707338444271
0.5769504251663133
