3.469446951953614e-18
0.00031941295684231527
0.0004703399608897464
0.001047973800740466
0.0013143489850072371
0.001504364249564849
0.0017454352490129839
0.0024593920695085026
0.002730391424242416
0.003352414448143456
0.0035333373412674805
0.0035839654935303777
0.0040364676860754
0.004329477696781513
0.004618661362675578
0.0049674818410405264
0.0051535836844112635
0.005514953395986889
0.006014090388329929
0.006259777487957663
0.0065746293064155945
0.006698583220360687
0.00719540116899074
0.007879230992381922
0.008021658266091662
0.008057981900285551
0.008450565921193547
0.008624486390642191
0.009185503526710615
0.009276662557519346
0.00946899740060961
0.010270834651556452
0.010500966919355264
0.010854734704637216
0.011012750621562846
0.011483225794048162
0.011724731722884471
0.012088566385970561
0.01209660638949626
0.012809680356740774
0.01319333922463547
0.013518112195389167
0.013890990586090847
0.014286508114826275
0.014562441711752852
0.014813534425353212
0.01510700249811603
0.015139423867600704
0.015719194272057216
0.016265374323570093
