-5.204170427930421e-17
0.036501230148745886
0.03650689029711492
0.09124132013244797
0.09141848091543991
0.10624759148867259
0.1507449267598677
0.1601833595220663
0.16032506562358767
0.241496045807418
0.24165573412710467
0.254133270558865
0.25419174001110145
0.33291339380973384
0.3330854007508985
0.382837175572652
0.38312641228086386
0.4223405540818659
0.42240033764812807
0.4239408097546701
0.4294387503144348
0.4300542239661157
0.47612142266613716
0.518145524748154
0.518733712963101
0.5607518469723792
0.5855212609842784
0.5861679737684794
0.6043789076113942
0.6044580586088267
0.6767515892750556
0.6770813172416946
0.6841671113796189
0.6843102335299706
0.7396308712039632
0.7414214656106068
0.8823536517384307
0.8840131478503124
0.9074834964449546
0.9245547743316559
0.9453851467127696
0.9457521222427822
0.9634510283535036
0.9637664716601758
0.9846069689852065
0.9853942431385238
1.0750937399661475
1.0969384477163961
1.0970461120282236
1.0996357247319788
