1.5612511283791264e-17
0.00040584973996568227
0.0005759447135002434
0.0016594067866443993
0.0030387020878033556
0.0037601973256924538
0.005512060295301128
0.005598589758797316
0.006645992247252987
0.00747868651603917
0.009126688460309623
0.009243250282983126
0.009840669903045532
0.010939682491232705
0.011757120689106606
0.011893172416059439
0.012862556382714647
0.013157260173534345
0.014287431942024907
0.015226874400119496
0.015282703157130888
0.01618726348202712
0.01753192509150934
0.018122917399392972
0.018164007268567123
0.01993104736239791
0.02020778382722859
0.02133082557792402
0.021566541593666437
0.02217376148068595
0.023521693450685402
0.023695970136352447
0.024262445543463608
0.026166876536843756
0.026851144970269747
0.02704205223845981
0.028598191858615035
0.02878444658674781
0.02988983948218571
0.03074456470163245
0.03133080698391062
0.032350253687477036
0.03271225148385775
0.03328429877807476
0.03350867712618645
0.034962705124294634
0.03577064890497152
0.038251018810350215
0.0385374818668512
0.039343459833713346
