-1.214306433183765e-17
0.0018502748135419758
0.0027516601826589743
0.004461051558207377
0.0047240900591387445
0.007362901193012599
0.00983305165948979
0.01034151479107401
0.010980350785764688
0.012466708205989252
0.01307498917707176
0.016566775598057616
0.01781550826057847
0.01863356523604292
0.018840623992118985
0.019643959047253336
0.02455928096752074
0.025781752593240212
0.02675720480880494
0.027082244795817077
0.027972291042908125
0.02927638097338367
0.031116568659680384
0.031347698964819246
0.03159668017673334
0.03383776542368407
0.03925647620498693
0.039848025317081016
0.04072825114036078
0.04155659204984841
0.043681752915656936
0.04439153908520074
0.0452984109475519
0.04667161977347953
0.04743279761926462
0.04941502001586676
0.04994612257193158
0.05222748016029476
0.05238707318009546
0.0542488177160382
0.055447851780645534
0.056912057290752084
0.058548620113177956
0.062065355405481186
0.06540585316576893
0.0670318431165318
0.06754165560176974
0.06810250956305358
0.06843072090521567
0.06945413540557616
