-9.194034422677078e-17
0.0014962779428071282
0.006182881884440534
0.011547891964259855
0.01986771825236571
0.024153181402581388
0.03351554971047947
0.04626789807367777
0.060348867257555706
0.06554646258874229
0.07587821931911293
0.07991561535716393
0.09287344782288756
0.10407334984570234
0.10490543337445425
0.11179463736534832
0.12160767451811293
0.12588360181082975
0.1297517757533899
0.1392499290670721
0.1429057462143297
0.152715748622557
0.15645849565614983
0.15935639661634363
0.16811945423333702
0.1767285458266067
0.18208459809710043
0.19070862891608276
0.19559537065607216
0.20382476641284505
0.20576955129876623
0.21984988752961585
0.22929737949558412
0.2315641618507706
0.23993424149541026
0.2436539855289816
0.25758209136186216
0.2660077486264331
0.2707561923466778
0.27722244849136446
0.28534402410315773
0.2984252461626215
0.3037982803132825
0.31434310369120144
0.3223742543918473
0.32582097574941815
0.3338874923686393
0.34031066541042015
0.3579911817808018
0.36695977368150934
