2.2551405187698492e-17
0.0011043459774197923
0.0012085212357592148
0.0012091176296020346
0.0021392920713903685
0.0026415072856836794
0.00264202715809771
0.003942643288950602
0.003946208274322873
0.004749531789011231
0.00475110174373905
0.005787300992898257
0.0061572408871779
0.006158644042275481
0.0071234605179555325
0.008097298226950518
0.008099268642291256
0.008211118008650537
0.008215562097233542
0.008820686085077733
0.008824430644031886
0.011303786146061036
0.011304696741934935
0.011562921701449855
0.011566727047472308
0.012914570868376477
0.012919195780403502
0.013434558947268223
0.013985249074455782
0.013995504941238269
0.014413452086372404
0.014416771168184466
0.014907383152767377
0.016497056897722948
0.01650024483511437
0.01728083322029942
0.01728648595806989
0.018086629881100588
0.018088710291404284
0.01924589820600084
0.019248322855879955
0.02099528642543326
0.021002807453610432
0.021230550880553804
0.02124957779515612
0.021599624882948157
0.021605884423986317
0.02287647269958574
0.022882803193240264
0.024178377759163275
