-3.642919299551295e-17
0.0038797302656724247
0.0040460280794439515
0.009643006518308848
0.01356201728888482
0.015706735956772085
0.016281364814491474
0.01803803934198734
0.022129064274760475
0.027036903242750224
0.03295744413971449
0.033828852072993465
0.037752754785134034
0.03902200819404031
0.04715262341442293
0.05331571294228469
0.05649831724779542
0.05901652961708929
0.06207268857096316
0.06385670387768279
0.06434727159464647
0.06872990787696935
0.0719489688299812
0.0756348378723161
0.07651887511046877
0.07883905784382922
0.08001028411008022
0.08077802661489417
0.08852987739908956
0.09001944684029137
0.09470278029864027
0.09505349598316087
0.10071982011580435
0.10371554184144471
0.10445408675249808
0.1050668984304893
0.11420647023200253
0.11512456018522678
0.1167152144913277
0.12414711766322516
0.12855145549938252
0.13086373218127603
0.13265179087818235
0.13361888189411467
0.1414965111815931
0.14386660240991808
0.14773747427003875
0.14862191457148993
0.1530373110486056
0.1580160295556126
