-8.673617379884035e-18
0.0020696814785854164
0.003305192514045867
0.005042999848337518
0.007814403876430684
0.00963969325038925
0.012785385879573135
0.016112744497720544
0.01791828072473573
0.020527376566828723
0.022063114791740397
0.025094445426335175
0.0258224853746706
0.030377561676098258
0.033101039577822226
0.03398643863061787
0.03577315988800217
0.04001162263786677
0.04163397373433422
0.04466512148926259
0.04494604021593792
0.0463474693179348
0.05019509349739259
0.05403366305559006
0.05697968623241872
0.057160973880155876
0.05948821095459351
0.06118001423637399
0.06447715509138546
0.06573537676851948
0.06822539773878038
0.07174691776760335
0.07192489512834811
0.0745054761582696
0.07599508948217432
0.07761820381489674
0.0784399320266544
0.0850638920515065
0.08531555390842575
0.08937316700578213
0.08957337400690815
0.09416157625875708
0.09439408868836047
0.10060586542326479
0.10102346312968058
0.10436348167947329
0.10741384826342146
0.11005385667186793
0.11069377785718813
0.11271965600600749
