-1.214306433183765e-17
0.0015902712788531878
0.002643301830988704
0.004520738151441472
0.005999676117429889
0.009368721576665148
0.010406025912261389
0.010878360151022124
0.01588422864353759
0.017515220210972564
0.017988144073157915
0.01948422226833999
0.019889709529778907
0.02403931941801961
0.02757802836136984
0.028943774154518945
0.029353840319217957
0.0329572177573785
0.03380322151690097
0.034569418863862826
0.04049438759516228
0.04134161552351501
0.04555778043654949
0.04701143181293201
0.04925993726820698
0.05034181317978558
0.051790833471539933
0.053768236978953506
0.05401073248248326
0.0584498187361485
0.06055789070829878
0.06565945147870991
0.06624352624706795
0.06728875338790659
0.06863892787307081
0.07025674427161102
0.07123932687304677
0.07267399719156695
0.0736768126363039
0.07582639703934384
0.07867821613973452
0.07976222867000252
0.0825688153682435
0.08447313340091664
0.085548438276633
0.08946416346491719
0.08977391079141486
0.09010759666692084
0.09068939356866608
0.09339947910261348
