-1.5612511283791264e-17
0.0008111876665767414
0.0009029698430274274
0.0017896604328798294
0.0019280687274082445
0.003003225848338063
0.003317937010395908
0.0038111644218714325
0.004261498826214554
0.004616083018264768
0.0047258235623601
0.006584269861570428
0.006680335139147583
0.007130121270488085
0.007622860358133343
0.00808444254284413
0.008359217819994788
0.009155860354269489
0.009307655263090188
0.009832138809385911
0.010791457201195976
0.011137632944871577
0.011602836488096081
0.012036919803675937
0.013366259591471
0.013711186303620638
0.01381382867429508
0.014955338905180538
0.015234805828591673
0.015278310104330796
0.015406858181753481
0.01604066876296427
0.0164935361259936
0.0176321575256026
0.01803563426042821
0.018611852738323324
0.018701713115270413
0.020184211032489262
0.020257957949216823
0.02061765580852965
0.020711451316219272
0.021863701160903956
0.02196719973574695
0.022599929584897017
0.022630424080825155
0.02318730895275717
0.024208091481030772
0.02453845623093997
0.02520721499895006
0.025689601535356828
