3.469446951953614e-18
0.001872639487107499
0.0037915648741141655
0.004833198829123701
0.006113731027874146
0.007476617453196123
0.009505725691650717
0.012315397153698992
0.014262594881974516
0.015125482620283731
0.015908843708397763
0.017914280202669927
0.018422738560248238
0.018874154614306644
0.021906359298166332
0.02438871722531326
0.026521966404467634
0.028043048290863466
0.029174894874652732
0.031505387550735106
0.03279981765070775
0.03361237690188241
0.03423181065925722
0.03556868868608963
0.03637911563535549
0.039928876554159685
0.04156074991849715
0.04407917028018482
0.04452979292310663
0.04495801921791488
0.04735814300285059
0.04826195007476925
0.05369304105761478
0.054046935392845795
0.055776313589836916
0.056565435800928786
0.05764960388897774
0.059064368364844
0.05981868065415815
0.06081802719796054
0.062766253582446
0.0647713375197239
0.0648496161976719
0.0683101789895814
0.07012594119964258
0.0707727258065156
0.0727633365093572
0.07457488811856905
0.07960928372728092
0.08076052438485475
