5.204170427930421e-18
0.0009653518612858462
0.0020108148779235824
0.00251597213149405
0.0034131324317195223
0.0038842530983786844
0.0047159057784896905
0.007074033903732268
0.007473218077405095
0.007620776507971204
0.0077451513986900675
0.009091003098339096
0.009632002470307483
0.010196271862537182
0.01154459819889629
0.01243546147963649
0.014238203604486554
0.015128268334922241
0.015813716661688487
0.015831555352689465
0.016127804705209296
0.017492918044727246
0.018283463891896515
0.018341624200961457
0.01893156901793936
0.020765196238039164
0.021909514653065044
0.022913384711864278
0.02383567117870939
0.024358543709482205
0.024572848678317015
0.025649239061735947
0.02708212264461239
0.02782013507624064
0.029031141223587166
0.02963239692307757
0.029694345852581717
0.030833190223547628
0.031283086535432034
0.03218072764317613
0.03230343492213353
0.032594621768913395
0.03293259173613394
0.037111151697045215
0.03740060710452475
0.03759373406987093
0.03837602229275367
0.04019312798211639
0.040852648092782176
0.041201784158345724
