3.469446951953614e-18
0.00022820037950005076
0.000354919807705344
0.00035528495974100106
0.0005725262809523138
0.0007880267647394478
0.000788592604724983
0.0009584598175802535
0.0009589609475940831
0.001013851026146163
0.0010156605383100786
0.001079895291077956
0.0012400387061894322
0.0012403968695347822
0.0016572737228238606
0.002088790118699892
0.002259303963782641
0.002260797098408457
0.002469613340652363
0.0024721524210974104
0.0026384317620727227
0.002640014904085433
0.0031322183715335513
0.0031333997362012374
0.0034449493861867866
0.0037639511312892258
0.003765166667407654
0.004187148150767064
0.004188729806570198
0.0044015633823448735
0.004724805015906868
0.004726241791008074
0.004728370583148662
0.0047301806774719835
0.00482207937232886
0.004823865053013302
0.005689215450816734
0.005772900033274761
0.005773168398603741
0.0060777332643451015
0.006078640318894815
0.006275078184124537
0.00661270147893126
0.006615116705088771
0.006747048795934131
0.006785154470247768
0.006787747956789087
0.007465838734806262
0.007518354969823312
0.007775065232308679
