3.469446951953614e-18
0.00036234848525170185
0.00036251355670103083
0.0013725821182904111
0.0015036543990643667
0.0031439859959675135
0.0031454722613414084
0.004652145660847465
0.007254511507439198
0.009382099470983474
0.009384944491402885
0.01271977219155968
0.013082366594931978
0.016731031413658802
0.016736090589990017
0.02000616341078905
0.020296024420806157
0.02179872522723085
0.021806933546568687
0.021877267369453605
0.021924152677665183
0.022396698902172635
0.02241103589010246
0.023428433230343937
0.023753573307891303
0.024640860764421887
0.024648658386893472
0.025184272533686547
0.027921336021481308
0.02805084918174814
0.028055184412195393
0.028055741876650664
0.029620635320752403
0.030524424991315163
0.03054102656995663
0.030550380686796004
0.03128320859123893
0.03128610399752909
0.03149943218761534
0.032295932505158574
0.039300208521914536
0.039785166518667744
0.03986148710426115
0.039889583073859085
0.04092514506525652
0.041701776851615815
0.04172668319179619
0.04265299226131228
0.04378070083546999
0.043789107797943316
