1.0408340855860843e-17
0.0035381856767811096
0.0035406659476927786
0.005289792635316995
0.008222352609254436
0.00995434874123455
0.009964507647978961
0.011001725162143166
0.011010256469748793
0.018556537910220057
0.018563892762766224
0.021577789992897542
0.021590324445073007
0.02317826742199707
0.02713698318368562
0.027460316757519067
0.02749701401522813
0.02893936754796638
0.028945874625975213
0.03642378742667194
0.0364690693763634
0.03930255617920806
0.03933112307082258
0.04096072680195604
0.040994012339752826
0.04494066153847003
0.0449600887669458
0.0502710203549862
0.05032904536787954
0.052270792420132675
0.05463260982068125
0.05465103998180023
0.05605135119417281
0.05607173973018075
0.05834103636405676
0.06382321140300412
0.06387249010742335
0.06556070803722872
0.06560561288197024
0.0699072374411871
0.06996296599476033
0.07229291151470073
0.07235628302009513
0.07516256872889457
0.07520990984498149
0.08030275063591827
0.08040352854905011
0.0851658268328783
0.08520975159781122
0.08681362643516881
