-1.0928757898653885e-16
0.06633266301239128
0.06636516324285577
0.17189695513073056
0.1719637804454732
0.2655003964373135
0.26566005866858444
0.32596555237902874
0.3261785513510726
0.5064791734247248
0.7295397436698988
0.7299727670533582
0.7899836307301005
0.9066267105042315
0.9069152561578193
1.1531768245340093
1.1537722779651358
1.1626566905976476
1.162970474467215
1.1899829319697757
1.190565161809181
1.2166803766100578
1.2174620091217647
1.345181667012891
1.345359140614946
1.4332695196123215
1.4336245329105808
1.551137491113374
1.5579446793674905
1.5586902324044962
1.7518254691681416
1.7526064271662165
1.8085903513450319
1.9015888220409112
1.9020472106843695
1.9665146068376311
2.03212085549321
2.032416128076189
2.216269398339508
2.2181448268288535
2.260201374542656
2.260863930448854
2.328341663562206
2.328889906570015
2.5334765392239236
2.5340759983968693
2.7484861298717274
2.749134262115314
3.132551546455489
3.2500144267136415
