-2.0816681711721685e-17
0.01357071380029372
0.04779187935404235
0.1017389745832897
0.10459368134819508
0.11701577595127514
0.17149359012627727
0.1805695050992597
0.18861903836256305
0.30233514951031737
0.31691943801253186
0.31871087944227766
0.35788314386242204
0.35816197349638984
0.3992103040035556
0.4061890977040046
0.4229144236416418
0.453022975407973
0.45576914027643406
0.49439698861979664
0.49964588230819484
0.5683498928067987
0.5935278515723782
0.6051252940881428
0.6191240124747321
0.6228177250975
0.7439393459025875
0.7455441864103189
0.76083770752657
0.7642653641681341
0.7775014421365715
0.8574619441589
0.8587473520855154
0.862960504335658
0.8785793312198807
0.8952368536204174
0.9032362065413586
0.9383213359766951
1.029470946185303
1.09139870961578
1.1044966463930708
1.1129279970390142
1.1436504379434425
1.1637007189101414
1.1768440744555393
1.261262732826123
1.2904706520164964
1.3017590865965134
1.3443541602804627
1.3451375330574327
