-8.673617379884035e-18
0.0015235871299218023
0.0015460718417891154
0.00186041166390301
0.0035213417478116432
0.0035890029604978644
0.00411845475146958
0.004527184292697476
0.004646866977689353
0.006399414929593677
0.006518041185155471
0.007012400247471849
0.0070439801811466324
0.007374688276042011
0.007635826860460425
0.007782078256909403
0.008948203297225522
0.01035813749176598
0.01118480248486555
0.01204889338333824
0.012111184422742656
0.012265300477060282
0.012665200627350099
0.014095584247216403
0.01440851929180448
0.014689625680186997
0.017520205449823065
0.018268497239824377
0.01868505311509655
0.018791062678820386
0.019465073482368492
0.019754336674198195
0.02065711820260891
0.021204959799881025
0.02141398006632829
0.02218721588615137
0.02261806663975245
0.02515384673427215
0.025865615193711326
0.026248892563524105
0.027163066840372924
0.02720224630263513
0.02817843036291348
0.02863224749870004
0.02978536416573014
0.030134350579947587
0.03254650952843562
0.03269239178313575
0.03275462073080216
0.033405614740546465
