7.806255641895632e-17
0.010173490776230814
0.034827224409984585
0.04039230884169035
0.09719261163726856
0.1343705854784024
0.17382718170181952
0.2714734400153142
0.3730402798031531
0.5044589326624024
0.5077137493438159
0.5917712329043231
0.6184838992819128
0.6241135871866093
0.6818160337661011
0.6959128162970579
0.8397548778985133
0.8574877798507301
0.863979870123831
0.8658156941136577
0.9272431725641495
0.9507312952308781
0.965620689565759
0.9914800246520676
1.0050949344811502
1.0207069057798834
1.0272604464723143
1.0647071637225989
1.0722416236089993
1.0959919314504143
1.1988083955212627
1.214353048193531
1.2208512669426854
1.3256272628097054
1.3420845564145905
1.4123942425931795
1.4360643404029203
1.4424847280086184
1.5548237143942507
1.5755051343125077
1.6232114629945755
1.6867748829299376
1.698295876813491
1.7002071245143446
1.7391815185922372
1.7631174856026322
1.8686365053026592
1.9538501721094204
1.9700332543395322
2.095544949782451
