2.2551405187698492e-17
0.00233327985968727
0.003181862059838921
0.007263398114838086
0.00915786429885219
0.01273920209505776
0.014962061323257008
0.017711173920742403
0.02427200038794102
0.02452400476108589
0.026439562053310335
0.029356665357499125
0.0318283308095991
0.03512424499006075
0.035788461305683535
0.039580049869622075
0.040172382410105276
0.04099981225514501
0.04920120829064759
0.052958519129804434
0.055279948485545564
0.05593056674535624
0.06039672515895186
0.06625067354836431
0.07089631485650388
0.07218159992414587
0.07504670740845183
0.08173806812922552
0.08222705051603454
0.08407432276445588
0.08751680156458562
0.08965861626700125
0.09302516352970595
0.09797813272877262
0.09854721767984922
0.09860335385195777
0.09877768156967258
0.09910595520938092
0.10279613787522976
0.10782413645793536
0.11148030027335498
0.11441602661584721
0.11511113566899829
0.11875739972031456
0.1228224923929185
0.12955385014262308
0.1302521286019166
0.13335147561442817
0.13522445578309647
0.14236593858784
