5.0306980803327406e-17
0.003054687894214852
0.007713541309104644
0.016669905844398404
0.016716840463298403
0.04756004848962815
0.05464045082871644
0.06019845403143787
0.06167612743415516
0.08034582506932947
0.09310004174472658
0.1073985234631825
0.10792666884949548
0.11513776772193603
0.11729715140218973
0.12491855488321658
0.1493400558490452
0.1629478200301984
0.17737477028069742
0.18426729202231085
0.18621864911145822
0.18925148033049127
0.19080081389171133
0.1919182418365734
0.1998460429296865
0.20539318756588165
0.20963382595969832
0.22955739653906773
0.23535179529062392
0.2509810381453414
0.2515572392880758
0.2759041096888682
0.27636151179616614
0.27871100728073706
0.29132592229679494
0.29282253220826837
0.29338584622074143
0.3259686704247405
0.33245649319304654
0.34489181169654487
0.34542249238643385
0.3537427978916401
0.355708647621104
0.3596905227875648
0.36336967607795445
0.3670982603647488
0.37629136002407954
0.40010963640691594
0.4018738949562234
0.40992424474876826
