3.469446951953614e-18
0.00017578954588358744
0.0008892972179534425
0.0022092028424866173
0.002508474072951572
0.003985164339793032
0.0044419238281081675
0.005114594258573142
0.005520463158244171
0.006158068845503661
0.00661480116265231
0.006781525245314885
0.00744699118544123
0.008281595819014336
0.008732892748707316
0.009100536634680736
0.00918863684534517
0.00978885215253193
0.01041318633164033
0.010859095586656977
0.011021486015008788
0.012654537556793443
0.0127416683277376
0.013378121017771907
0.01492198649227674
0.015479364073409189
0.01569700502563104
0.015958574338002872
0.016192174171550743
0.017488117098647803
0.01831723088911512
0.01854633257094475
0.019035958062432648
0.019462178594892326
0.02004286470344912
0.020913033673807598
0.020922929740741697
0.021406348218920047
0.02204498825484063
0.022605901352718928
0.023995335008802035
0.02457582274904945
0.024944248984454485
0.025389506697137354
0.02598597194819302
0.026881633483518706
0.027367400642049705
0.02872080216105586
0.02959682057291553
0.030277346594438724
