-5.204170427930421e-18
0.009565192222796252
0.02109236635928656
0.03061947282614729
0.03069770048222968
0.03825102779426738
0.059259169839192126
0.059416290189448086
0.08431117788271329
0.08599431634805899
0.09375883237940984
0.09399621786821959
0.106958616720066
0.10718440737816277
0.12236180840083856
0.12267565682751162
0.1527909944657853
0.1700224786896865
0.17036979017057338
0.17365492986615697
0.17402219597090687
0.18951969624339235
0.19880347380097446
0.19932255922214964
0.22733768568559218
0.22797002151094567
0.23662908535756264
0.23712020599376163
0.23849109933505994
0.2592690587408839
0.2597406153102154
0.274911050803715
0.27557151310638817
0.3221532495497977
0.32269423777407114
0.336310597103381
0.34136447015277843
0.34211661595541715
0.34313013959232863
0.3454802194070424
0.34631855273777223
0.3636843796583317
0.36455261143275536
0.3739341418428324
0.3748541430034182
0.42142257545613787
0.42225226933533283
0.4264214774620955
0.426721101594652
0.4273720887610549
