-1.734723475976807e-17
0.001674986526776688
0.0024695410521607553
0.0024708751818767263
0.0028588788577965808
0.006294429268696824
0.006295474738511728
0.007023333757670837
0.007030711522101959
0.008620573790856881
0.008624105672458528
0.008757845091830278
0.009548492109237626
0.012913525781392767
0.012918635395258013
0.013335422824131386
0.01334790740437525
0.01511720204678465
0.015121681798586454
0.018343593423099547
0.018355442031745606
0.019359970020612356
0.02103754390459566
0.02136970557268221
0.021391037202607502
0.021673630720075117
0.021684880671377887
0.024155911733849504
0.024168297797521512
0.02618443041255524
0.02618965640179364
0.027858409032997827
0.027870151169334667
0.030266887518297536
0.030275175213682524
0.030789157103537294
0.03081216123231982
0.031099842881775724
0.031118973170401402
0.03497187908722701
0.03670844277960788
0.03750980568840468
0.037533161687374736
0.03956305575390876
0.03958340113122071
0.04222824887231888
0.04224814498776304
0.04248529999566485
0.04250918316387592
0.04255315187626829
