1.0408340855860843e-17
0.0001920172050777387
0.00044841327753700026
0.0008355583165287634
0.0009727532538898066
0.0011620939439330215
0.0014910019588488654
0.0017000398582006741
0.0019512862173508127
0.002001501117404377
0.002113031017276022
0.0028257063796586126
0.0028568440460252486
0.0032690903676643804
0.003292249829283436
0.0036789317480979845
0.0037760712626056098
0.0038162225888973885
0.004303272545555861
0.004431691429861929
0.00469468988490967
0.0048978481871532545
0.005220523968488456
0.0052750921523798296
0.005421464916578593
0.006050322971111683
0.006139841112634282
0.00638135289967434
0.006728389857137402
0.006745878226184989
0.007016454810750474
0.007335648682150088
0.007638143224966349
0.007911592792177324
0.008215141772273728
0.008317739828516411
0.00840530239132105
0.008499575233987906
0.00896049119641972
0.009111885754080491
0.009186715997024612
0.009490856287296337
0.009582617264524555
0.010090810493473016
0.010446322862866777
0.010571155880392607
0.011104226310934618
0.011265371621725364
0.011336697328815972
0.011452937118969232
