-2.0816681711721685e-17
0.0009843752433948971
0.0025558161521903426
0.0032050088357832122
0.0050559471031111705
0.006300404833576646
0.007259579675410447
0.008073073716045457
0.00941480243979838
0.011441302937446435
0.012673600820460958
0.013375402426493198
0.014229725945253955
0.014703715524885192
0.015677696139380283
0.01716167261141137
0.01773921111382879
0.019051111526159487
0.01953577425633663
0.02079176237640496
0.022183344761970585
0.024663401044191215
0.02591832202201106
0.028252884512404604
0.02863907350892478
0.02872787985415101
0.029675712604941007
0.030343140072952864
0.03437013615503601
0.036292782684654606
0.0373569665625661
0.0386893496201058
0.040518308762318975
0.043167812013429105
0.044669836170513594
0.045761423078832304
0.046062808192657234
0.0472098186292308
0.04901852291258216
0.0501300846036195
0.05216671638660365
0.05317617880645146
0.054085217246075006
0.055801388804237066
0.05734482709998303
0.0579959918380114
0.05865416115445455
0.06159581697245436
0.06275190318777443
0.06332758439979776
