-1.3548190347378863e-14
2.3543447288497226
7.455055306632958
7.779540497241981
8.5127821995648
14.049462688136646
14.49496565684934
16.08710482241226
25.58873832797801
25.890036970524985
27.744926883493992
27.95504991842358
28.189313709416396
35.433467717490906
38.166797965731405
39.51724013354506
40.85311889206841
43.50459595872391
50.96908416002305
52.30032524728723
53.205848519480924
54.88894587603432
57.72472108993435
58.82830612122495
59.882308441536225
69.2630006014595
71.57488019410805
73.52533641644591
74.38080178803301
76.01110482879055
77.7048920895295
79.82995789531547
85.51419655439864
87.98135152064438
89.55331536527518
95.39456499319651
97.40963365965008
97.8467101068899
99.7687029992007
100.66929220175723
103.38939330627784
111.46848820940137
113.00265032110549
116.15630539530467
117.264966761478
120.21673103499477
123.13877757304336
124.22490344055005
124.61044892744434
126.26194980038723
