1.5612511283791264e-17
0.0008815292715026908
0.0009639725245813423
0.0026121792732382715
0.0026122756147517676
0.0034408293591223597
0.004100669579632782
0.004101373657966666
0.004124651092596259
0.007828898786167245
0.007886107818344845
0.007886829209673063
0.009059357748070302
0.009074970336145247
0.009076596435706552
0.010499482049929702
0.010501515018709636
0.0133236416309015
0.013326140393258442
0.01418022769946885
0.01519393478591152
0.01519906637654825
0.015561814424982045
0.01726349295170758
0.017265266749812574
0.019133341217806216
0.019134634219858553
0.019346917145374017
0.019348423075357002
0.020325640028699334
0.0203284851720366
0.020439404104302103
0.02043976342942507
0.02157594118192864
0.02158451360036623
0.02260631007531458
0.023525554718910012
0.024191341858194312
0.024194910504147765
0.02616647970681396
0.026172941321678266
0.026728275439658652
0.026729543465323843
0.03000017975738497
0.030012663054571002
0.031768967698187975
0.03177414343680714
0.03282232133087756
0.032825764321600094
0.03303001601657545
