1.734723475976807e-18
0.0006638054430237461
0.0019017448555692599
0.0025648298174338075
0.0025672430068516376
0.002654409489735608
0.004552903361585406
0.004557295622899624
0.005966942777897033
0.007616597505920872
0.007858272094937545
0.007873128266960397
0.00826888372295109
0.008295073354845183
0.010249474494246616
0.010281709688692848
0.010603433153591324
0.012489167661968706
0.012506871032779693
0.013551848433745703
0.013583437615096365
0.0165541546547947
0.01715716008570614
0.017748854571654253
0.017878369769189245
0.018176550055865
0.0182107342129956
0.018433133930781942
0.01845895881516897
0.019714997786514026
0.019880703758137733
0.022997743603526827
0.02317372218004076
0.023814333461763336
0.02408192620334121
0.02414939944114921
0.025683326208315475
0.025714657803998058
0.02756612636311582
0.02779526542609207
0.030485935634062912
0.030975421133414685
0.031297368284900345
0.03134785409189717
0.03139569480112534
0.032369191143095555
0.032922550614935056
0.03318963625488155
0.033604471919256314
0.03372683496958547
