-5.204170427930421e-18
0.010784707120776093
0.01078734667925099
0.010791956900864026
0.022182818158775805
0.022192958038617268
0.02220481820507908
0.02735851298298228
0.044186655896337655
0.04419940513609292
0.049134383776781504
0.04914524665524127
0.04916713637145978
0.05176793227843007
0.09695447841195237
0.09697276185917161
0.09699759851493443
0.10846981041227147
0.10854018366412427
0.10858682368207968
0.125810377392205
0.12588167517107696
0.1259504054440338
0.16300924246609988
0.16304751263818437
0.16306336673060942
0.16401861630383552
0.1640384784896035
0.1744001254896292
0.20020265165285842
0.2002315084218021
0.2002880809747397
0.20695506335936426
0.20705727256795156
0.2071565570720263
0.2074912746366034
0.2075186626432025
0.20793501496214012
0.23741972798136324
0.23751840587812892
0.23758881282041927
0.24523859582721125
0.24532815660999152
0.24536498474413948
0.25632075114217584
0.256383110828711
0.26511909970698
0.265169999323405
0.26530364780217675
0.2697399958201478
