-2.2551405187698492e-17
0.0002961448143410563
0.00036294317994734274
0.0008221158965647877
0.0010380250400630724
0.0011213521388410454
0.0014713087528821986
0.0018337096654664712
0.0018578830816684613
0.0021772241171535856
0.002507176735158625
0.0025827879295703075
0.002987335679636398
0.0031314624508394055
0.003235180611088488
0.003514170119739462
0.004015010950547029
0.004345807234864257
0.004445499725323062
0.004677399570824825
0.004782465044214666
0.005092895633019548
0.00555606174753449
0.005872234139901915
0.006158172290488562
0.0063412305855841105
0.006592253231644923
0.006783812599147105
0.006811278664233098
0.007276210727501531
0.00763753455787451
0.008205739326249123
0.008388251571328
0.008660254112268584
0.008757403776050074
0.008977727803011414
0.009187062786934935
0.009311335738719473
0.009614367940075601
0.00980487623257474
0.010195790842054268
0.010573512733016295
0.010788890252409653
0.01105915844159318
0.011261306673881076
0.011475298319343403
0.011738314675731281
0.012125537894526963
0.012393230626742477
0.01252002125302573
