0.0
0.0007069217897096268
0.0013049288355478153
0.0023618913819026324
0.00317551395765317
0.004202973851263633
0.004311972327117301
0.005579071167836928
0.006085937221215166
0.006651043374597499
0.006903992575525068
0.007471477428830623
0.009027131431216433
0.00948442052828193
0.010611867330970607
0.011043687385449702
0.011081172446550614
0.0134623464185066
0.014564271772003494
0.015067823814005435
0.0161438636572852
0.016764946529576205
0.018023627204386827
0.018235657441607822
0.018907613807538838
0.01918508718614237
0.020198427341136936
0.02047197398359272
0.021318232767858998
0.021873967133108123
0.022653418274539962
0.02327119261505859
0.02427967809737784
0.02436326938167279
0.02487961499559819
0.026028153092668253
0.027152082102415057
0.02824919405704108
0.02893741343543086
0.029733526852057872
0.03043900642603862
0.030556025279838743
0.031688544877928757
0.032450200667738203
0.03322944556626139
0.03353140316623493
0.034703015385601554
0.03550252250886438
0.0364364993221504
0.03707232632155694
