1.9081958235744878e-17
0.0014160651764445996
0.0024789755109831703
0.00332694375412115
0.004202597113082247
0.005452979340288716
0.006881087974445978
0.008421317627012608
0.009651829589422957
0.009776075169601542
0.011338783766219248
0.012146412129062865
0.013049556481629863
0.013825391519268483
0.015671319278208667
0.01618339543686672
0.018436799460037068
0.020908594232144855
0.02111079163204023
0.02153603345796034
0.022076686561275788
0.02310646453383585
0.024524590250580423
0.025493749199682267
0.025923944914316994
0.02900771046146155
0.02950646154742447
0.03030235852008744
0.03192366161605575
0.033031119416169145
0.03439055954764614
0.035685362933698984
0.03643409464336828
0.037089721193380665
0.038122988759438085
0.040026563529787465
0.04037713914648271
0.04107300523206298
0.04240239962039311
0.04256877478724075
0.04583823543021387
0.04610898831830847
0.04735767811943541
0.04801366763598868
0.04922430710320817
0.05146699746223747
0.051719035922526406
0.05423552595966472
0.054805669430580566
0.05596752813434674
