2.2551405187698492e-17
0.0005264031002749185
0.000567990251513429
0.0020941070504499736
0.0021188488111724083
0.004171100628877397
0.004624325741456832
0.005909034022845235
0.0061114217265036425
0.007038153068978125
0.007233212940133101
0.007713294575536165
0.007891970271665693
0.00793493621321704
0.008398799941722037
0.009041796168658205
0.00950998108309828
0.009676124371783558
0.00990694014989803
0.01150658120844744
0.011773596064810423
0.011940737364431816
0.012545831848131244
0.01285850351078944
0.013041810781509533
0.015527700711726993
0.015946080342364624
0.01610177459374733
0.016441637767149055
0.01741666081631972
0.01809513639278238
0.01952362641433878
0.02016516463172257
0.02078883423039085
0.02130890149759644
0.021961756716024378
0.022195402921919842
0.023300821636581058
0.024091215560685886
0.024823910705712285
0.025329767102709934
0.025984885943709977
0.026888754180310996
0.027031460372296166
0.02830018007015976
0.028445769428493195
0.028998650871515264
0.02929987542134701
0.03015421096499394
0.030255442233987018
