-8.673617379884035e-18
0.0006844459547852514
0.0015518450036923013
0.003892670687755598
0.004339269042122396
0.006334212467432513
0.009331519386213344
0.011574578081107697
0.014332226629025687
0.022708425060597802
0.023013206826593968
0.02465170373695045
0.02888203683813219
0.03237913840542177
0.03579556981079853
0.036094827430753526
0.04419388906921474
0.04452463809278265
0.04671031343073506
0.052302665701025874
0.05313376167163177
0.05454563115420314
0.05620462249618458
0.0616196610032629
0.06402227173499155
0.06521064866481732
0.07094959440042212
0.07137926770467626
0.07503200653209628
0.07860113038132503
0.08206357809702111
0.0831987362110644
0.08405685528178826
0.08551860282498347
0.08763484092251105
0.08823381708822066
0.09031595954819273
0.09042519246220503
0.09145098953711053
0.09454627849891921
0.09714277849995262
0.10066049763986694
0.10257903165403755
0.1083693753885844
0.1086086009299886
0.11269202895761206
0.11336647174320637
0.11489595399220484
0.11628485090754016
0.12048223833794995
