-2.6020852139652106e-17
0.002551927478521414
0.0025570968346754
0.004455700204428934
0.005402575624606231
0.007016888273465955
0.007841782124683944
0.008100884774174559
0.00895982622128237
0.01009154076755611
0.010446728281844534
0.014319611915230507
0.014932054672122703
0.017428191309648296
0.017800663239625286
0.01830859952402153
0.01911763806868947
0.019232503937510775
0.02139475613196682
0.021810874782360885
0.02320446236631995
0.02325619336617432
0.02470231460785434
0.02712068242559148
0.027501976389722745
0.02917466177354544
0.02982330061783106
0.030753120346353274
0.033377752439439676
0.03452772624931645
0.036940866644352845
0.03750963976803802
0.03913365765510144
0.04006075144980908
0.04148089575405563
0.04171692151976621
0.04222948745037479
0.0433061534550795
0.04409044330381409
0.04506859612496653
0.045475956374356245
0.04583232651101744
0.046764765743237464
0.04691079487913029
0.04826998711862927
0.051711729919076514
0.052462009235846846
0.05483532031862714
0.0559826570351988
0.057091601730404166
