3.469446951953614e-18
0.001253201785282423
0.004177780174093076
0.004192669979737515
0.004573978201427116
0.007561098595914117
0.007639075555658655
0.009723804238430897
0.011900265179062957
0.012005987588453256
0.013980242482691809
0.014047304861864845
0.016542701137928086
0.018410850775639538
0.018472852017144638
0.020592569524277286
0.020785144649088996
0.024091481705467564
0.026356784990962084
0.026421334664226553
0.027294502185020858
0.027748356112218847
0.02922933486752713
0.029399978125102658
0.03336449757106059
0.03344948505952366
0.034617142192641275
0.036677481675799734
0.036713568093669983
0.039353840099872466
0.0396324238586019
0.04396433247313826
0.04446137920597761
0.04529200225648193
0.04822448038364901
0.04829842126351499
0.04873209012093987
0.04941623834485436
0.04987825165093843
0.050251589355737675
0.055144229081419076
0.055173630509245765
0.05621745163799354
0.056399139037469896
0.058766735003601724
0.061563673037220525
0.06184332387409825
0.06336873423203773
0.06376112181008466
0.06660033630086902
