3.469446951953614e-18
0.0023107601598919263
0.003445455928036809
0.0034463060712189558
0.006870638966289236
0.008887403322571827
0.008889335290995675
0.009617434412860332
0.011781067620469094
0.013147323377833928
0.016973099622538818
0.01697572680431319
0.018261332841663966
0.020764842355464767
0.0213292246057007
0.02133570597166798
0.022637104530229303
0.026825776044397197
0.026836700185003864
0.029368067512635626
0.03125633849037734
0.03234584373542106
0.03435571007368251
0.03436995982722051
0.03714377834732327
0.037474997933257606
0.03798717204852242
0.037999546828696475
0.041907857149226714
0.04613183037092366
0.046996312713822284
0.04835431678867121
0.04836730859394638
0.04991832107329773
0.04993698077603837
0.05191097493870857
0.05418201847264869
0.05611796236866772
0.056120180716032815
0.05618697938613746
0.06194796863831869
0.06410269648921078
0.06429479866384057
0.06431975694174363
0.06799607039459789
0.06823540828975658
0.06826065791383623
0.06853298309918655
0.07039155050504652
0.07580308399806701
