-1.3877787807814457e-17
0.001572565185792383
0.0023129392785983527
0.004069400949710689
0.005227521954859883
0.00734449136503231
0.007824743505930003
0.009771813688915556
0.011563077569235343
0.013532703334865134
0.015239875966786045
0.015747426284831265
0.018365815610390995
0.018736643326774
0.01929759260757994
0.019792014398707078
0.02169168882512814
0.02247300144192675
0.026018409838612477
0.028486272581546908
0.028982211975883868
0.029668229211905067
0.03178748734187883
0.03312934147664432
0.03368092665141552
0.03415482186827482
0.03440883788775428
0.03766937934256229
0.037720539995784494
0.04211604391199229
0.04299337085712256
0.04342253550009972
0.04474286714685765
0.04540065901451698
0.04697607882935145
0.048638374498168796
0.05172959294123302
0.05253349679244055
0.053036634929315714
0.05498202610863349
0.05596211939918896
0.05644524526224954
0.059037143094206816
0.0607477861427494
0.06101411163242557
0.061573337775770585
0.06389544169612422
0.06718120953427076
0.06786146314291965
0.07037351524263614
