1.734723475976807e-17
0.007409605601480759
0.00867715962638089
0.011637628132447694
0.020046559195155543
0.024743811855871364
0.028288139360861594
0.031252271036212274
0.03155354998725984
0.0394415721239152
0.04087440210808802
0.05010099945848485
0.05488335874378971
0.05757234016371495
0.06072976182398588
0.06085834988858343
0.06763248582520413
0.07462295771406986
0.07467246994797799
0.0816353112828057
0.09104964602875236
0.09238881018375725
0.09460148209629858
0.10193264286502238
0.10404696327345332
0.10586113817907168
0.11238156159092541
0.11502095065511374
0.12657382149940935
0.13526465716326122
0.13672479922342742
0.13788390315214732
0.14127825378795597
0.14529143636942768
0.1535128826700626
0.1559752601185714
0.15944842077939006
0.16129825170784612
0.1698494692429823
0.1755592435346288
0.18276528773002296
0.18286667721159833
0.18998922517016553
0.19407829036235721
0.20136415749121242
0.20447444658592934
0.21298009002046112
0.21498808262794136
0.21717832175445126
0.22112277917865256
