3.642919299551295e-17
0.004010220483042979
0.009747321293988113
0.013497929020832486
0.018517871932964086
0.019810460833145742
0.030128698567386064
0.03162478597582094
0.041885763455790724
0.04294820386342352
0.04428833028220597
0.05260272012392001
0.053077899678304556
0.059738568897248
0.06532694665277212
0.06781929258376326
0.07301052100288505
0.07828895841133715
0.0868719391052424
0.08735331270518716
0.09384622888253825
0.10222772755733062
0.10743827624696568
0.10858131781638487
0.11025109869357155
0.1121461720408422
0.11578775215380309
0.12079168104871878
0.13161814887733198
0.13406096514888644
0.14024642578704735
0.14722159133474602
0.14797676088489428
0.1594444768202718
0.16102251337616036
0.16151263339871064
0.16618937492177682
0.1715597566726291
0.17695469669882408
0.18300863742745674
0.1855018639176838
0.18973742919299597
0.19735927141227097
0.19927353164066566
0.20295313337998258
0.20988122339209495
0.2133367207213328
0.21960329254226918
0.22106264185943097
0.22161165690275947
