5.204170427930421e-18
0.0009889969041205014
0.00289350176153751
0.003264572745719223
0.003949346085527142
0.006033103757746327
0.007492289266353274
0.009053009665006278
0.009474160793246438
0.010050384574123395
0.010634072435656802
0.011398889000457076
0.012159974595512777
0.015034069219485252
0.015205569973567782
0.017230714365108694
0.017574230279616666
0.018278133585906416
0.02066651619423654
0.02129442522208276
0.022307656346297923
0.023788599596584775
0.024987876799695427
0.025227470808434016
0.027271451150479423
0.029489334957964554
0.030494533245849456
0.030540124700209066
0.03178777255272994
0.033627884990420104
0.034115061115796166
0.03472318661815259
0.035727457540402345
0.03666584439837182
0.03799619602306888
0.039973901867778855
0.04076974187183224
0.04150537648942745
0.04230929516070909
0.04321596649461275
0.044531894024051555
0.046134531509933845
0.04757347755210703
0.04957105058684922
0.0507398662506923
0.05248052399169758
0.05339425646187338
0.053542718369401464
0.054005010681294104
0.055721862111247265
