-2.0816681711721685e-17
0.005924526629087044
0.008984014764500727
0.011254467825351245
0.017780780440348275
0.02072776545186234
0.02574428187376543
0.030411979284820215
0.03506712995091938
0.03650372001415992
0.04164302709366313
0.04283918154574015
0.051568300413636484
0.05378072253659003
0.06031878769193332
0.06168279547934955
0.06454454839928235
0.07298134839101005
0.07509336727505708
0.08043344032741215
0.08155489425278566
0.08834012826136359
0.09317152609615459
0.09368343061380752
0.0977032843809376
0.10297341579788834
0.11310976615367178
0.1177130987204305
0.12021336661566683
0.12173657873277598
0.12473300474461153
0.12720244837423256
0.1323503355930146
0.13388818392284133
0.14175183802995947
0.1456468254665146
0.15597538515281953
0.15709173980416982
0.1594669889120084
0.1648473138572588
0.16802744350509877
0.17651140245899857
0.17793671893944696
0.18112409777550564
0.1864067581436935
0.18686709780487024
0.18914602267383218
0.20109752992452598
0.20375293816994186
0.20637788096842416
