-1.3877787807814457e-17
0.002219656641081343
0.0022231906939857524
0.002954172896982075
0.0032010571189073495
0.005847205420094507
0.006522564503412964
0.006534284412919257
0.007423763246021521
0.010004280645117774
0.011648182531830505
0.012742716924706942
0.013174581605528325
0.013179068153410562
0.014547298276656953
0.01660486096308539
0.016619210536075665
0.019806417982259177
0.019828089082315425
0.01988381127146751
0.021562639645311438
0.022740414336388327
0.026130880982280988
0.0266093740506411
0.026662905254487355
0.028337869644906685
0.030540407800591085
0.03058003780822746
0.03164487655681498
0.03220183553997549
0.03220871199178823
0.03513147309573243
0.035176996350589705
0.03581387109565629
0.03751846063118601
0.040335800412602776
0.04037304860395807
0.04311708447039173
0.044920008782966626
0.04602659833787411
0.0479191332929217
0.048595796604673745
0.05018254926181656
0.05073661177229032
0.05078896714888647
0.05206712646743635
0.05210310218875756
0.054812893151606264
0.05484027102081455
0.05490372840680211
