2.949029909160572e-17
0.0036401584052843435
0.012523997058804389
0.03109026529002279
0.04472198114970577
0.044761126563446454
0.04999702821545296
0.06137645606252156
0.06140840106650524
0.08372762418880708
0.08373887466267776
0.08401479874817645
0.10119087571394844
0.1012208958058574
0.1113662283584541
0.12567264026017502
0.12570397445865789
0.1560690984116761
0.15639288362787182
0.15847629109065584
0.1623701807899046
0.16242047757988595
0.190152499856601
0.19020154063044722
0.1940184030413544
0.19407236068219463
0.19463097373349184
0.23578945486454758
0.23587337496653613
0.24701743784799574
0.24709218528680355
0.25186133513796544
0.2847365298140712
0.2848009805135437
0.28969728974150133
0.2897745574151025
0.30080390431314485
0.3092428275080625
0.3093454161544096
0.3187500386407487
0.3195414233446199
0.3432816181205448
0.3433584906576343
0.35322394146889274
0.3533373015292584
0.3665960866471715
0.3886199291663364
0.3887908215565835
0.4027048504485267
0.4027443115157578
