2.6020852139652106e-17
0.0017561202776312842
0.0032438482531759894
0.006721405620920712
0.007302974902173591
0.00945877898805216
0.01001619720746469
0.010976828330655214
0.012161955349877998
0.01256425471913523
0.014400434295399668
0.014864831904384522
0.0156350723125558
0.017904498469362463
0.01881273043958718
0.018962524099771394
0.022189672073648574
0.022930584967085457
0.024629837017348895
0.02616404825472416
0.026290899284202633
0.02827149561090403
0.030364088862619328
0.03270278459809412
0.033264056870388574
0.035460646837094795
0.036977155764891474
0.037582182119401855
0.03779319668620084
0.03910418645421702
0.04013316404611397
0.040198401350653896
0.04152134461438148
0.04192536441783954
0.04473553505684961
0.04654462372298132
0.04814197425530893
0.04892868197128392
0.049944232193064146
0.05088409479662378
0.052277260534554
0.05373279709432215
0.05409548584659322
0.05495124762548024
0.05677869074554539
0.057551163224306055
0.057775920436720134
0.05996240463164625
0.06210769815927684
0.06314734342485763
