-2.6107588313450947e-15
0.04921731454991525
0.18356917977969728
0.41758159221309893
0.7365195638321977
0.914960350072217
1.1515972563680505
1.6521084437394085
1.7202603908002105
1.7526030869861031
2.081251103871897
2.131371825166042
2.2466923168874113
2.5457090444949104
2.6039977348987238
2.92268647560493
3.008933738609042
3.058922577460695
3.4839022968868942
3.521165118561805
3.6923276939003737
4.009171955938379
4.032461601941337
4.525743718148813
4.6205284397259625
4.623079124854544
5.298391427255325
5.323419700531126
5.391081544317048
5.84652945107574
6.064808910859104
6.113610436014866
6.287027461961741
6.47211297150534
6.679034350092278
6.845854822411449
6.920740388575977
6.990846590796524
7.222647551312494
7.474081385976929
7.628017195031631
7.855144314487639
7.934009400351277
8.040551226949109
8.22944146209178
8.739618665587626
8.874134797092522
8.917731261119137
8.995465317607117
9.057172271608142
