-1.0408340855860843e-17
0.009848237517910434
0.01106054974938295
0.01128448734983648
0.029279042269207405
0.03170228381784633
0.03253300470832603
0.03288921473404831
0.03508904196135245
0.05904290288573432
0.06111272048049921
0.06360325057840624
0.06437826712252755
0.06712587980936155
0.06794256504967434
0.06929309019401654
0.09870544812690803
0.10200905106938628
0.10392051823534922
0.10472273456946439
0.10688906412088675
0.11111666028887972
0.11245247841131092
0.11447547854623867
0.11521447603081401
0.15032936588699208
0.15091725842994663
0.15249247796150198
0.15572125557545047
0.15951573687455994
0.16097154044377057
0.1632933795298809
0.1678034892480714
0.1689189877402042
0.1726410837566765
0.17372714884992216
0.21013550806792416
0.21178508482937275
0.2129685918652159
0.2141385824577336
0.2197946050450533
0.22282049436929435
0.22502021184712187
0.22769514263583798
0.23208959741472177
0.2359214014280511
0.23640272839658366
0.24315906317775987
0.24431870828012464
0.27992686768348884
