8.847089727481716e-17
0.012387679218082199
0.06597291488813611
0.08626778330883886
0.091199033702633
0.1308698464845717
0.2932399713479255
0.31426985136667535
0.32844746435484357
0.40906982158914595
0.6590670464184321
0.7015752531587871
0.720566636005264
0.8305505864924624
1.0511412157284723
1.1787290572605353
1.2959011032679528
1.430441385545661
1.507607167514978
1.6852510402623135
1.8573615810548993
2.1729169894208367
2.173305649936309
2.303545406920732
2.5228060093842446
2.927955322510003
3.000244604573043
3.12331413795168
3.3725431351255435
3.581701265658189
3.5920743579863985
3.594752773837992
3.848951615517459
4.022451820656565
4.3104353004564375
4.3153978213615165
4.331544453313019
4.457591291021713
4.6288674589381955
4.730356756933166
5.166692540668674
5.345040676200575
5.383590531212071
5.495280409039825
5.699359416983253
6.019686998888607
6.020354621676129
6.021610760306755
6.042244992312681
6.1629706458203
