2.445960101127298e-16
0.02662384946340591
0.048426199347985935
0.05461521999143675
0.08712102670312788
0.13810230299584852
0.15642277135024849
0.1580132008451818
0.1715817797284537
0.18837681877445736
0.2663851732220103
0.2815504126329993
0.29773949341608685
0.3024082942459135
0.3206252551078662
0.33200759054764484
0.35146910513465185
0.37471900377433737
0.39050391728059475
0.44693957343612756
0.4567554343792879
0.47178647636560034
0.48093626344548485
0.5193312550087862
0.5217093984192832
0.5523550771710627
0.5974150875969592
0.6052271616702187
0.6317760113930044
0.6632561051603627
0.6842628056725368
0.7197477656526308
0.7414365164915467
0.7893940107413964
0.8046459746976894
0.8225973024559721
0.8505678002179483
0.8528697736396355
0.9051397798977883
0.9300574485008989
0.9370906543837978
0.9609653205259828
0.9854721040447851
0.9937931598526852
1.0453317478060473
1.0656230084815275
1.0745138170566944
1.1133402435363735
1.1294353923502043
1.1440703724344563
