1.3877787807814457e-17
0.0013220199670337003
0.0028581582012410147
0.0028981535789402036
0.004606787781316081
0.005617087145092263
0.005776857177925665
0.00929991824640612
0.009515533426118413
0.009802892457245733
0.010364902830940883
0.01065203050273668
0.013046352459313388
0.014588606930703756
0.015987622692887345
0.017221081869024706
0.01748772181613293
0.01843997964606072
0.01921750995086803
0.020690545732102363
0.021066531918664685
0.024008171849170673
0.024552951444248843
0.02549782343331329
0.025898517275646425
0.0262036045569866
0.027358174144936284
0.029494297346023643
0.030973179289734504
0.03265820155637063
0.03354794197943057
0.034753222006896296
0.03533495422964937
0.03541073491519084
0.035482236860471805
0.03723104612783094
0.03901863049567642
0.04105799805894055
0.042380136971419125
0.042390066641501745
0.042622603228036494
0.045380777186202766
0.04613537038453323
0.04673525360682055
0.04790276825865583
0.04892346849388978
0.04953340547615468
0.050506843916584214
0.053063820775222544
0.05372296557563689
