-1.214306433183765e-17
0.00018237656324085992
0.0004912783421219379
0.0010697952779428182
0.0020885586240854664
0.003179925241285138
0.004589308349773414
0.006097226181851252
0.007264407439914312
0.007754262645139955
0.00807647052904817
0.008827104970405257
0.009504598114953787
0.009802906817383156
0.011370166801801073
0.012267561417807034
0.013470159047538838
0.013765148815310919
0.015023435093553797
0.015782911689243437
0.01686632719235695
0.01814859558091266
0.018299227252696358
0.02075275112936304
0.02105671644395795
0.021082734544441283
0.022910052255469028
0.02349118437841142
0.024550428749005253
0.024718577219879398
0.02506367033245966
0.026171369466964627
0.02619907016878547
0.027455055286202436
0.02802940368012439
0.02819094289642339
0.028538492158349194
0.029138115934341027
0.030397891872126916
0.03094261736304968
0.031196933418729665
0.031202901976485065
0.03289103648441059
0.034026944703782626
0.0342874908823184
0.03490072339040531
0.036111636384898775
0.03733104129763284
0.03735228814152056
0.03905490296168076
