1.5612511283791264e-17
0.005563278356800113
0.005779870247052172
0.007052875799847183
0.011055302009689046
0.011377472915075204
0.01841153315958196
0.02143846751861487
0.022417479192672583
0.025505362088777322
0.028762518589498173
0.032910399716987046
0.03861310577320577
0.04617469469758158
0.047890997520743245
0.0510993499331937
0.052952698453115
0.05399210890383469
0.05546392682976991
0.06771034863730956
0.07009909503591641
0.07455443741612666
0.07598034703625332
0.07888002361473256
0.08504012022144676
0.09111235804114738
0.0920036035085835
0.09437375257559356
0.09691773295960508
0.0989403298010519
0.10333839765244143
0.10677360558878393
0.11607902002490438
0.11944021908789205
0.12260196121878832
0.1255341889474784
0.1294995934933281
0.13131360973858294
0.13393423965817472
0.13829230888092964
0.1401123584332642
0.14590200484735705
0.14691253600393872
0.15376528634335718
0.15908470823360493
0.16074010464213237
0.16530341970799836
0.17068261808868684
0.17228810969421057
0.1758481778212198
