0.0
0.014638228684344714
0.014728660414462939
0.02587854479526635
0.027424373013758413
0.04289648756356762
0.045987560291119674
0.05751165497583104
0.05769064999865368
0.059953555889541786
0.060162748527603956
0.0887238348504715
0.09265550041082535
0.09345992020560306
0.0949504362747814
0.09625691512809324
0.10024402877304357
0.11947597868424285
0.12091586071212847
0.13206526913270705
0.13293986070847824
0.15553012986292286
0.16090382855082108
0.162393938198099
0.16839050509032435
0.17285944267925354
0.1782996493764593
0.20131418715299482
0.20147362246381154
0.21182586485831525
0.21410579047691675
0.21529864678315144
0.22201985640832708
0.23198405289037596
0.23266733662701153
0.23269228384656726
0.23474940531957253
0.2601563419832283
0.2649985360807226
0.26508998163403896
0.2657233354452891
0.27334800219089206
0.2779426299044954
0.2872340731305629
0.28770219420165916
0.29335644775205133
0.3035436448096243
0.3486978246417227
0.35041885850182164
0.3508614549289857
