-2.949029909160572e-17
0.003929327415417355
0.004690917828910403
0.005180671018026994
0.010977218677907347
0.01600906715916328
0.016156728808614233
0.017201509712571512
0.02624710696247122
0.027006091160175785
0.030569186541966102
0.03398826172369753
0.03723285237448747
0.04624824280206147
0.04995147731974355
0.050048475447354336
0.050665640812753134
0.05796909817936497
0.06063492622115089
0.06736881944212371
0.076857155245772
0.07758866498764971
0.0832953415071059
0.08381023700523438
0.08404551621780798
0.08590871161006541
0.085929012879355
0.08935897239443272
0.09044943552689497
0.09165582669880926
0.09194252731349681
0.09348082770548458
0.09390640834408324
0.09529072549498914
0.09564204111808541
0.10568161537264723
0.1057622128984467
0.11315250264188974
0.11416570341474783
0.11762384079758893
0.12383588486360196
0.1287280691610126
0.13555690152473754
0.14009544915363475
0.14322448656827597
0.14363276030682998
0.14943765875978507
0.15160681257721534
0.15419812064334765
0.1570145934840384
