-1.214306433183765e-17
0.004718570813826742
0.008044502021806814
0.015698830277951346
0.017712849272699338
0.01783424594315805
0.031238838238890412
0.03462764282020025
0.04093924924219779
0.04164187165471869
0.04981977399709168
0.057972621971249784
0.06601445796730078
0.07189487153163841
0.07203185436818813
0.0790721295488038
0.08371050932765943
0.08592880700237819
0.09029913219927539
0.09113233121131191
0.09338570737954564
0.09459666029969116
0.10103144136823816
0.10529287755002559
0.10639066324899066
0.12450713856949654
0.12711353259177194
0.12922455541435598
0.13564818760988914
0.1409905287887518
0.14315549729627247
0.15064140737939535
0.1543150521154192
0.16270625911197667
0.1630989533294135
0.16803027651775207
0.17028725094502645
0.19217528808355205
0.19375246269383542
0.19601081091981093
0.20251061764466452
0.20565745539058874
0.21321780063976095
0.2155649506342205
0.21823260590193302
0.2222353844253009
0.22626735685916372
0.22954095928237123
0.24567256515655195
0.24569764754598067
