-6.938893903907228e-18
0.0038462645673422967
0.003846412638850256
0.01459332623381634
0.015444906695440764
0.02898449760656504
0.02988100349856103
0.03169761933491246
0.031699231493267595
0.03381633502685331
0.03381876561833329
0.034075228029751485
0.0340805494427996
0.04449663617993315
0.04545160721537902
0.04562210938979811
0.04725108756508839
0.05340885570334406
0.05805283972092291
0.06477111708810648
0.06477825717404447
0.06741628111542916
0.067419439202652
0.08386578577379208
0.08387506830891123
0.09094343342978678
0.09130878740166265
0.09680497918931465
0.10151558929970159
0.10681279960918863
0.11522393735538732
0.117052854929855
0.1170539531848815
0.11949663367062675
0.12313699698762047
0.1234033568953838
0.12342650461551193
0.12431722486851111
0.12432891281276866
0.1310206914163836
0.13518141502980469
0.13550824485735666
0.13663576882963568
0.1395001068657559
0.13950391278141697
0.14863862150327184
0.14865824663301208
0.15699311009199166
0.15700812290268515
0.16084956087456173
