-1.214306433183765e-17
0.00032121489065266816
0.0005936760115985429
0.0008897167995629129
0.0010254660267827922
0.0011991340370396293
0.0016741908317143075
0.0017670327103692877
0.002076454133214837
0.0024236175064845673
0.0026756771434008394
0.0027220063836459214
0.002744831858957641
0.003376696443839349
0.003429346025848561
0.0037907376207757092
0.004142114390206517
0.004494537555309187
0.004740969450823314
0.004794793811896838
0.005174999319079523
0.005731876340021145
0.005740624753107817
0.005825578579124231
0.005860676974533975
0.006320189007976219
0.0066897409662834365
0.006864002672450147
0.0069300503237962555
0.007407111101046552
0.0074236550293875336
0.007684128449467005
0.00774787979564112
0.008265417335598402
0.008524761062098684
0.008581872058065003
0.008848022046706714
0.009308315834125313
0.009319176896996904
0.009779708984001144
0.010008742792396568
0.010545873204140055
0.010662877151942711
0.010709119700584665
0.011249513937651707
0.012074025842728002
0.012170220850182543
0.012391000793962959
0.01265775278084154
0.012701069151507474
