1.0408340855860843e-17
0.021524142185040507
0.08257623870752182
0.08779931002692369
0.15134447616714347
0.1834144501570868
0.22745764102234992
0.2866349663608854
0.32632774772074546
0.3290508853859872
0.35839398343808426
0.4067570970141335
0.41808181875700384
0.49024963070715055
0.4949479027251793
0.49920560999582286
0.6262067068761551
0.6487087120490128
0.6589608930857174
0.6687999877177917
0.7461951823035335
0.8178011392360154
0.8192887115745734
0.8432478395534283
0.8872396450818631
1.041188785445087
1.0568283212840586
1.0689319891605327
1.114813665346044
1.1686181958337578
1.215658907197869
1.2296948687810705
1.2336091663719422
1.2418187985903064
1.2536493641505142
1.3555053097436476
1.3804808142146523
1.410100640063361
1.4292868517308661
1.440451979585471
1.5437419499436966
1.5796485687789863
1.6145363284215744
1.619928394024072
1.6850480657092082
1.729514949869224
1.8108722555731838
1.8669968364254788
1.876010220666243
1.9438490450596213
