5.0306980803327406e-17
0.0003490040073885533
0.00043016811895184477
0.00044109961897294443
0.001058276621295184
0.0010934348866640936
0.0012011012285250335
0.0013305200033974108
0.001405809864262449
0.0021321458278841642
0.0021762418499803576
0.002278173775430147
0.002362985401565444
0.002400824114346993
0.0027211957254618634
0.00288175607155379
0.0034025633410010164
0.003647205293405807
0.0036758109913659267
0.003798949952430058
0.0039060993455905177
0.00405627860239095
0.004079904215501041
0.004691304249647844
0.004874339223628298
0.004887711295246823
0.005360076517975919
0.0054938366902687556
0.005728712694180094
0.00584962641727955
0.005914957801816818
0.006088174939863094
0.006126857653857043
0.006196799875018805
0.006767303455037349
0.0071266087072187016
0.007193180747954201
0.007308249566902918
0.007657486454702997
0.00793679188656816
0.008142617906912964
0.008183943030463334
0.008256672824351259
0.008341768444749908
0.008557258381355992
0.008703494302236615
0.008756367432530521
0.009173944611122144
0.0095067256994602
0.00983423365344586
