-1.214306433183765e-17
0.0009968738823614397
0.003731017556648765
0.0050623889971111394
0.0080829036630046
0.009074499630734223
0.009735471783337274
0.013862360521893794
0.014406272050350258
0.015261622596183343
0.01792828948301787
0.02072280829893188
0.022431187481066574
0.02254397077633377
0.023246697446695233
0.024774250443053217
0.02906030162630332
0.030232492502550258
0.033053990866121846
0.03384206004666352
0.03438597016602899
0.039109100763385196
0.03960991663242099
0.043652828492512084
0.04424322424173042
0.04482980314859149
0.04598962746813793
0.05018630099373631
0.05043292159231363
0.052129763950815824
0.05539226898286569
0.05607094347012403
0.05803993011346612
0.061559563771181665
0.06259308895624928
0.0634674868441135
0.0662528362727173
0.06719187187766766
0.06871962004155281
0.07153397245962681
0.07535976381249285
0.07605889116047551
0.0771782259723481
0.07815407048929555
0.07969329134059569
0.08072745914788648
0.08228895015554574
0.08429835347633444
0.08551184767283322
0.08973445031109922
