2.2551405187698492e-17
0.0011419717596611676
0.0021719502352968607
0.0030459377489532053
0.003912621468274162
0.0047838681164751665
0.005934600376681641
0.0063983323636204095
0.007601368007415321
0.008162784084385024
0.01064274065932014
0.011178390476828127
0.01191105628053945
0.01317140855771007
0.013794353475356775
0.0147820417370508
0.01518670083478066
0.01606337445674559
0.018606664892275915
0.021174146727296277
0.02202657046141418
0.022517289382309395
0.023194085088392394
0.023620614408319716
0.024393842101875188
0.025022778827657466
0.027722006971756925
0.02817403316739981
0.028655113719280922
0.030360914121169973
0.03187937645375995
0.033269748457947716
0.03354450317390777
0.034205627255074915
0.035973465244438375
0.03831603479335429
0.04084517865479082
0.04100536724431767
0.041561816278261665
0.04240084982401682
0.04281911215478835
0.043497588190030564
0.04379287568729458
0.045389979261824275
0.04572089579516143
0.0463803121290729
0.04975777618090349
0.0509007921872507
0.05124401126347051
0.053206590422207954
