3.642919299551295e-17
0.0005453775067667845
0.0006868941487959863
0.0008057751161395007
0.0012847909749642387
0.001816502778406389
0.002105822082550137
0.0021394814374857338
0.002330125451955302
0.0028179157269658545
0.0030769162091139526
0.0035207064160272077
0.0038089096950915495
0.004051115204284564
0.004369722729731662
0.004509479592736345
0.004649578104679966
0.004777576586643259
0.005039665175646689
0.005367198729211917
0.0054777764895379485
0.006730130602114475
0.007083912311884917
0.007362903720420573
0.0075362184262276356
0.007728879043332108
0.008133555959259261
0.008212219113757998
0.008433345060369054
0.008483219817673885
0.009806076974263589
0.010354321868284435
0.010801612292668827
0.011057210745212953
0.01116965840572883
0.01123969405786097
0.01139292947724038
0.011841545921049858
0.011879076026484673
0.012221041456339737
0.012262963898008584
0.013539559898813046
0.01386540222836411
0.014463410198480653
0.014723064819097647
0.014820002019896547
0.015203383068416414
0.01562038428539385
0.016067157453939565
0.016294909950875257
