2.7755575615628914e-17
0.0009206858199920873
0.0021031589350645682
0.0029162719402713415
0.0033699537708331527
0.0035707457387684494
0.0048929572997454575
0.005188457608695589
0.006365856392597095
0.00644870579529888
0.007681888237834831
0.00924394877357356
0.010513092538475847
0.01080709738958152
0.010939642822126014
0.011898277848239889
0.012654683177719379
0.01357239683362938
0.014335892373208465
0.016673600283465505
0.017731581924742876
0.01865469540211427
0.01908872620286331
0.02017240550726576
0.021115527893226335
0.02226047109468355
0.022662749856901247
0.024862818931222656
0.025644921521752684
0.02622305870865753
0.026640241871145658
0.026804850962741808
0.027539639231797086
0.028763362129438183
0.02925304603545016
0.03109628574797088
0.03259970272249173
0.03467334178828642
0.03590607614762475
0.03670065787992087
0.03769638253256338
0.038494718200342254
0.03871650945769072
0.039037746231044605
0.039591065155954744
0.04119307150065244
0.041971212908357876
0.0438214822174829
0.04404564016282685
0.04521764897822512
