1.734723475976807e-17
0.0022345793745971055
0.004181577840989116
0.008560237144614744
0.009496587164298671
0.011703837411674684
0.01683382623065214
0.019136737634050986
0.020270238168740767
0.02435668794951569
0.024613023659687303
0.028381010083990098
0.0315723919731361
0.03209669864271541
0.03576444550967138
0.038766909133672194
0.03990966053973314
0.04311586993207537
0.0483409408031013
0.049659286124076656
0.054133179521388956
0.05526976780337043
0.05969791858087992
0.06147904427381865
0.06301748143546271
0.06542143740793993
0.06891811550200415
0.07112479317415892
0.07243274001368838
0.0747996468717847
0.07558895065406172
0.08089576139304712
0.08237115174611814
0.08265425372512536
0.08853008330924833
0.09044160186730553
0.09492615579178235
0.0969750891068414
0.09916336472611847
0.09936358277967085
0.10421008266959449
0.10591391430007611
0.10628479588572344
0.10651916861000346
0.10853597824666161
0.11670322402345094
0.11882044252491088
0.11990324108803486
0.12235551622159067
0.12615721616108616
