1.734723475976807e-17
0.0020643462679981444
0.0038685476123366588
0.007950658956101085
0.009038588676206329
0.010951046726023568
0.015606551225877527
0.017714939401798406
0.019158885247879495
0.022364607775962983
0.0227188404054188
0.026770252287517525
0.029759197763459054
0.030017056034481522
0.03365301260918455
0.03718124314320456
0.03803924650155215
0.04071152908557037
0.0457338786018529
0.04626531274680875
0.05075079286128828
0.0514414842461394
0.05503269959198668
0.05682626040452906
0.05967148194932028
0.06172342220807304
0.06412885007448522
0.06611214613303683
0.06722185720915189
0.06846775128486966
0.07081634905204352
0.07314567252077672
0.07420694917052258
0.07666341722119772
0.08161303558322887
0.08340642170138778
0.08816316623826272
0.089009126068379
0.09160084083983154
0.09457059368958327
0.09736224854920056
0.09768317306541408
0.09842776032226491
0.10025687201719273
0.10281615088817643
0.10992112126793416
0.11083051536480264
0.1136910218472941
0.11488563694731764
0.11527574672482256
