1.0408340855860843e-17
0.0028950063753588346
0.0034231263111684333
0.008539623590522826
0.014086931895199497
0.016256247477044253
0.017555254928203375
0.020412285325637276
0.02324679271896378
0.02767162813029401
0.02828735480690378
0.03104160278313936
0.03442539746895063
0.03524578996045162
0.039896341807547635
0.04110953605366408
0.043721353726991846
0.04624139806825778
0.051852112894066146
0.05572226418477547
0.05640146538935429
0.05999977418743526
0.061256752240782454
0.06818777235973274
0.0699761161221905
0.07126713699553874
0.07210000930975799
0.07630455209644357
0.07720927760734975
0.08247064649058486
0.08354196222629455
0.0882528993331548
0.09004857018740213
0.09370804456194459
0.09429704120951102
0.09642501885640942
0.10158651900695057
0.10379684094477139
0.1055061613828826
0.10827635131654698
0.11163163616386709
0.11262373683020374
0.11460610446109129
0.11825662342721062
0.12153367485018189
0.12260630437691437
0.12468582110257416
0.1301720022998085
0.13185292407302057
0.13607154374913819
