-1.214306433183765e-17
0.0005324529222559358
0.0005330561964015379
0.0010167489802321416
0.0010184814168859632
0.0028584734338034275
0.003623430750797912
0.003624619919587492
0.00595784372322866
0.0059611604944300265
0.010258449212084795
0.01031121004641238
0.010325797270763605
0.010381928275327744
0.010387282201539028
0.019869214926187324
0.01988344534936449
0.02026902551215129
0.020281933639992575
0.020292697380726192
0.022978677427766922
0.023024017273832187
0.026723421064346227
0.02675728147208669
0.028574801248151364
0.032806929304211446
0.032862935790743786
0.033971289602929854
0.03399472303961375
0.03407565992887311
0.034664951059822334
0.034727298020444164
0.03633676580655891
0.03636866580128502
0.036872606109975475
0.037552041250557534
0.03891461733141835
0.03894900443984473
0.039164243322573525
0.03917888295793597
0.03978868031446169
0.041637107874628605
0.041650898916525805
0.042175329844912304
0.042188724447142244
0.04463503800104962
0.044666986611676104
0.045066640721531895
0.04555027017506444
0.04555796676289586
