-1.734723475976807e-17
0.0008386220336439165
0.0025960810753064816
0.0025965317718501645
0.004381491867154632
0.004382684691778282
0.004962142643283506
0.006702042593843995
0.008333612624971167
0.008336522917146994
0.012058975328829295
0.012764440859547964
0.013497390838913473
0.014501198412674726
0.014991100249892043
0.01499539817838789
0.015519970209842448
0.015621444318736607
0.017407425209809174
0.017540910703890862
0.017546518352712107
0.018511991533126472
0.01851634169301275
0.02118024565202519
0.021528150152935896
0.023809700854898364
0.02381199159816296
0.028115351624208196
0.028787674294401995
0.030397467723101035
0.030401250171073292
0.031553404318854804
0.03156039015034843
0.03165994757085609
0.03245883301743965
0.03273657840626183
0.0336043651955162
0.03393915901550601
0.03399628945805245
0.03601639229117181
0.03601912548544682
0.044154087982034594
0.045751766725100326
0.04577044523795029
0.04577751930284766
0.045890021768127176
0.04665725582778094
0.04669543765616546
0.04803938076170464
0.04804975690198582
