0.0
0.0003378770455746572
0.0005273629050449591
0.000662926601819434
0.0018280754521884813
0.0021934407295253425
0.0022562121922948507
0.0023812748722811077
0.002869890683459428
0.0030703187432312446
0.003273787236749594
0.0032789547734379497
0.0034393871581755633
0.004802138871482474
0.004856515287264423
0.005841938668364211
0.006288669982850452
0.006451995207619321
0.006582150485117249
0.006584001553378715
0.0073715573651967885
0.007585459141153097
0.008023053578725068
0.008030702330619104
0.008691437825526874
0.008823246895786905
0.009108420183553631
0.009345461870368452
0.00963286464347597
0.010281220053556172
0.010323843934556006
0.011688280773868234
0.01228779942706258
0.012547283956700019
0.012762799079474448
0.013025755912490592
0.013307125681584943
0.013589992701430574
0.014010877997304256
0.014094841736731029
0.014145542281695374
0.015089561364940373
0.015178175358256695
0.015748621544713542
0.015796408570701262
0.015889541963339186
0.01603080034980288
0.016531512945644214
0.017052550274333764
0.01779701378223883
