-1.214306433183765e-17
0.0016182528943532708
0.0025978176835007895
0.0047114785230713725
0.005776367772025922
0.006667568252539476
0.007600032113831175
0.009451461027277003
0.010404155572783949
0.012582864171208656
0.013905586051874459
0.01691264249994657
0.017852659809197112
0.020010872174089853
0.021000442858282023
0.022628444476217445
0.024091404985015427
0.024977297752249807
0.02621938200026798
0.027348098891282237
0.029898348203850768
0.03185153830570696
0.03252988294622186
0.03575800966625579
0.0374263092979181
0.038510628925383934
0.038896269822863316
0.04016550615859708
0.04259734615610532
0.043583465439067846
0.04528998980915336
0.04721262913650066
0.04943838806322456
0.051475384115884586
0.05527408014481632
0.05601174457463138
0.056998717733670066
0.057842231952030414
0.058805737393864375
0.059858540566451256
0.06333925211987056
0.06431043910558888
0.06612599417396342
0.0678153496675626
0.06890247358640515
0.07111357806377921
0.07223351771697664
0.07508350223140513
0.076029742393613
0.07736690794931052
