-1.214306433183765e-17
0.001501042427485803
0.003014408881070029
0.004225295113802211
0.005419931561950203
0.006655945489617331
0.0073902879352890725
0.010764430998465661
0.010886732990928094
0.013794923734815263
0.01429877315478721
0.015135585461692582
0.016156141981196553
0.019133889878959094
0.019584245952719057
0.022066040158618426
0.022830712005844522
0.02585804851972063
0.026881439917082
0.026978033317151533
0.029255053150798675
0.02940103890937945
0.03072320754857226
0.03619138573252905
0.03690658804552574
0.036942421236159484
0.0415027661068424
0.04225180509705334
0.04317722327984853
0.043750156157721265
0.044598115408860474
0.04529624614596009
0.04574185708005259
0.04970754692734003
0.05254657079626233
0.0541476043948886
0.05687710938815806
0.05710598154539053
0.057307012435909
0.06011488963177058
0.06062642386511626
0.06233408113329276
0.06349290661324539
0.06436281307510026
0.06618638774835944
0.06742564466915671
0.0711447511549857
0.0718186029411491
0.07200220096602503
0.07536953418198306
