1.0408340855860843e-17
0.0011962625373522322
0.0012401582632954097
0.0014786104082976492
0.0024767707430967296
0.0058733547828967465
0.007309392038250361
0.008534003617366137
0.010374788669246906
0.010395963062578345
0.010403105110517062
0.010469722939330536
0.01154185220245447
0.013541608437574433
0.015138380682444526
0.01778080560687565
0.0180037939633471
0.018639708882500737
0.019518370239833896
0.022556750447509537
0.023238131009794383
0.023681967768366015
0.027118361742526798
0.02853966186482987
0.029775799159487318
0.032020972824351755
0.03369979404645934
0.03435288086457076
0.03674970057237309
0.03722199672134827
0.03966157841070328
0.04111562079744423
0.04202802933090336
0.04243180967963353
0.04470021154639392
0.046520727333417375
0.0483658272954137
0.04860276428649568
0.04932020605787447
0.050336457295994945
0.05179077709160213
0.051987122358656074
0.05215415359469159
0.05233806800075712
0.05303940791887624
0.05361187012495829
0.05484059111646961
0.056018483532553655
0.05652449565283508
0.057384492911144454
