2.42861286636753e-17
0.001680476537807318
0.005286353890549364
0.009039157048827825
0.01129761568314769
0.012411880501461229
0.014362095277725419
0.01785736099951222
0.01929425789778296
0.022158359985322174
0.026167687449715732
0.02849868707160167
0.0295705567830908
0.03415209534045941
0.03667852634696174
0.03858173677949167
0.04035936227327698
0.040960877789784335
0.04604481806623651
0.04705346189651563
0.048981730461428646
0.05276555715489379
0.055025890111174695
0.05940067701282364
0.06085513221356719
0.0627885666175862
0.06570935553368198
0.07023202769044838
0.07301611560337497
0.07496404334890494
0.07681373430560512
0.07960817159292656
0.0815030602280946
0.08396775116721247
0.08616650047359639
0.08783654201997158
0.08953246511880018
0.09218760810745748
0.0932587248114631
0.0972136503424852
0.09868223062723881
0.10117385960423532
0.10600717184050913
0.10775106168788834
0.10981719569288459
0.1118309631003444
0.11366831321728968
0.11727703102502114
0.12005067822769037
0.12534490339034635
