4.163336342344337e-17
0.001086661234122271
0.0034225558644933804
0.006464959134308014
0.014159438972291575
0.02027028616441255
0.021277678912642928
0.03250729986250077
0.03733459953132569
0.038040821358710085
0.0437311438552935
0.04610641080002895
0.048565419106350566
0.054157564442974974
0.06079032293201488
0.06120051430974193
0.06359600611594825
0.06476307483705622
0.06819113732029836
0.07184764280847541
0.07688826278773853
0.07834089086664299
0.079643383271974
0.08127683372675908
0.08750237102174312
0.08911684607700923
0.09410093268573948
0.09782063265388954
0.10334496742894174
0.11393633217325214
0.11456829247942159
0.12255305171884572
0.12312651901957004
0.1257600844703884
0.12934650908265405
0.12954779898524035
0.13686943657233502
0.14009637791018684
0.14102236816317215
0.14800366418064473
0.1530591192502312
0.1600049225474038
0.16240828235762048
0.16269641399766685
0.17122122758045233
0.17554199316449587
0.1776520057363891
0.17810128572714262
0.18335053928810074
0.18703679091632303
