1.0408340855860843e-17
0.0008923178232826626
0.0014853741604725218
0.002556391069675642
0.0034790314685760864
0.003928800053375529
0.0045947874217767415
0.00507137919062824
0.006089077388981
0.007276862470135726
0.008054896107261482
0.008757585303372646
0.008965524559930911
0.0104174007696836
0.01074758371421713
0.011532663537014985
0.013139925114250604
0.014259143436686482
0.014915716195385719
0.015372051037358602
0.016317402182426707
0.017820845890577038
0.01849214837964703
0.019511832715885156
0.02061494164346951
0.020923131734197846
0.022785953628016206
0.024262043896124824
0.0247408381925694
0.025495548760907122
0.02689795002395455
0.027508746521289644
0.028482364456305573
0.0296683461149415
0.03057991853699482
0.03136653527538569
0.03186527079318238
0.0328160261900771
0.03363679819795325
0.03547006664650519
0.035877927210703674
0.03694774705197887
0.03768389963353784
0.03841029543633924
0.04006884276272637
0.04051590584621519
0.04073610679917655
0.04165015837077847
0.042249781468069875
0.04300372735146897
