-1.734723475976807e-18
0.0003635654047219345
0.00130014066433338
0.001479996788144325
0.0017447497821788827
0.0021056600565391975
0.002662599591131614
0.002990393243310782
0.0030297826788312377
0.0036501274101422183
0.004770070058036464
0.004982842287411197
0.005023088714591964
0.005659776426536216
0.005946685495991684
0.00628733191799725
0.006716764677637649
0.007234005064917915
0.007542419552797984
0.008437061340758384
0.008615431369229916
0.008722769582572931
0.009100631720577982
0.009200346563931707
0.010031984206893925
0.010971677134809196
0.011212941050969311
0.011714699876362084
0.01269491531503141
0.01314164347169724
0.013264361486441915
0.013554764267297901
0.013601908395264989
0.014089621233455024
0.014648959071325367
0.015454808362683476
0.01592632860133643
0.01622285357572025
0.016355761509588694
0.016797020655289242
0.01736962542518152
0.017996207143749984
0.01848329132684671
0.019213357993500407
0.01947405776071503
0.019863856655517036
0.020126111232226324
0.020859399244903896
0.021368984365259372
0.02152206699665187
