-4.336808689942018e-17
0.00023067219693086345
0.0004966666572598574
0.001638706852030004
0.0018954768189301096
0.0029832146664232825
0.0035922579938651375
0.004082940363257166
0.00418106617476045
0.0054553118859740155
0.005926964097890055
0.0059982303138144
0.006249947108391293
0.006340279004625643
0.007959738958350853
0.00797881188588251
0.008846115442955915
0.009111465624423868
0.00979371159529843
0.010630213763469972
0.010835530002653864
0.013746688502595762
0.013837042955600691
0.01391382479814129
0.014483707828818944
0.014548802233968495
0.016309167718796425
0.017793030066752036
0.017917540765566696
0.018298371537167513
0.018453236593669167
0.01897480165754758
0.021782506602568155
0.022065945207396208
0.022530351417987295
0.02262067837566778
0.023608673639896764
0.02387835627472442
0.02497432499652008
0.02561073402007818
0.02617362174863002
0.0269298825998567
0.02809894852620687
0.028152290922461957
0.029252860514689
0.029813939987485452
0.0302134794452597
0.030707713672432142
0.031239051230161206
0.031327555118603335
