-2.0816681711721685e-17
0.0004506048247975517
0.0005392088366182202
0.0006150117385937907
0.0006404868978187438
0.0010563536231641309
0.0024601486267321077
0.004712751063371639
0.0073550485388593646
0.009033720180371596
0.010811557621374963
0.011643550962451095
0.013207524658380978
0.013460595058665164
0.01427421595992817
0.016811991417838616
0.017680257051190106
0.025697981329553733
0.03104591325187834
0.033330596150861605
0.03380112565554269
0.03448620814000423
0.034908143959437726
0.04429987403024276
0.05489394472561953
0.057470753986723015
0.057974620449542845
0.058763706199196984
0.059628851402848466
0.061028297989806045
0.06463221488007079
0.06830558305327032
0.06955763027921633
0.07045872721675196
0.07516164979562731
0.07706593772556755
0.07928538279506711
0.08105107652647332
0.08493845128638972
0.08731580744579678
0.08837832632392661
0.08921525043772408
0.09734870246523697
0.10067489376392996
0.1046574889423736
0.10763418405768498
0.10887897382145169
0.11389537066280403
0.12259070894509606
0.13617802902707987
