-1.3877787807814457e-17
0.0012768913045078188
0.0025511272793204785
0.002551945265452816
0.006614175211735551
0.00661723872719489
0.007761948428388276
0.010544938086934531
0.010686615414979879
0.012128083355212158
0.012135392710596585
0.01597963317432627
0.015990700730510662
0.01719273908961126
0.020784109314799758
0.02079294732868285
0.023415640661153224
0.023430903270755483
0.02364202683370281
0.023653446344388873
0.026494710348915665
0.027306346634704264
0.02834385690075194
0.030535272718356633
0.03054431213651316
0.035197586826146175
0.035290582979407986
0.03544589878980032
0.035453422383221356
0.03775467131006575
0.03952546237349395
0.03967576086702572
0.039698468324632565
0.04138501904547296
0.04140545551477683
0.04338548552296869
0.04339948487592352
0.04525150955294315
0.04667217003108978
0.046695011335337995
0.0507159634291857
0.05075846752032799
0.05088841556927608
0.05358795425333642
0.05549928379814253
0.05724995442614502
0.05725854117141276
0.058105065942657345
0.058111574705464485
0.05883040632967842
