-6.938893903907228e-18
0.0011408260269444963
0.003810704253539023
0.008717567999390339
0.01579957093286019
0.025968711559272384
0.03894470251366825
0.050262970330910914
0.060330137299704774
0.07447423636214605
0.07732416256006681
0.07969895533137679
0.08841099546765183
0.08897205508781064
0.09298540012126806
0.09856182916283307
0.10549232578473128
0.10977752697165682
0.1141704460376605
0.11985204201277598
0.12564800062028839
0.12921737887314497
0.13358187265409902
0.14496918602457895
0.14838309758952048
0.15030265806494794
0.15295229819116882
0.16846537782113286
0.17077554595626154
0.17622486554389963
0.1844689364498073
0.1959041198515114
0.2004110050154029
0.2104428655440406
0.21335436901237878
0.22176076287433366
0.22379036659295604
0.23284978440747678
0.23832128188282026
0.23952981830455847
0.26032481951406183
0.26460678404632026
0.26498835914241553
0.2830992341241631
0.28950306196624637
0.29190351023861855
0.29572813522217767
0.2959858915327389
0.30401575391632846
0.31373990711719385
