3.469446951953614e-18
0.0006871105690320484
0.0024798203653561626
0.005273988001138598
0.009827259997716812
0.015855641357410306
0.019222044058121446
0.025319388568012996
0.025608454356317402
0.027040709528092503
0.028982486007832965
0.030039361058052105
0.0325908304233375
0.03402989775840094
0.03784595735180563
0.03868800736729656
0.0399811436687381
0.04171547627425976
0.04528398906343026
0.046198932227826825
0.04683404378808787
0.05244329285214509
0.05539453241266044
0.05550038602204451
0.059324141421240324
0.06328513831759133
0.06615621972441105
0.06999094609825768
0.07210389315787064
0.0758992979929295
0.0799738018632677
0.08496854428826754
0.08570421144222343
0.08745418181159463
0.09712265196389397
0.09779321346129682
0.09867229758056831
0.1007972312878745
0.10270965964769935
0.10540929791430154
0.10657832510468677
0.11096089754064759
0.11110579577568046
0.11365508373012265
0.11453597083255344
0.11524892471694582
0.1203830425293327
0.12220168519403098
0.12330856222890323
0.12575806131963857
