-1.3877787807814457e-17
0.0008470119585419281
0.00092185071075266
0.001719471558855195
0.0018308890863935091
0.0033585000869521247
0.003933662562366148
0.004223005114402713
0.004447248117042231
0.004625920384485321
0.004876162014604488
0.007054926490823886
0.007515946606704316
0.007595289839002104
0.008429238486219811
0.008647054354676354
0.008811428805702947
0.00943204934928934
0.009826388562617907
0.011065383233074167
0.011677160052004957
0.011944729426480146
0.012424736985787848
0.013416358719485292
0.014334474109697808
0.014743694850686715
0.015460904995681672
0.0156603664688209
0.016021395945986193
0.016123773565531387
0.016714405394470985
0.0171033442704576
0.018126505918966272
0.018582283573771598
0.01920964560000077
0.020658016384347756
0.02109514352256553
0.021663840281352202
0.021822164830563144
0.022391851387553313
0.022946848881343497
0.023768382544087217
0.024075054956233105
0.024467478425176117
0.02463877585788357
0.025542569905077944
0.02605017529890398
0.026841462392677116
0.027108914418709835
0.027414155485225036
