-1.3877787807814457e-17
0.0017548621092738064
0.0025442882622054314
0.0039842521734492035
0.004225236165905203
0.005639420215139903
0.006217316538942258
0.0065347852029828
0.010037094904238883
0.012775763579843965
0.014852840097660825
0.015474855729789952
0.016205680229167893
0.01740055247170888
0.018553794134563546
0.01905412569416462
0.02291318145046381
0.023841093152674082
0.027916269737013083
0.028686192093342583
0.029346143240727422
0.03047083263087902
0.0314379788423894
0.03254754462430399
0.03627255584964427
0.03673318996112119
0.038308447499630076
0.04214000897390664
0.042929469635285454
0.04586603083043561
0.04679628923111535
0.04929717222981987
0.050113603661870024
0.051457849391982016
0.05245363661851255
0.05266706530205519
0.054141180333841445
0.05506472315089376
0.05682423369824776
0.0583099126637416
0.0589434719751176
0.06173651253989173
0.06201697849584848
0.06389009412323264
0.0665924167380352
0.06772800296289437
0.0695928943038456
0.07096679739832418
0.072736188947868
0.07393180095495572
