1.734723475976807e-17
0.00452980708969377
0.004530939504658002
0.005502299026774838
0.010171819978234296
0.010174480127976298
0.013267309219807294
0.013268469838826963
0.013423055740603542
0.01344928135023758
0.014403444187992253
0.01468479498054571
0.025299204491911358
0.02531025509548978
0.028517901746046737
0.028531215049043275
0.03186770549622504
0.03650768040336969
0.04085956260968693
0.04090082062345707
0.04654892937261679
0.04656338285160591
0.05162901561464689
0.05166246665185249
0.05440329317221743
0.05998308558875703
0.06008124708986012
0.06458863495848056
0.06511934126560671
0.0651861668571078
0.06523290637353343
0.07512898729895832
0.07515233340726774
0.07518465606186892
0.08962075039865602
0.08970070047779387
0.09357762475329927
0.09371810478315756
0.09392224709487239
0.09771653002344337
0.09780299566410028
0.1019691778151792
0.10205557293080872
0.11027276216610497
0.11525707497997635
0.11535521666080674
0.11624885691721289
0.11633275847390907
0.11677194054553021
0.1286318460000712
