-8.673617379884035e-18
0.0017058769900367057
0.001706915457228857
0.004396468004071161
0.005549687019260259
0.006693458854163099
0.006877999560716953
0.00687971665532546
0.016966426711567867
0.01696748460838548
0.017837974061873416
0.020957813453541675
0.02428510907389985
0.024904457999931233
0.02856156652024075
0.028578402212081327
0.03450307434849531
0.034521569740550546
0.036031552498337824
0.03658853388007458
0.03812774733995574
0.040182931026300106
0.04019529171954788
0.04681883108491879
0.04886660716073869
0.0538660271321418
0.0571450313224424
0.057156732240724976
0.06638543818423584
0.06640415658381202
0.07518007458688403
0.0769070348901546
0.07915492908660926
0.08318514323028821
0.08933200471703655
0.08936132838892688
0.09976914681358137
0.09982620590743647
0.10027046327955702
0.10184395045608427
0.10422309434687987
0.10651347199565855
0.10654218607107907
0.11175356806761767
0.11651410177493367
0.1169800911800666
0.11728490178355162
0.11736200862477601
0.11983859407267032
0.1199019857293737
