1.9081958235744878e-17
0.0006636264483466919
0.001071699377854193
0.0020142102266550582
0.0023678186987171872
0.0025111345159841234
0.0032338894991595073
0.004843978362458331
0.005335692494935986
0.00687115076539324
0.008075812386369388
0.008271907540687474
0.008914783548764465
0.009357303754476734
0.010149321894609492
0.010933392551430722
0.012789862267104908
0.01293492218187447
0.013182497596993815
0.013249925774752673
0.016302628286758165
0.01709545558429742
0.01781058683089269
0.018148367753054034
0.018842460554100632
0.019110654302718487
0.019165534065916492
0.020071412282360784
0.020378599701394218
0.02085794656371475
0.02195138450868
0.022797740991926607
0.023087406975540084
0.023290415695473105
0.023349430415323967
0.024686770820385825
0.024711828922218855
0.02656259090351578
0.02695356077082872
0.028511395858046143
0.028648940957420953
0.02980499869836882
0.030297436296317058
0.0309149021142493
0.03209902640646121
0.032445743230526174
0.033019387262190635
0.03389175020064013
0.03398451819994057
0.035968612773274664
