-5.204170427930421e-17
0.006108534141101596
0.019531417845308062
0.0378300437598144
0.039370433314340696
0.04179814427839701
0.058822136035197724
0.06029904663346048
0.061151538653149755
0.08674492615278152
0.08942276470820311
0.09643796382095611
0.12044744131718572
0.12267975722071266
0.13741588397308788
0.14364305224228274
0.14655483193427807
0.15964318252259113
0.1608308336376512
0.17140498480499985
0.17277548114756797
0.18610254560808984
0.20377864261818057
0.2039853020562942
0.21608047766839056
0.22269979270298618
0.23821910991705386
0.25214136813693505
0.2528577253268742
0.2673903733509386
0.27996789240304126
0.2946449732311012
0.30531520943052715
0.30670749834518857
0.31416003400560416
0.31522006347529685
0.3272830706922125
0.34568771646423413
0.34802758961792435
0.35184489201804325
0.3553889116126244
0.3649779009152502
0.36547556506079915
0.3912289921888937
0.40458959488313545
0.405462334583153
0.41988191535537306
0.4252893861396081
0.4302780101055422
0.43080758069595215
