2.0643209364124004e-16
0.01578888223339986
0.01584342943548684
0.024918804530541426
0.04456995247724806
0.05066042660652704
0.07041652864618249
0.07099762358739377
0.09242932307253615
0.10958488034795881
0.10964248350912704
0.11875117669810233
0.13567166194948888
0.1579207059463376
0.15900369122170266
0.16609733639194238
0.20949147713128766
0.2096414318605281
0.21949588918417262
0.22073237173443827
0.22859621339550978
0.23428352758483503
0.26475402043921736
0.2648915989539645
0.28307913102339866
0.30963855364394205
0.310463581069436
0.3199725603140753
0.36137620965770484
0.37145747870043694
0.3729292888297709
0.37302224768690395
0.3753106680256227
0.378117544615926
0.3789485911803229
0.42367403747712434
0.4370463173056382
0.4400633494468791
0.4740914844142178
0.4759815130531721
0.48588087361784993
0.48617392559894057
0.5072258379089963
0.5077857699300893
0.5473773027615213
0.5636711088703831
0.5689275137781028
0.5706912861494108
0.5730219563391901
0.6043298230789826
