2.42861286636753e-17
0.003241811836350205
0.003245359524865878
0.009498462121359496
0.00969680362864314
0.013285940305749451
0.014850370999206731
0.017033328784238057
0.017038803733974074
0.01845319940581691
0.018460041980243834
0.024139226002916354
0.024164337469735328
0.024736246908926944
0.028324953888794642
0.02989927342562814
0.02996992490113063
0.03971314456227367
0.03973407330244056
0.03975896660424306
0.04220307486211065
0.043902677570365124
0.0439727668311199
0.0476183113646484
0.050782939330980915
0.05407810278538338
0.05413709057831118
0.05565023621546785
0.056423478310006665
0.05927446654046369
0.05932683189893497
0.06045704999084133
0.06050149837482937
0.06333053416391284
0.06341013674330563
0.06610230925622115
0.07496696035061902
0.07503113093182665
0.07647617991720249
0.07811242020714175
0.0795018166941593
0.07953271909496196
0.08348321452907821
0.09136546770790926
0.09205826579694815
0.09291061590161098
0.0929914917882819
0.09639517814861855
0.09690805902182285
0.10096792214116657
