1.0408340855860843e-17
5.018291449630785e-06
1.2008738705573258e-05
4.085511488277627e-05
6.216375956786223e-05
0.00010070980860655936
0.00014516681454878298
0.00018910877048469894
0.00023848847711215732
0.00029659944545548655
0.000341418677803065
0.000377167918283754
0.00043977405847528926
0.0005086627583004918
0.0005558757351366555
0.0006456996614510567
0.0006970730225827112
0.0007577740288740795
0.0008322734549256142
0.00090708765223841
0.0010145830203852641
0.0010609673242452152
0.0011439062236068293
0.0011794571920822165
0.00130596414846826
0.0013449782533443665
0.001418535438574748
0.0014520361261003388
0.0014758979583414326
0.0014979151072615562
0.0016541200196629885
0.0016808961538561425
0.001738934478199495
0.001778643549732905
0.0018227444773698809
0.0019002385424177481
0.0019678532813829797
0.0020394705471183643
0.00210024036767968
0.0021678124925603014
0.002267768952225196
0.0023363249807794636
0.0024058231290188213
0.002427917561172749
0.0024382326694371136
0.002441423069633457
0.002444154510440522
0.0024778066429521437
0.002506072127658434
0.0025122443444391285
