-2.42861286636753e-17
1.3990021252354226e-05
6.608166013596234e-05
0.0001678947994054169
0.00031028985150507483
0.00046445802006137363
0.0006164839397793456
0.0006331042256656327
0.0006733908241247366
0.0007189868821558375
0.0007665930709840011
0.0008198442314094802
0.0010429279497158501
0.0012217720545470035
0.0012247084713851632
0.0012834303758901267
0.0013033486608786966
0.00131798335775298
0.0014187929726298346
0.0014384569529968094
0.0015545599339172496
0.0015676972782811393
0.001594115467445088
0.0017640964314133093
0.0017944766629814004
0.001874036820597294
0.0020231617788532604
0.0020557692327310036
0.00205884329691689
0.0020874272057633068
0.002252059785297484
0.002327136573822587
0.002352841704163066
0.002365995988323613
0.002433025915688506
0.0026525535968137046
0.002690809506571988
0.0027481485462381283
0.003042601045635626
0.003048960754785498
0.00315097230941813
0.0034247641243130983
0.0034593426507370743
0.003562186901951271
0.0035847600142668128
0.0036151619681865626
0.0037974941465173453
0.0038218835510912194
0.003990114696024848
0.003994817149238841
