5.204170427930421e-18
0.00032351964683962134
0.0017585055337849178
0.0025419009472506526
0.0025994232150209004
0.0037025031656188635
0.004426440293692102
0.0050451541693119824
0.0056242775977710675
0.007080178577962804
0.00726236358272868
0.007293188859189172
0.009164005988349268
0.009245718516150107
0.009966703350976965
0.010619692625200893
0.011632882241422686
0.012570195321429107
0.01405591454796956
0.014106418258226708
0.014798067449906869
0.01563940354051868
0.016720941271476136
0.016994034335451276
0.01711588235780189
0.01821274039567359
0.018626038782361465
0.01908242835302959
0.02040680015275495
0.02119644327616027
0.021910571169824478
0.02246822916401866
0.022940211199611177
0.023015582742064215
0.023557581785138816
0.025273439883592777
0.02654740388876508
0.02699813870757551
0.027277742963048787
0.02861692117351989
0.029708659461383492
0.03015262365193354
0.0309949589187027
0.031636026064776335
0.03203906169808393
0.03217066474044743
0.03239583262371306
0.033881658475453345
0.03392151448400018
0.03410580736600372
