3.469446951953614e-17
0.002762017377739014
0.011043167317351462
0.024835299220403666
0.044124614503370664
0.06887144395925957
0.09907159501768963
0.09989422672695988
0.10081705299413782
0.10538213092316537
0.10866250240958392
0.11526445047697102
0.12171048156142024
0.13012229355615876
0.13462696930530108
0.1399814110148522
0.15028821918464605
0.1634674289674495
0.17554848338999451
0.17584706054585267
0.1921728663039599
0.2069732615376651
0.22166616560039146
0.2261289360620863
0.24355710936599184
0.2652792320727887
0.27292339949663774
0.2856564653145581
0.3095847670791426
0.3288422715090486
0.33319722505603183
0.3588950020240489
0.38628470757897954
0.387788315566863
0.39439147562042637
0.3945575229580674
0.40129612005298926
0.402340817329124
0.41048639424273375
0.4155797757760484
0.41736134899245453
0.4281880342009486
0.43377354004172064
0.4449383075775196
0.4526050573103289
0.45380152295412013
0.45776464692061586
0.4724369530421578
0.4854673059216663
0.4868037308086447
