-3.469446951953614e-18
0.002149550078177114
0.0029610460079314855
0.005555964507697993
0.006862760544868609
0.008051480973713698
0.009225256076060005
0.013906354075908662
0.014719614200371952
0.016132765987062314
0.01807843782644855
0.02129419604233434
0.022267705104010126
0.022960690835700244
0.023686401034530777
0.02810041541339795
0.028620022466774392
0.029820700683383203
0.03259301094470824
0.03516413068903095
0.03708278893465942
0.04009995839273476
0.04025468259180285
0.042891883399277714
0.0481418861422597
0.048764119490502224
0.049722209674411884
0.05451972087242372
0.0559602317824588
0.05701596472919639
0.05802507241299807
0.05912273882636936
0.059926221525446695
0.0647889371084731
0.06550351542900197
0.06625843711197377
0.06757894022827808
0.06970669815261578
0.07135502021634672
0.07305938685049623
0.07560551260838164
0.07796966593094314
0.0812492657661594
0.08268661580760732
0.08345272097784412
0.08713825319998761
0.08721379096545029
0.0890428307275985
0.09337885612694447
0.09627395737876272
