2.42861286636753e-17
0.0005166482511145438
0.0017373852387242532
0.002062629467403416
0.002260609686547293
0.003796292370667422
0.004293267604052832
0.004646013223683972
0.0058682447536873555
0.006371483570960233
0.006925203143846216
0.007403391611633852
0.008281283822839323
0.008507541981174609
0.008978879253426794
0.010031917922116758
0.010207900011210675
0.011671888018306443
0.011677008850672887
0.01286631447634702
0.013158921717672219
0.013748880321761641
0.014595263960688378
0.015252073990339633
0.015627725725749025
0.016170344706658166
0.016985604300951772
0.01762877422056728
0.018427791707295367
0.019217503828392928
0.019438294981658652
0.01988897201446349
0.020192147231181658
0.020410681963800484
0.022165931364409412
0.022701306205145454
0.023575537767853698
0.023996308270496355
0.025165683966420126
0.025172420087014237
0.025310399188041233
0.02700071008384363
0.027386902152265268
0.027917575798419213
0.027928581134558997
0.028144225459914504
0.028718906102580925
0.029280059493891585
0.029559429193670397
0.031523880952534285
