-3.122502256758253e-17
0.0019399823187041653
0.002226474108438981
0.003441686022790885
0.004097998405902125
0.005762168194863424
0.0076352913932415094
0.009181633835493351
0.009777369111009486
0.010371410480891451
0.011740308295327887
0.01431121704185838
0.01694353806303736
0.017682479593783496
0.018774933775594034
0.019658738677735592
0.020147848690639833
0.020584080330086095
0.021137247756489376
0.025213650184683807
0.026530487465623566
0.028958688124240572
0.029323698474237686
0.031020545623721134
0.03163285079140851
0.032264806953008054
0.033545568812427096
0.03362308154616477
0.03627994336260394
0.036520522006089615
0.03998985184560425
0.0417779496484667
0.043265510634276146
0.04522725575190869
0.045922348809527794
0.04720968671747642
0.04815571371139826
0.04877119782809061
0.049575525797323244
0.05021076416351999
0.05044454326637059
0.05310390433819851
0.05499648053745514
0.05631878296685302
0.06010915893812687
0.061016050973186915
0.06245690723957673
0.06429961596248719
0.06534225305250559
0.0658843264031705
