3.9898639947466563e-17
0.003652498182138886
0.004442845864619566
0.0064081473012755855
0.008938471919368701
0.01212638554727148
0.01410410803309819
0.016549463049901875
0.018872168483816606
0.01979011629622804
0.02218599777242239
0.0260248950699039
0.02722104444584269
0.029608954766708245
0.03042667799924703
0.03441160525768594
0.036042544843604814
0.03735443321136298
0.038247322274027364
0.039713763428945933
0.040657845008811734
0.04380851392898977
0.048820358969354244
0.0533009418131369
0.05441105802082346
0.05784023589396934
0.05841213833414658
0.05956517748017088
0.06164013307227179
0.06395118744591219
0.06484515473975996
0.06813983236889828
0.07570780913502397
0.07742365862799701
0.0815282727139436
0.0833619923490653
0.08475286510836
0.08730028273791551
0.08978678871576717
0.09307171484531264
0.09376859450732913
0.09595447248731087
0.09964318414637675
0.1017308218754358
0.10462847743506723
0.1087447124018183
0.11175874325116511
0.11459181543410872
0.11666831503727719
0.12126889520141897
