-3.469446951953614e-18
0.0011079225991275105
0.0019381623569417541
0.0032605839673727557
0.004102739559957819
0.005906717943000515
0.007044821340333162
0.008752934891868248
0.01042027025005479
0.011356976605427739
0.013882168383483063
0.013998275316948175
0.016050008599333428
0.017774792197897037
0.0198133836275177
0.021191580353333045
0.023342541932278305
0.02526916239069245
0.027106210240117792
0.02900120569411125
0.030873895865718745
0.03326553079286303
0.03628099841010769
0.03748684786621011
0.03949939315706405
0.0431113929969076
0.04447397962420943
0.047455448323186405
0.04890210254583038
0.05114455446427337
0.05498953765035459
0.05630562695618261
0.05883633756579377
0.06312873311339026
0.06364753486455435
0.06553362730990803
0.06825555475887292
0.07016168526618428
0.07398423947034904
0.07569106140034583
0.07887915209609983
0.08161389974865968
0.08276759319496071
0.085363615488521
0.09007354793613871
0.09174610518106524
0.09315722902235285
0.09456327701173399
0.09598414157069522
0.09883815528673529
