2.6020852139652106e-17
0.0003281102373134011
0.00092362789347019
0.002029796214840538
0.0039290216731997386
0.004145654543197815
0.00658511140685507
0.00868834522609841
0.010576279226044401
0.01144201633014639
0.01278295615180017
0.01384360540301032
0.014401298174338934
0.015858505137223852
0.01821853894137175
0.019456026635645572
0.020852380784045894
0.021136854269254303
0.0235596703463661
0.026533324354629628
0.027969854297815802
0.03162384149666159
0.03238227054194614
0.03272758225398653
0.03690766700736811
0.037897906531995006
0.03824762290870146
0.03881395723835154
0.04025709279831051
0.04042199216219926
0.04438473994200744
0.0464347440067136
0.049029151235872065
0.050447563807367486
0.05452557816127892
0.05509892700412717
0.05589989031424505
0.056332036449340865
0.05786019237151078
0.058218837308074804
0.058984983965523215
0.05934948306914898
0.06140013217855792
0.062143674914630236
0.0633803693460681
0.0649905605431848
0.06781845553929021
0.06802018145749729
0.0696031627681573
0.07191218560661806
