8.673617379884035e-18
0.0004886900164445089
0.0005148787171370024
0.001599024208275195
0.0024128660958221398
0.003926823334569968
0.005017615902720769
0.006631136212571836
0.007408869763417357
0.008647262960068755
0.008712762486391619
0.010016575512180494
0.010610414827332984
0.011888958123371872
0.012103737798593908
0.012990527537413083
0.013626060216358616
0.013666589977865668
0.014337549776404489
0.014464307042835101
0.015060156820299314
0.01569239748211012
0.016690405636044375
0.018177920703881613
0.019260245829052114
0.02059143247692123
0.020945248151685497
0.021803119989288494
0.02287270664863747
0.02331897673659393
0.023628850026890892
0.023762851787903508
0.023863116409335174
0.02460036560590135
0.026363907373992537
0.027127868513169423
0.02787629920072259
0.02881607878505655
0.030408016559218036
0.03131946405342752
0.03197654091634637
0.03283657533466166
0.03314980962183296
0.03492172012953366
0.035048207750464355
0.036573131391479295
0.037424399902356326
0.03791160344036388
0.03890011706936026
0.03976210228459669
