-3.9898639947466563e-17
0.02117750853452876
0.023067039205056435
0.06859000661100363
0.0784463003561318
0.0856050819866208
0.09044235787636792
0.10623265584312763
0.1387787584678361
0.1388412600105234
0.18229050777733635
0.1923668911947459
0.2221587998489075
0.2270370171253193
0.2626230648963582
0.2856349043163995
0.2885766830634161
0.2966495895405809
0.2981708077834567
0.31242762661874435
0.32201160918944194
0.3444883778043632
0.35264436970074275
0.35924555254702384
0.36052074371786075
0.3661559411693057
0.40385002847334456
0.42296448718429447
0.44226864506718755
0.4497184142736629
0.4773015834170317
0.5070566814047356
0.5205889938715171
0.5263445340024836
0.5514481703459466
0.5520551281734621
0.5916784233442853
0.6150938833885601
0.6292170445752865
0.6479924019903012
0.660220642573725
0.674882374741791
0.6928051064218042
0.7254916520667678
0.7260786028133128
0.7311462745012517
0.7433793868365512
0.7628123591536873
0.7666032086026937
0.7981133940569639
