2.6020852139652106e-17
0.0006775607148850806
0.002360091901078264
0.002766339402238171
0.0028369534760637333
0.0050718695302417564
0.005400547507975369
0.005903558121477961
0.007349596796408687
0.007521139643301705
0.008409221655602794
0.0087867890722389
0.010428198786178887
0.010764269171737133
0.010972301501018642
0.013368855772399638
0.013918589137411666
0.015386293585777784
0.01585235262075997
0.016135211415507444
0.017464129903254688
0.017685557909447383
0.019214065199781222
0.019681764645170248
0.020558764747236218
0.02134484071650701
0.022033724933697457
0.023698566764267105
0.02405404953813959
0.02455900489850856
0.025083629321441488
0.026342657299577618
0.02726080477058676
0.028821836655224586
0.02917571769453007
0.0300787454646851
0.030515628566102654
0.03095456517012625
0.032893764996604714
0.03319524825665913
0.03341707464435121
0.03496842758982534
0.03556068726007535
0.036899385172799795
0.03809958070802507
0.038649095946010965
0.03937354291957683
0.0396909789373592
0.041031480723905944
0.04125201978055658
