5.551115123125783e-17
0.00742304192566425
0.018562084887735822
0.02580939422352567
0.028102837013893288
0.03955656128101601
0.05012179175157701
0.06872536457684011
0.07437062048811922
0.09108601214883243
0.10043359362273449
0.10811569763937581
0.10998856348455982
0.11078326980703994
0.13057750449546357
0.13405851336391705
0.15220585172156273
0.1542368972703389
0.15616910590801414
0.1713664632321521
0.18890471741543105
0.19970653622228796
0.20147520890656628
0.22438778083525515
0.23306288753487592
0.24701726207429775
0.25655171337138516
0.25780280982378967
0.25913491628211865
0.28276830128609654
0.2856588893881174
0.30025265183020916
0.32864161382410595
0.3348022989646301
0.3399596593505422
0.34627324781504454
0.3516161448969053
0.3593725949415423
0.3632418040739708
0.3756330061373714
0.38825982218067007
0.3918996402528183
0.3973360374053595
0.4056017490364817
0.4163994435854784
0.4273815748359459
0.43004645574202205
0.43584866657848226
0.4457567856959785
0.4696412951130889
