7.806255641895632e-17
0.01754566667446119
0.05001275608744025
0.05001430119872328
0.0684585742977905
0.08400601793055608
0.0840116205204513
0.1474613813542188
0.14862684242913698
0.14864072079234755
0.17421230737094312
0.17421667438975683
0.21803756956966225
0.21806673951921918
0.24596144980964285
0.24597906375049572
0.24697044574531463
0.2943566390469698
0.2944134530857614
0.3627545727210854
0.3729136078728338
0.37294534012983993
0.37623124857177775
0.3762606196389352
0.40491146022827523
0.4049874397750812
0.4262345707444518
0.4263305661041048
0.499488807702025
0.511071819136908
0.5112471082917731
0.5230024279164295
0.5230376593063539
0.54894108662834
0.5490191132161206
0.6317524067163063
0.6319467616689701
0.6565655047272976
0.6566264899049586
0.6653645114541079
0.6900819126464744
0.6901604013951695
0.7107456547838942
0.7108923918093265
0.7227504964522184
0.7228609525285187
0.7880281351162256
0.7882811648414467
0.8017698894859093
0.8020338200492452
