-1.3877787807814457e-17
0.00046766521613958965
0.00046911731706692113
0.0005765324626167967
0.0013596515500533639
0.0013607419670317554
0.0015773485069514887
0.001586943632777494
0.0016182609423397894
0.0026698595775763584
0.0026765562176122634
0.0028286135239804916
0.002974269459788568
0.0029899679070311443
0.0032227043499399484
0.0035201844341773147
0.0043986495575402025
0.00440253774980022
0.004518666857367211
0.004609696090340667
0.004723649180826281
0.004738365506320168
0.005414853840905452
0.005431114974655888
0.005944663524754009
0.005990138148877984
0.006515253338025167
0.006531241435242004
0.006749427632104057
0.006871566220849506
0.0068879952110385955
0.0076363538466503855
0.007646073462144099
0.007733256315811366
0.008441458389118332
0.008470710730627362
0.008978940357351627
0.008990712182271194
0.00899618586874785
0.009400125586836125
0.00941578049595364
0.009709851298819112
0.010194844288984881
0.010216124227465427
0.010806177981721279
0.011264962610935387
0.011283688833204677
0.01155726657665721
0.011599354990227536
0.01203017009327591
