-1.734723475976807e-18
2.526362745411924e-05
0.00011028653935916607
0.00017322185010903296
0.0002925668890314346
0.00038578299444738846
0.0005344042734494493
0.0007845348571618536
0.0012100686450059062
0.0014327639054571226
0.0017049414182325456
0.001994413477347209
0.0021060638773043316
0.0025099966761391954
0.0030169364754266577
0.003577144769091767
0.003835192724490533
0.0042575089133434635
0.004618381950339576
0.004784961870223073
0.0055109215635810605
0.0056912129019086165
0.006066279155491726
0.006313509255680224
0.006614221311644181
0.006718868038270235
0.00682097432291043
0.006851512176323614
0.007066571863672514
0.0071485338689843605
0.007272889319560735
0.007644688653805817
0.0077610747828258855
0.00793942636965485
0.008093873888701973
0.008349178260781147
0.008415442828811301
0.008547392750471223
0.008661925343998693
0.008883493356017404
0.009112632287294335
0.009118180314957017
0.009285319207659093
0.00937418995393838
0.009572653136852719
0.00960440297541434
0.009741214572781242
0.00991514955526084
0.009974702626778324
0.010273036198946537
