0.0
0.0006613972105753291
0.0010534708238979142
0.0012961380774261858
0.001970809461511394
0.0020205033118397622
0.002639142808089554
0.0036086243299479626
0.0039045776119617237
0.004415103459186706
0.004786280988531231
0.005072143054142336
0.006165619346471364
0.00616936387458244
0.007659314184808858
0.00783219616360595
0.00821256804662033
0.008703528230507645
0.008947213444662807
0.009530517896743534
0.009843944134984258
0.010662813915970777
0.011012197364392568
0.012013410371046298
0.013296841515049925
0.013460309778345109
0.013972388163382083
0.014094666645800847
0.014587172978497839
0.015050244977917822
0.015426894607720136
0.015828221162258703
0.017109566819469103
0.01718142525981886
0.017922447660820878
0.018696605406316257
0.018711705840323986
0.01935364644276486
0.019724946184108222
0.020798410340165815
0.02153241651896192
0.02248775347861654
0.022797299303689372
0.022994640416145927
0.02352542682264841
0.023630433820401454
0.024764028197631828
0.024981989020727645
0.02522063689452013
0.026316415219775673
