-1.734723475976807e-18
0.0032430122529112804
0.004094668545365006
0.0061674321711516645
0.007779470099110166
0.01243912045572691
0.013234719565426491
0.014026816697991511
0.017948607757479494
0.01856747387472347
0.019547357652527533
0.026946858115586315
0.02860238505771147
0.029510771821829415
0.029920373437036504
0.03544902029539726
0.03659835822098146
0.03706799635704057
0.03838634244837605
0.03900924247786828
0.045064432055449806
0.04701211588169754
0.04882110157255978
0.05030190706556858
0.05326417067710563
0.05812549818836906
0.059875601707802074
0.062455185922943836
0.06253492500538066
0.06435234608928253
0.0669778599682759
0.06858845229784617
0.07048856958347864
0.07247845125363853
0.07301988627038362
0.07516187827312151
0.07632967139238032
0.08154261531716342
0.08445924697150145
0.08750825976991108
0.09094125856006308
0.09408465589410843
0.09528551963598435
0.09545508398931005
0.09653670623165952
0.10091250151015815
0.1025989914743635
0.10288833566233103
0.10682098106033337
0.10768114490542573
