-1.734723475976807e-18
0.0042450555092110424
0.007642444271502248
0.014360391601987299
0.014770839008243197
0.024537377943629694
0.025721698181825486
0.03285261891160217
0.03657873959419863
0.04315114794632392
0.0476331432205517
0.05202569636388612
0.059302574475904125
0.061813045718643427
0.07016636651830692
0.07653644152090001
0.08265226589597893
0.08511280249944814
0.0917307890443453
0.09296965064427914
0.09414424407659021
0.10244618707837252
0.10562016475053494
0.11362432250483168
0.12167516399899701
0.13074176652237898
0.13167167756320108
0.13581854963185827
0.1381993082772257
0.1441671611798358
0.14777052620915132
0.15097325502755696
0.1538673834665819
0.156235697766391
0.16630764240867874
0.17192909396600792
0.17418947239385424
0.1816413177261622
0.1858077442952678
0.19023460105426107
0.19174600663954736
0.19864055786165616
0.20669256662776903
0.21253723360282434
0.2171027551965283
0.22171123740440452
0.22671716928917507
0.2334299077339137
0.23613168248746208
0.24073422751269363
