1.9081958235744878e-17
0.0006923543112940262
0.0019227759205887075
0.0020987534547121413
0.0024265275245801115
0.0025922374230673596
0.005157252140294976
0.00519660449514708
0.0053724592400075655
0.006177751729737552
0.006251507307418193
0.007191674217195488
0.007288618423695095
0.007789270676783125
0.0078050167031631906
0.009269206287172852
0.01102370704199781
0.011128410676586759
0.011568557051910013
0.011578926955407349
0.012656039007637275
0.012673027278413703
0.014937778962612802
0.015137413015430925
0.016645425636278972
0.01710889471810939
0.017352862059226287
0.01739010547135303
0.017681584518622548
0.019902346077858207
0.020518881212161125
0.020555603610640842
0.02096723222306098
0.0213689817609833
0.02203575064141968
0.022366902631320094
0.022556423720369638
0.022857382545015237
0.02303826892989233
0.023585030868056155
0.023603978577221033
0.025021327100503685
0.025106257877000944
0.029505191015755522
0.03015196626851615
0.030214739735537607
0.030673270563483762
0.031493112479144
0.03168539666731863
0.0317201497725134
