3.469446951953614e-18
0.0011061242957304887
0.0011106933228998226
0.003055359456950745
0.0030586597037279076
0.004670274316486563
0.005088904256019213
0.006957076845927444
0.008846771505267888
0.008873495719952515
0.009600619555066083
0.009620529663647648
0.014396690654085607
0.014410715873934847
0.014594351433361753
0.01460279931542677
0.01466878628656079
0.01890383817223812
0.019877768773382008
0.020681441774339872
0.0221684916093357
0.02225399701706869
0.022330822494581862
0.026261492321292892
0.02626369016841932
0.027025207350474145
0.027059903304313487
0.030942378673638353
0.030978351172641402
0.0322518847772896
0.034660769122449836
0.03469727584141281
0.034873534072879464
0.0349765373637665
0.03528094465505421
0.04015526109013885
0.04227080650689766
0.0426893139158543
0.04276340901035649
0.043263044840858515
0.044366270519616044
0.04449367281522299
0.045345470564299564
0.04542591972148097
0.05172965619432743
0.051795053895292396
0.05226854384260057
0.052356874216424557
0.05430140608766736
0.054590670936630066
