5.204170427930421e-18
0.004414326965852125
0.01378932046119013
0.016842939773118126
0.020337971079867005
0.021595931477909253
0.02492157080626372
0.039821666490621105
0.04106706942522344
0.04811724743352178
0.05263314298679495
0.055508956596658006
0.05896860430871286
0.06137770608460968
0.06597087528713812
0.06961501760931858
0.07899735389813244
0.08880911699469823
0.09030107850706155
0.09618936579846982
0.09936220077794496
0.1061746166740046
0.11272310653084916
0.1169868884718867
0.11824003704756263
0.12172429357913168
0.1240941693753405
0.12499397977576988
0.13616711879271517
0.13954783073464938
0.15049848532628957
0.15842471777417835
0.1617035559499525
0.16554268033340158
0.16885538331029568
0.1788935418887708
0.18114732413854165
0.1839382313635431
0.18571584744981917
0.18690414165154254
0.19800654989904323
0.20058891831210232
0.20608447843060593
0.21025214131278158
0.21436449066351584
0.22008001692345922
0.22587133058794961
0.23145976702170154
0.2343549300035942
0.24004057244525612
