-1.6306400674181987e-16
0.11159422026232099
0.1279897359050917
0.1280692091296069
0.33582825167497565
0.3773531927326579
0.37747848236014286
0.3930736759603059
0.393259844926522
0.6846737900007077
0.6848985220215617
0.7305870448769642
0.7433499409321305
0.7438121176567467
0.8140862680640053
0.8144178124065691
1.1823353804773566
1.182810898300471
1.205773515495137
1.2269421140881231
1.2279726793304606
1.2871614692906703
1.2874401971616967
1.3208471244270907
1.3217259533756638
1.7790078367356683
1.7794750047986658
1.7804044230928007
1.7915015147386342
1.7921899557044958
1.8298396174831462
1.8302834584344945
1.9217551610848775
1.9239218880162288
2.1111130475986273
2.1121214295337416
2.482925122421203
2.495347932768403
2.4962132210997847
2.5109396529420938
2.5114500138291818
2.5515745484313115
2.552203453902118
2.6227087299220515
2.623983384645479
2.6280551245667523
2.628817965236233
2.959240671161778
2.9622927210478855
3.2844986107031393
