-3.642919299551295e-17
0.005991444981772195
0.013991668388148302
0.0241017259104259
0.025746776635962212
0.034843366652635946
0.04451511577754635
0.05557038614410433
0.06395331589211217
0.06914236214062838
0.07179940199269487
0.07699042208135674
0.079857473737557
0.0886972386739132
0.09947725389722306
0.11427297809272599
0.1177861950834208
0.12731775641270215
0.13592382659720642
0.1370651866186012
0.14633637674049774
0.15816510349941873
0.1603942527441916
0.16403193608753905
0.17147735706076617
0.18906569163086706
0.1960129565197876
0.2007725466732185
0.21310725461471358
0.21396194237403043
0.22566582461766932
0.23835568291532666
0.24323644534108235
0.24671019692213064
0.25404866507383067
0.2635997962318863
0.27304749972945397
0.27717331309784526
0.28642314365125776
0.29682438538415273
0.3068646388915743
0.3083856409658755
0.3213092009645594
0.3362406207889548
0.3370559057183471
0.3438945358889101
0.35021723404200966
0.3524887433426275
0.3751072144794719
0.3786038809787704
