-1.214306433183765e-17
0.004690055424936742
0.010336625114173633
0.014504139111923846
0.01658802606749872
0.021265699993473088
0.027729926923071038
0.0327570447872419
0.041981824578747974
0.0436775514065254
0.046976314231662694
0.05118059264798235
0.05530219486995918
0.05721752663605802
0.06527754538539118
0.07096967953341896
0.07718833416502584
0.08252803047247717
0.0855754103104608
0.08594355532324316
0.08853444932576528
0.09987740960974668
0.10527931780427516
0.10710865829945658
0.11082270079460567
0.11261172438921237
0.116375532387558
0.12461503115741439
0.12469178799859228
0.13132417109167108
0.13471663168305084
0.1376125699722392
0.13822729270327305
0.1492278721352445
0.15032201943800577
0.16000311545286613
0.16799874358990294
0.1702041010901887
0.17452059563820851
0.18125017589381856
0.184963858233212
0.18531021830377867
0.19006276291219495
0.1949290484224552
0.19965744641968536
0.20066171784844736
0.20247582758646274
0.21419599137860038
0.22014205665549666
0.2220436711070412
