1.3357370765021415e-16
0.04206819885690267
0.0610412463140907
0.07659980216587828
0.1241186584309452
0.1567233781698614
0.17143194562638261
0.20359659491052187
0.24083682164446663
0.2452085052485936
0.3007107846443946
0.33420167357376607
0.3438329323921092
0.3613999787130207
0.43533237577485945
0.4434042494209497
0.4585661179791334
0.48790501775719947
0.5437008169841293
0.567799792263267
0.5772093311209415
0.5775176175038141
0.6189646757987245
0.664086273861691
0.6958621455401336
0.7700347087276266
0.801419777527979
0.8093045165684408
0.8248079664997284
0.8425809033931244
0.8685987604187742
0.8820609004259666
0.8968375485917025
0.9134408771052992
0.9327419450816468
0.9729578188457673
1.1111599385585733
1.1306977927931772
1.1369133900962876
1.1383912542894188
1.1864723007908464
1.217388524773194
1.2213568784258317
1.2284333118255626
1.2434130225015931
1.2662514669741687
1.2990258344748011
1.3067635976180128
1.3069294655364414
1.4771920299430552
