2.42861286636753e-17
0.0010552868156619797
0.0013558653434637118
0.003812484539538974
0.0056860100385471134
0.00956011460427404
0.01202224436972279
0.013463612057474388
0.016881344036632086
0.01727470622334914
0.02092587534798774
0.02264183050230082
0.02334696069788842
0.023659183228633397
0.025990227518766063
0.026946138918113753
0.02762068163202558
0.029856053048425
0.029888729766747876
0.033793363785957896
0.035724270287209786
0.03638781948411249
0.03840994199453834
0.040439266159962926
0.043732694797019904
0.04554610633640705
0.048068171652241726
0.05022232824207606
0.05184412052186281
0.05381146520341324
0.05498979322904098
0.05834552473839188
0.0603250530598145
0.06205357184745509
0.06770972437062586
0.06854637178172335
0.06940005455513834
0.07151212510376573
0.07727624891330809
0.0815180126067061
0.08224195196623119
0.08310901025723846
0.08318143576931748
0.08619084980793683
0.08715469623893926
0.08876940971714589
0.08899385371675197
0.09161786995812184
0.09181814560400622
0.09401712164042426
