3.469446951953614e-18
0.00731775725210255
0.007326625199245129
0.02147921895287771
0.0214896058468365
0.024637240524500316
0.039637535692450244
0.03966145495094634
0.040022049022173614
0.048097011815858744
0.04816772832083943
0.05517093575772176
0.059992200011382425
0.06002501950430788
0.06288411522824251
0.06295396114322005
0.06376293451790628
0.06380341113240488
0.07775147462987522
0.08164443175284633
0.08177099311139789
0.08467318885920923
0.08473428867583355
0.0911580071431953
0.09121417049329988
0.10374279199210845
0.10380827058542924
0.1086156990202198
0.10864918765004697
0.12438054167844569
0.12453203476337725
0.1266663828244098
0.12690470744026672
0.1326721183313785
0.1327140027834583
0.13432625185724134
0.13442514594227284
0.14025661017511454
0.14033056989312484
0.14049386246318316
0.14194710110535713
0.14653944940180078
0.1483277336279823
0.14854327570317008
0.16099870987741466
0.16115033812840784
0.16389291662740096
0.16398708888500804
0.1665770288778552
0.1666526284858364
