1.0408340855860843e-17
0.0006218051871789143
0.0016156300275214051
0.0037715232802355766
0.005172814223904476
0.005423441875233413
0.00796090114910685
0.008144227115529519
0.01084312797519873
0.014633333512882615
0.014940523668519225
0.016109090447522317
0.01928830445824338
0.022122279054644867
0.024295574306217593
0.02601250070287909
0.028995488699357003
0.029524216872737187
0.03024329819093223
0.032303312905221156
0.033665876969321926
0.033812300665003514
0.03547325597211175
0.03682561522759382
0.03945928437919354
0.039778138031697025
0.04033228688831173
0.041130302872698365
0.04251576998537233
0.0454982501882112
0.0465180871947425
0.04888482893573873
0.0506829589542664
0.05069296654310473
0.05442449319811291
0.055398999704581266
0.05801641326621034
0.06055583156021108
0.06089248178867882
0.0639169628858782
0.06507784699994612
0.06524799351556268
0.0705164867602719
0.07135101239127883
0.07318022873569696
0.07427041781731611
0.07650815471516162
0.07783363615026005
0.0786398730225872
0.08192677914500399
