2.949029909160572e-17
0.00047217650916252935
0.0009978505862453628
0.0020420523443450862
0.0036170086706476152
0.005239024080150713
0.005481723657875722
0.005483889089043738
0.006361889520004603
0.00636643222722705
0.0072365162185111746
0.008045842334097568
0.008046748455388846
0.010529521679078944
0.010683626763679054
0.010686084658386894
0.011779364206189325
0.014314564094210726
0.014322110327713312
0.016928648826846276
0.017081277639151064
0.01770456290773738
0.018212784583810877
0.018934418857300336
0.01896185615980491
0.02269698843144345
0.022820284993727687
0.02344241009482495
0.024195519128913406
0.024447417705902932
0.024470369750148546
0.024609339283461706
0.02534151166104038
0.026683764029171456
0.027392370012758127
0.029918837037090182
0.030566179097021015
0.030621492680815036
0.03115849301377601
0.03208035839820023
0.03313920926003593
0.033487820736370466
0.03457200952263702
0.03469508555678724
0.03640743601034101
0.03693843933630926
0.03701426340394164
0.042186425031182896
0.04240591418045821
0.042720413320482244
