-5.204170427930421e-18
0.0014520362767929517
0.0014537526734308484
0.0032365388923117668
0.00324458056358831
0.0035883980592379024
0.005642378619284629
0.005652803646626124
0.007770987413474996
0.007780120055715508
0.008999144419589619
0.009014247751161384
0.012797227206444035
0.012800680378359014
0.014055845964348989
0.015493459875978796
0.015503381340644705
0.016921170915485027
0.01694823346442812
0.019406216044703217
0.02071326692114718
0.020716061159190807
0.021527034482565134
0.024922997137543777
0.02495638872083856
0.027654635244894227
0.030034996658025108
0.030090920690790307
0.032643886011872604
0.0326577821847692
0.033283483194078735
0.03334339578935249
0.03456940291247832
0.03460534889141291
0.035868747304812924
0.035881271454927435
0.0437771555302279
0.043904349739905736
0.04576518106871894
0.04585116318004521
0.046815152107453496
0.049295441954091586
0.04939453566913522
0.05107029566612
0.051255611209184274
0.05519087544392142
0.055218848238801334
0.05543890878856337
0.055505151105411286
0.058626880163446284
