8.673617379884035e-18
0.0015806576638341865
0.0029922902445529854
0.005805172258957185
0.006231581788971272
0.007969231503416928
0.01022874192052736
0.012756333005858206
0.014852180219764718
0.015224723983412207
0.017648643667838144
0.018782494257158645
0.0203558128589919
0.021631007549361994
0.023067021600898255
0.02689148270672999
0.02702765260218634
0.029154648090634505
0.030499738605618033
0.030992448932457527
0.032688865088210325
0.037000455228280896
0.03900918075670358
0.040959105322125315
0.04217190375746842
0.04464624873069248
0.04648739592682841
0.048462803687954206
0.05017572453525672
0.05084044375167681
0.05187619168270518
0.05433677434010737
0.05545375534299484
0.05703550418669926
0.05883231880167506
0.06137486346374304
0.06222987573176881
0.06370780357238791
0.0645879438158091
0.06857208610811358
0.0688143029053917
0.06984513820423169
0.07127486789198317
0.07221506853294721
0.07388418303297989
0.07507404955308516
0.07557656428132865
0.0765787801376279
0.0808546879994657
0.08439600008083574
