-5.724587470723463e-17
0.019384976075752666
0.019401007882563673
0.03023598150666368
0.05424674249074841
0.05426186181936859
0.07340161448914852
0.07351978329747408
0.0848468566568601
0.0935280257095999
0.1176859176292364
0.1288210292117804
0.12904077317306742
0.15202911596777668
0.15214279908718922
0.17258716562440773
0.1727343878562362
0.17274684027087617
0.19750794108332734
0.21302802005705157
0.2388213916102318
0.2390073287817461
0.2515607377805881
0.2573018283213693
0.2575314988932302
0.28378030963037937
0.2839130379081549
0.2953495110458468
0.29563832044102123
0.3243964571285492
0.33724332068060425
0.3416298090879715
0.3672979341404385
0.3934479426992863
0.3937996892085139
0.39923959687359045
0.3997581303848302
0.4003049236022377
0.4064719343133073
0.4071444802789229
0.4294203392301203
0.4297489900170804
0.47389557077130345
0.4740833851408594
0.48133751060678387
0.5047351249069667
0.5336681097317993
0.5351703917274133
0.5367687171175567
0.5464668950320933
