-1.734723475976807e-18
0.00022703493986012818
0.0005546002114404733
0.0007769172277471564
0.0008569889137608078
0.0010651079853348285
0.001603272657895281
0.001708428855106867
0.0017572997163998946
0.002273453614531233
0.0022776957398448656
0.0025712136859240165
0.002678458751370844
0.0028206628080292666
0.003187263990768038
0.003496406146100922
0.0036666578749241473
0.0037211828169102356
0.0041904558070181615
0.004367162355044023
0.004490039846540459
0.004656091443129151
0.004919053621788344
0.005112805417621786
0.00538784719942423
0.005543246547434736
0.005751885788644851
0.0060229828286797096
0.00623475990892452
0.006401689492265777
0.006498501397913295
0.006774952036093023
0.007315445720807523
0.007360488228544659
0.007476547165699945
0.00775196899898503
0.007949556911797996
0.008068070859321317
0.008157290568705703
0.008441668196222803
0.008834649803487403
0.00894706955339762
0.009210522431561745
0.009352711816500733
0.009741591006710027
0.009767181044867757
0.010029405896853133
0.010095801740336115
0.010297781400004048
0.010887874630606658
