-8.673617379884035e-18
0.001892836204543261
0.0022488433586693377
0.006255159209469922
0.008204674536126657
0.009044357123108868
0.009476573951965847
0.015342745895457812
0.01620890542372775
0.016738529006840787
0.018933511688832595
0.020975094905623624
0.02141657834401446
0.02361796578179389
0.027131285720695612
0.027785149669640234
0.03039168503876062
0.0322469735705094
0.03322101609188926
0.03571544827430578
0.03574006432422783
0.04213849280719916
0.044917234417683805
0.04573064839182153
0.04694940786913187
0.048206447814970015
0.05218072041179383
0.0550301713201927
0.05554490362294693
0.05779173007690249
0.057827098801405026
0.05813066760189455
0.06043047513980431
0.06282985221756883
0.06493621572112189
0.06810847690656097
0.06928103579725607
0.07050332192873696
0.07175540632967183
0.07562788304947844
0.07655910619229139
0.07812867468226047
0.08093116528383658
0.08358221092011099
0.0855124652067384
0.08735358134645184
0.09077371179781707
0.09087022267563045
0.09331269882320312
0.09481657967956686
