3.2959746043559335e-17
0.005488044502309306
0.005564162246805124
0.017106700863444443
0.017698195667774544
0.01946040083588267
0.020841443755244535
0.027647485318524595
0.027713161508151306
0.029630413767050737
0.03705804650660866
0.04088090254199609
0.043247621690295966
0.04422908889153882
0.04547729706300213
0.05271547370101443
0.05809281724025122
0.05950759948052762
0.06578523645206591
0.06673074673708626
0.07618536081512209
0.07628048929795996
0.0763647017370817
0.08085931020769506
0.0810163727110394
0.08784976459773595
0.08971850250864295
0.09146950400246692
0.09711699888036959
0.10181325237182132
0.10342678539970813
0.10379716773158523
0.10421603058051963
0.10438534400579381
0.10801646194452201
0.1173413623885068
0.11763275061221455
0.1238572078750486
0.124448471418853
0.13137062456442394
0.13605964720453514
0.14215697195232543
0.14302509604603944
0.147230466598764
0.14745402561850468
0.14883971985510244
0.1493944498449502
0.15700494762665324
0.16012605034290317
0.16778824935586417
