1.5612511283791264e-17
0.00037238057642709384
0.0014968408026005894
0.002082771038457035
0.0021446570524806686
0.0033891017266417817
0.003503345386676694
0.003845786241011024
0.005039469490751422
0.005714020565654789
0.0060509345317645066
0.0075472560475064124
0.008326356303253327
0.00945529239757766
0.010921702669698706
0.011562176456720643
0.011919566676658134
0.01230320825666399
0.012339072978254177
0.013411748571804426
0.01354320204773416
0.01362843855422149
0.014930912635403417
0.015032758364848414
0.015215284995370048
0.015769086932559122
0.01749934426288622
0.01786243355952874
0.01825496777024701
0.01872273189183065
0.019053107735619024
0.01963105086445875
0.020771415303930868
0.022401339794552257
0.022839108199893536
0.022863135767400178
0.023466897275248012
0.02447278843197303
0.02673932842635219
0.026861097863640923
0.027237998197547103
0.027350386644240055
0.027871294632728395
0.028901446518504084
0.028943512928505347
0.028952550346270582
0.029201280305904992
0.0313523919035374
0.03163562883783485
0.031928049731356795
