-8.673617379884035e-18
0.00036338523240594424
0.0005072806429300778
0.0008637411112692658
0.000871318244633025
0.0014536600089711405
0.0019490984746734392
0.001961019037308078
0.0020282814253563663
0.002377134578622299
0.00239039446412242
0.0032664040369636705
0.003441647344372162
0.0034818969807664506
0.003758004426897143
0.003803271988356201
0.004559782246045894
0.0048847843448683245
0.004919305082566555
0.005252159904552602
0.00528954050068269
0.005799981192673451
0.005986977011919243
0.006018304689255587
0.006281689672889551
0.006340789105264795
0.007667568779002062
0.00773259220581665
0.007867619055759842
0.007954264225983951
0.008096079117362173
0.00839357145490222
0.008451460301864363
0.009048298464743016
0.009485427917074627
0.009520543993862879
0.00955276260551331
0.009613998104290809
0.010251344751216687
0.010330271825305217
0.011015351388661153
0.01115044177221603
0.01131832061967976
0.011365617564359361
0.012625726851741044
0.012892018076052008
0.012979940165951656
0.012989049962226844
0.013461660104624436
0.013468842709632266
