-5.551115123125783e-17
0.0005936486046158387
0.002221450811427026
0.002300212239196438
0.0025810628738442525
0.0035527045963573717
0.0035729506523448883
0.005760525469407385
0.006169988993443587
0.0066105073958927455
0.006761083978899523
0.009347083308420866
0.009536043026389706
0.010308611713665745
0.011244019221285718
0.011447053696988124
0.012776753101443902
0.014167591217906958
0.014491902875663801
0.01487194123830945
0.015680679795209235
0.016840001096524934
0.01794961530928777
0.01903033945519724
0.019615591691877286
0.02033315262055544
0.02089452504960195
0.021089627137722916
0.02220413363874478
0.022617500916671356
0.023544526442253792
0.023871705993135373
0.024698724678012533
0.02601366176787119
0.027186219398720568
0.02746692964708921
0.02889251507819371
0.0289667981203579
0.029226554577635427
0.02944596262629153
0.029649720633333022
0.03100691398429606
0.031067373244340925
0.03171891136716865
0.03267755611283308
0.03302984319696635
0.03408833757199821
0.034754321897494965
0.035389054733713274
0.035674650376076776
