-3.469446951953614e-18
0.0003298435379990496
0.0005720983165898239
0.0005852094726241791
0.001195549703245603
0.0014153850843893357
0.0014309244339908694
0.00175652725654896
0.0017580908607087442
0.002444456160170151
0.0024668924843987694
0.002487042467665672
0.0034405117680205346
0.0034415830534758832
0.003504281638137976
0.0035056517711496756
0.004093958290089196
0.004113444894775789
0.00414443719800397
0.004672204479563765
0.0046773112780821805
0.005758219341243943
0.005768368001716108
0.0060528005647480804
0.006059692725074341
0.006125079551129035
0.0061501998247838145
0.006213553385141282
0.006537479268612896
0.006548918177545165
0.008148709284234454
0.008151031641722895
0.008477680755463594
0.008584949580418008
0.008599777183919547
0.008627580273088823
0.008707839093741605
0.008908253048246917
0.008924835891574936
0.009106326534565076
0.009134481845132712
0.009903297036916446
0.00990873257448296
0.01129411486068582
0.011428084006286686
0.011539721401015555
0.01177777322302233
0.01179673526364433
0.011948086666413055
0.011954141926829956
