9.8879238130678e-17
0.11851791614631065
0.11852633748348605
0.15828432198818929
0.34081806532615977
0.34086740225704293
0.42213814934707333
0.42215510602053063
0.44853770063206944
0.665371849334653
0.6654773028809075
0.7863222809557685
0.7863983880664392
0.8683410398250213
0.8683655437276819
0.8819384517034567
1.091694948143551
1.0919246453394118
1.2491773655160514
1.2495223364242047
1.3861339758544484
1.386250818191723
1.4496698773873902
1.4497976616727375
1.469481772802325
1.6193649954373892
1.6198817862608859
1.810364051409689
1.8110418658908634
2.0009489781807868
2.001259923731633
2.1212080824979567
2.1213907161527046
2.170796773858798
2.170902254872503
2.2117592760591456
2.247973470546618
2.248760734804868
2.469972573385139
2.470994948587381
2.711912121294164
2.7122750293545113
2.89235158525006
2.8929545748790892
2.974745163989635
2.9752203795056458
2.9770546823517474
2.977705109861388
3.0615115077419306
3.0694423157766124
