2.255140518769849e-16
0.007115835865867231
0.028439276724213217
0.06394474189814878
0.1119055029157255
0.12890221616850292
0.13500192028005703
0.14181894518039562
0.15488857549249535
0.16617941676150474
0.1762976737377349
0.1880353215391163
0.20420512156187967
0.23783593985540966
0.25223708155863866
0.2530506611796102
0.2943538040224389
0.31809262143230843
0.3422332272405275
0.3677146543618957
0.39647960537208105
0.4502278227129251
0.4544967979645371
0.4853628033528746
0.5077617359588755
0.5167302014676625
0.5244609923356359
0.5357901589728274
0.5510872691431591
0.5559274783842478
0.5621942454828137
0.5686425260871638
0.6033456032961805
0.6056097631611701
0.6261688022072543
0.6459214116003285
0.6672250672296909
0.6785109223112377
0.6943382171806805
0.7084589834440786
0.727537169935974
0.7485775823028639
0.7990401002888258
0.805288579330451
0.8264877209836132
0.8344392482067625
0.8531305093018572
0.9040785839994461
0.9287686691970046
0.9376661031903449
