-1.3877787807814457e-17
0.003618337869588829
0.011982232569213646
0.014250877700845514
0.014426283722343768
0.01767173442723525
0.023758068421904366
0.030188812676307977
0.03090629208899355
0.03946825419248853
0.04666688007215314
0.04755936976412131
0.04912539820262849
0.052901508033591886
0.05586838954566312
0.0562709518783985
0.06279625553020568
0.06862668948659907
0.07234352096162727
0.07799529789479549
0.07826127964465765
0.09092510169628
0.09266702279324221
0.0954295567046197
0.10282807339863881
0.10314063365764627
0.10645448971016169
0.10664399332101329
0.11311713157515747
0.11697275220536534
0.12283701006729263
0.12491775423060793
0.1253059916294012
0.1292775216481909
0.13302673969692602
0.1387543000268773
0.14816611701675247
0.15051829740163744
0.1559072389875817
0.16242940213367998
0.16539847092932627
0.1673485606525216
0.1743061927708581
0.17971394475375838
0.18024238417848323
0.1826222512181458
0.1876149483163892
0.1895995876015354
0.19126817161805715
0.19308282513724903
