3.9898639947466563e-17
0.0011380498296189746
0.002918488961419583
0.0036653528945865335
0.004610532700483198
0.0056390514580163375
0.0077848397762365195
0.009145726911033556
0.009157986258126286
0.011656963472128983
0.012810305813144877
0.013289271910212798
0.014241405850279316
0.016008226628012955
0.01692673799684631
0.018175257325607687
0.01836764892127688
0.021080361128672793
0.023158554026990463
0.02373010281393971
0.024397245635892066
0.024744661828287454
0.027287642992325355
0.02815917293765431
0.029889305143129444
0.030128727218243397
0.03049242205044294
0.031814991012483015
0.03429220129458241
0.034789974731152924
0.03684984252320942
0.037615251983406366
0.03790791902516921
0.04027869465374164
0.04126912150934391
0.04390817487661239
0.04427218979531978
0.0447374765391413
0.045976129942860454
0.046351273188939564
0.047552824478812566
0.04865214276376161
0.049531346346292436
0.052871270132283134
0.053473166802662155
0.053757198911367314
0.05436757044795449
0.05626552373858037
0.057719817187245344
0.05987788212577657
