-5.0306980803327406e-17
0.019561782854138156
0.024137975690928626
0.024146365427892516
0.05932875279661529
0.06925473163850232
0.06926991906186912
0.0825318560171957
0.08257680600653536
0.12650228087283757
0.13409806625315715
0.13414498907214467
0.1360206563194033
0.1361296549714167
0.16670641476036632
0.16672912737367282
0.2111557699280293
0.2112678261697272
0.21793129461463887
0.21845922645149557
0.2185113277637018
0.26608373420828746
0.2661883569482049
0.2767612707711426
0.2768239165081725
0.3195755285552027
0.3221491604814819
0.322218403985768
0.32429333914827296
0.3244427977601579
0.3596305882855624
0.3596593195970035
0.3842856462725154
0.3843748266960676
0.4193092387671846
0.41949892676575545
0.44501783378828214
0.4451505437559222
0.44755838346961757
0.45067619914860246
0.450953644023813
0.46885252512662157
0.46886353335273534
0.5215320325499733
0.5215468802224367
0.5728520164677443
0.5730059710121814
0.5850901830285166
0.5853264539356
0.5869533380753926
