-2.7755575615628914e-17
0.005040595951542413
0.009904896402927814
0.015069090934736152
0.019274024361203734
0.023444764252325626
0.028034330969569532
0.03578980984082822
0.03686518779294359
0.03977736515150912
0.04799164134629957
0.05478350328015743
0.056511094276519964
0.06621219767577727
0.07017038215605552
0.07054606316873609
0.07305939487321716
0.07496179847527397
0.07639882113520453
0.09555688469985002
0.09852636738343933
0.10371886511956195
0.10459269716260877
0.10715373630979817
0.10782073141079464
0.10806874797864868
0.1318584064935158
0.13245929079600008
0.13609083353142043
0.13836612136727675
0.14221978042391414
0.1440312000298544
0.14773763491976682
0.14896628925103872
0.15402707221088868
0.16306467434078423
0.16848592089669603
0.1728761822823184
0.17302919131444375
0.1837776904733733
0.18986184121218175
0.19020189885220923
0.19525743368820778
0.20875974686481422
0.20951403643014224
0.21924416371452837
0.22213155561500017
0.22299545880524868
0.2309638104703836
0.2329376787134712
