-1.734723475976807e-18
0.0001740108670040888
0.0008379340611283457
0.001200037659178239
0.0023543715174802853
0.003642125829308932
0.004539725394687647
0.005503129879899772
0.005612636375373873
0.006140811933872685
0.007347260310528724
0.007544702506852347
0.008308361636603158
0.008932936081862236
0.00992971569895502
0.010441477341113841
0.0128811461729343
0.013047609836869275
0.013220691630122185
0.014532269028916302
0.01539780312377058
0.015846600125637544
0.01628353982408646
0.016617918585571337
0.01685417432770414
0.017897018471916527
0.018363759158206282
0.019151840060169678
0.020376868499608153
0.02072816773953097
0.02078154024649078
0.021754679471562198
0.02187859143782568
0.023258174368961923
0.023341316144976545
0.02570783718486011
0.02603043231426109
0.02604600513474946
0.027320206063124602
0.02859737360579754
0.029078193775333917
0.030535139758818705
0.030891795928754483
0.031603442566799006
0.03355315816144084
0.03360161561308322
0.034264019087044614
0.036381880376411685
0.03714874611370305
0.038167680924248465
