-4.336808689942018e-17
0.0008481403791364417
0.0032382769267490386
0.0071638861103544334
0.012491976033673127
0.019738191447714742
0.023054451064924167
0.03397783110015042
0.0348258950167135
0.036845889924686334
0.03702905022010176
0.04101517421175551
0.04187324649020791
0.04295380616334319
0.04621891822614188
0.04807411747649021
0.05000378903110395
0.05347471830456759
0.05941506113926253
0.059559849913559094
0.06612711344941126
0.06668659451544234
0.07120805684530801
0.07674267622083604
0.07903167016640908
0.08705566820724968
0.09377784902774644
0.0964164165030388
0.09670118232872536
0.10233502395308017
0.10303579701904837
0.10860558525434076
0.12131916457477214
0.12330918450278312
0.12604403778000053
0.12769027087533713
0.1277340157564814
0.1362523784820188
0.1372216162595119
0.14067738420833772
0.14522770832118947
0.147457609545279
0.14883752712563372
0.15163407983533772
0.15314941582239605
0.15877067104264236
0.15997590273455503
0.16163520101122883
0.16733336708648403
0.16754953511922688
