-6.938893903907228e-18
0.00020323146059055865
0.0010081587410062532
0.0023891075603997454
0.0035102173001211063
0.0063337718360502535
0.007886992062144974
0.012072565722108878
0.014142799885045772
0.01953593959111872
0.02220685742970959
0.027523513644040952
0.027554561146170387
0.028360489749919074
0.028366766394488728
0.02869551428480501
0.032055817241725806
0.03651094844391042
0.03652471910313544
0.037397746334668615
0.03740715289292746
0.03928243127920239
0.04124079461307723
0.043584638787152234
0.046234294605197734
0.04625700173984554
0.04725021870020167
0.04727003959811564
0.051547475889019846
0.05659353075189156
0.056666614201869685
0.05676170957289373
0.05719597069883
0.057888946473344464
0.05908909592258794
0.06484109631096034
0.06766445450731225
0.06788447946928249
0.06879356129239454
0.06963876666601043
0.07064457979534877
0.07642670677774092
0.07840858530578453
0.07994383709091424
0.08068767729320589
0.08183038749702444
0.08342105138759683
0.08664546559006202
0.08883097969196642
0.09253094955495168
