8.673617379884035e-18
0.00020323801603453102
0.001008469486977746
0.0023893428829212995
0.0035110553295957646
0.006334100878774928
0.007889974391846835
0.012076585525780415
0.01414430614631196
0.019545869643059093
0.02221347249109993
0.02751342694694068
0.027556880228256884
0.028341349182302848
0.028374226871468525
0.028693945116533122
0.03205292493901527
0.03650688808091965
0.03651998108079271
0.03739144262630353
0.03739434357299357
0.039279899418043066
0.041299812290659745
0.04357927236499759
0.046234763858961025
0.046243732814597385
0.04724679979622886
0.04725734840592935
0.05155839746092083
0.05659665539030876
0.05665331227443134
0.05674662110620716
0.05717028781318476
0.05786602529234968
0.059059827223738044
0.06485713726888286
0.06765281861509774
0.06786638284190484
0.06877042668434431
0.06960983559463567
0.07065822817987817
0.07643162465697466
0.07843853800854417
0.07995512278614429
0.08064861426637407
0.08180915441567121
0.08341596565952296
0.08661035361473408
0.08887536569140589
0.09254927620580425
