-3.642919299551295e-17
0.0005685738509500354
0.0022293862853803997
0.002375089784548508
0.002887900026300858
0.00301406111284226
0.00460444718472465
0.004669690691796612
0.005027130230417414
0.007388112601914855
0.007435891072932117
0.007915464929170673
0.009127779235858063
0.009602181925561155
0.009831907117434988
0.010638977406719244
0.01142131423242381
0.011568823393140361
0.011590594209392823
0.01298104797056168
0.013297725992389394
0.01437296559530664
0.01599214990619567
0.016503907947753457
0.016656144755489218
0.018029583675273256
0.018398180914862568
0.020665241952632904
0.02102432157884221
0.021360665336820767
0.021970329181102623
0.022294436675526656
0.022758677263280104
0.023116023632398307
0.023322572572317492
0.023485826562662127
0.025222972317452436
0.02581735440412257
0.025979704864072008
0.027048293127994394
0.02921252280010072
0.029758338888904556
0.029845134533417056
0.030136088635688257
0.03140363232266333
0.03203504132587186
0.03217756164842213
0.034886315252208866
0.036757557651267085
0.0371168676911986
