-1.734723475976807e-17
0.0003632791611566672
0.00036342696631108326
0.0028389248688280126
0.0072755940221054475
0.007280690720949704
0.009950776496328242
0.013790015310043832
0.013809231272662486
0.02023962287459253
0.020649234455573325
0.020666679010998244
0.020669074945268727
0.0276597609508566
0.027678333956501322
0.03096646006661854
0.031149790864008972
0.031160473773772006
0.0354826246840613
0.04547383946319285
0.04548703449208378
0.04702552778076557
0.04703537879971996
0.04704133054078602
0.055532863455250624
0.06523757014928742
0.06533231098924179
0.06723347729613703
0.06980385808752387
0.06988365023175681
0.0699927235121793
0.07073659240054307
0.07074838073860909
0.07534403585634522
0.07554866753996108
0.07559001383630519
0.08182951803646521
0.0827291784695637
0.08276302163329116
0.08278757766068277
0.08945653540925114
0.08950581320033649
0.09838419199767404
0.10199534067123336
0.10202099932190119
0.10210914020723087
0.10507392915073463
0.10513046138241951
0.10523276741950319
0.10893557113124627
