3.2959746043559335e-17
0.007269329167040777
0.007311774497637416
0.012242550343596432
0.012323510817590764
0.039213351938907216
0.04119414618152683
0.06204852802793006
0.06273502673590316
0.06935016690382131
0.06998261240535679
0.08492990318043381
0.08622585647051936
0.08759489775897736
0.08775350481983515
0.08843372976875098
0.10755750980754339
0.1088489084329361
0.11076118388942674
0.11141502637356927
0.12225635134964928
0.1229958394983947
0.14869944493190176
0.14925564860233764
0.15244923731240767
0.15289128473589034
0.17064295812406544
0.17110629257154447
0.20021408195832915
0.20038552686639335
0.21221052285733727
0.21299465337562087
0.2144248892677983
0.2228541700086343
0.22495850387748928
0.22526114149011958
0.23931035018734706
0.27023171493219345
0.2710346908605749
0.27236497453326686
0.27322274397543117
0.2774731655834882
0.29083809398275495
0.2937095488355041
0.2967449508277438
0.2983123435195381
0.2989101210098567
0.30115542272823526
0.3097706051306745
0.3129863450673701
