-7.979727989493313e-17
0.009879892204681802
0.03192094010313498
0.035095639445696984
0.07309324154977108
0.0873156846925687
0.09704527165057578
0.10000553233126046
0.1061431104150165
0.1423171876456396
0.16244983130124252
0.17700175024023104
0.19724282751780456
0.20388957820562673
0.2056879196107812
0.21349498561180943
0.23762784633985604
0.26156968244658546
0.2829962994447164
0.2854834421966124
0.3198806510222215
0.3259523174887362
0.3263278860408195
0.3264753168137598
0.36251052618066376
0.3733048405730993
0.4155994973723552
0.4322755435198677
0.43904919598521386
0.44501279657221454
0.4723127339251746
0.47463209406981577
0.47508674118671984
0.4841522097263156
0.48743623690041027
0.49473671805226793
0.5460519630689442
0.5757484520913573
0.5829983980183212
0.5974138395113251
0.6446980358621204
0.6514332681457896
0.6524008608302674
0.6558097540637557
0.656355977220151
0.6610578795320747
0.6867149251950475
0.6943718900165895
0.7048535781707488
0.7383633416959773
