1.214306433183765e-17
0.013681366537945118
0.013889245900528974
0.03448500107034529
0.03453161329041787
0.05485783231890554
0.05938234662599922
0.06075722227784033
0.06076986234480892
0.09199040998153563
0.09203563492862818
0.09550911508847304
0.09788439398555217
0.12738439220065856
0.1275745971235281
0.1544970354342741
0.15641047569211936
0.156575142338071
0.16190513023607828
0.16492971353737695
0.16513938729844319
0.18957616685382164
0.19622028988659626
0.1963769496154862
0.20392018263687814
0.21195738398768668
0.21204597441757994
0.2401227037967616
0.2502548818693933
0.2629411880319471
0.26305724189481555
0.2796236796445081
0.2804990714160692
0.308964228825713
0.3093223898908124
0.32622253743279767
0.32650791104772486
0.3470783775670898
0.3475004437224458
0.34901701696810106
0.36239176771306825
0.36368364725276825
0.3685732296101891
0.36883894673268014
0.37033692662629847
0.370424388650619
0.3738056485097666
0.3992893710489994
0.4086145637045811
0.40896857416145105
