2.42861286636753e-17
0.001983907616393804
0.0031910492708388284
0.004862496690814452
0.007414996467225167
0.011220508590685135
0.014477221738158364
0.01774363831753075
0.02250261294795306
0.023706382157982257
0.027774000134746388
0.02957421401333781
0.03170218621601489
0.03417862064705402
0.03987488259114607
0.04502731179551938
0.05122219882445395
0.05221453262855027
0.05668842867251956
0.06237651577969643
0.06341130949085876
0.06573593155129445
0.06921005509161324
0.0694028741252239
0.07044245265261392
0.07253961907872723
0.07285971392411106
0.07302278650221149
0.0782973308515994
0.07881828787686358
0.07990117161429859
0.08269641189294576
0.0852352679813411
0.08588173056834007
0.08665479169572987
0.08894519967941619
0.09367313271940791
0.09492116659025772
0.09579409373658361
0.09849751558104809
0.10103890414894469
0.10266643873101583
0.10742530609216305
0.10877185396198345
0.10884086072679457
0.1094094336109048
0.11175342213568124
0.11897250378850484
0.1192065421234658
0.12657664652519118
