-1.682681771697503e-16
0.06652443984115046
0.16750786866778344
0.22752844213602166
0.2859916543512015
0.334069693718625
0.42331131534443134
0.4647565251045508
0.4895698339306014
0.6136444009801089
0.7052678972259485
0.7208017400882331
0.8253905656837441
0.8921206424033226
0.9592156660269412
1.004497442823773
1.0705836755943605
1.1212470730518622
1.1245097998877895
1.2625740362612603
1.2695842483250446
1.3979074966222602
1.482932579084162
1.5346587941821115
1.6348587463089248
1.6543603074861002
1.7971370877497375
1.8191935380870787
1.9906497106634704
1.9921707304701466
2.0457286980754814
2.1486690004596296
2.149932632372453
2.277755358445423
2.303805132048261
2.3175343031536557
2.344623183422839
2.421656095730083
2.6440405942455762
2.7157183325164227
2.7164317454081446
2.7360693305917123
2.7786567353414853
2.8067983651315647
2.984768657608635
3.035561226547815
3.0576919455383464
3.1645245386706278
3.3888013509134396
3.4331508568979174
