2.0816681711721685e-17
0.00021653715515336687
0.0008229418955024229
0.001632832653821744
0.0017677921411815099
0.0017920092895731057
0.002278180057147276
0.0025101643953665664
0.0025405813634726115
0.003264296298201661
0.0033808836440104018
0.004523877500238062
0.004833916486678254
0.005107946678949869
0.0053648251852818265
0.0056144324754583644
0.005854269656646852
0.006112445719239716
0.006740433200034262
0.006805422545041564
0.007608676610675649
0.007864836001146598
0.008568076737792701
0.008768795921156208
0.008934980207744333
0.009637797822890514
0.009700706436555824
0.009733927124911603
0.010708841206094213
0.011232038575329091
0.012444585579638087
0.012556885884120577
0.012748782113047334
0.013179307675448055
0.013488214923747478
0.013734991716936177
0.013785104148456238
0.01414953938849473
0.014207997609279
0.014336674613934558
0.014631742982732695
0.015828483168406383
0.01608717103926833
0.016229995690018366
0.01705828138871495
0.017357218039428003
0.017407269549476655
0.017969274812556245
0.0189522729285716
0.019010365452759942
