-5.204170427930421e-18
0.006264211120327731
0.015996549444739994
0.025701203339188003
0.04911031029564397
0.06885173794728124
0.10169876267356907
0.10803604878027595
0.13702302071581615
0.1381871937348434
0.1549370790413645
0.16031132285141186
0.17542071303892862
0.18313631667106717
0.2008874514647708
0.21264628660878687
0.25183729826869017
0.2590217698204928
0.2834118511008813
0.29358142769440954
0.30269202943832674
0.31107314478672676
0.3264696455362698
0.3408430196514802
0.35487185313841924
0.3603089753671359
0.38383092643896455
0.40054588404715014
0.41057926092166297
0.44048853847610814
0.4456904917736296
0.4683040767401806
0.48376582966369164
0.49894192104098745
0.5014095627899782
0.5100930112231634
0.5135845485252011
0.5353009353432197
0.5388525311939225
0.5562147538651261
0.5574826713052201
0.5731088271204395
0.5800592208566074
0.6187629975521871
0.6369635876564804
0.6539402481642044
0.6701038433915122
0.6718348683037918
0.7004683740408773
0.7168394471024048
