2.706168622523819e-16
0.017011636836479174
0.0357486293123405
0.10157139785094578
0.11146580514727815
0.12997667559275408
0.13026337725734574
0.15012252061110393
0.15841241954444413
0.16712894772989725
0.2419171055000599
0.25393334269721773
0.2747845191251341
0.2916148032729641
0.3275035578360438
0.3949102756309053
0.4135806853421818
0.43542058496933816
0.44152786130105176
0.45573836509093013
0.463836837695774
0.488639718927983
0.49135852770090527
0.5194398555179531
0.5449735691988029
0.5662565609143453
0.5838167579756217
0.6201263239937708
0.6455306294272963
0.6578011100642822
0.690108056128962
0.6975436860023887
0.7458810682421908
0.76975546992591
0.8326359584808347
0.850297738841158
0.8618292548393468
0.8783377042220836
0.945689456964304
0.9652328398011859
0.9707313379144731
0.9933372478436056
0.9950234183677689
1.0048219384356625
1.0298015995595513
1.050278083967452
1.058372286941394
1.066677048765778
1.0936793977573653
1.1000020773800254
