3.469446951953614e-18
0.004873464940693659
0.00723319791348327
0.011305051016510621
0.013070439084088574
0.018357377354107897
0.025075941813846647
0.027155677200923392
0.030716575055823953
0.03310043062948398
0.034298237478731994
0.03978127761409269
0.04772988882937705
0.04785043179319018
0.05255598172790712
0.052578855303772855
0.06328318745463501
0.06576605175922405
0.06763318636456592
0.06917875730500127
0.07349755963194506
0.07695060308053873
0.08284928600633051
0.08535880306492408
0.0873310830782846
0.09559521188704817
0.10005980223057458
0.10175682140903144
0.10500855461024682
0.11131084780426564
0.11217991526427784
0.12071007503100005
0.12133141606588611
0.12233270524300548
0.1240684272487665
0.12960292879920945
0.13184031067621912
0.13699462858155984
0.1450035272559492
0.14995385379266693
0.1500810045610733
0.15710977032759338
0.15770328103862935
0.1616424969092031
0.16783353665143766
0.1710374345065207
0.1763885570895061
0.17955771357710779
0.18286976043660844
0.1870658310914573
