1.5612511283791264e-17
0.011260242879836927
0.04251029986842699
0.07379588654606761
0.07927995757667816
0.0850043418631712
0.09959001739505549
0.11803984165820523
0.14793254625067376
0.15756485172324786
0.1788609492549214
0.2344471389426259
0.24474145617144283
0.25650735818772324
0.270115960147047
0.2735138982911002
0.3195211814419002
0.3424815032076978
0.34399089953261
0.3744244649489186
0.382155705947217
0.3904316321249827
0.3990196553098299
0.45617474614089853
0.4707214321615781
0.48033052087723294
0.49758968986199936
0.49890836787550086
0.5554917794165225
0.5580238210891456
0.5759244549931277
0.5835731263367561
0.5985783533768098
0.6172736513831902
0.6336841024871565
0.6688304653803959
0.6795227683193085
0.7030147820980156
0.7280672199241892
0.7346900168592491
0.7498308094744592
0.7596380980028942
0.7842138814975085
0.7939475125425516
0.8063719602498085
0.8456590075521528
0.8655199054194438
0.8835918831662125
0.9107091184958316
0.9286550857882968
