-2.0816681711721685e-17
0.0015853675519189262
0.003107747058447281
0.0056754348977325186
0.006520699666149847
0.008231624870294581
0.01059339127250179
0.01388072109451449
0.014204771002901137
0.014399371091510007
0.017610987436962662
0.02058778622394384
0.023344737289683164
0.026050679363474077
0.027353732880425356
0.02851985902943901
0.03192047630672281
0.031996757310024125
0.03761049362644347
0.0392386488114858
0.03996555795748736
0.04177758100336605
0.04387374692236436
0.044389385220069265
0.049094368296543955
0.05433844787119941
0.056229687357048426
0.056933176049334296
0.05741615767128575
0.06100110389600925
0.06171244038383674
0.06350297834874634
0.06808952519861768
0.07141200185546079
0.07251482342063664
0.0738991104009843
0.07677815140579274
0.08029564202701002
0.08185765156745732
0.08254142572797703
0.08623836814725283
0.08781452660872527
0.08867340609770082
0.0934593019125508
0.09372141117912504
0.09811374075760244
0.09839099683825225
0.10098335652032678
0.10419736873032771
0.10695272758903117
