-5.377642775528102e-17
0.01058910107633596
0.0128974512142089
0.014061071625715458
0.014208119538243821
0.029667063421990186
0.03921031678360344
0.05790289641662578
0.07142693758851983
0.07805627395933062
0.11086199099717864
0.11555244788194384
0.14946118038576406
0.1597583567796932
0.1604479826873559
0.20121813217069384
0.21034724094794233
0.225746782927201
0.283704445550976
0.2898282811074802
0.3234164209414691
0.33899062103248667
0.33956226321834687
0.38092111261079764
0.40876368690018694
0.4155029716206889
0.4360516761712222
0.5006607104716319
0.5202808859148996
0.5222496089940257
0.5876787816856175
0.5987585834027664
0.6120865678565288
0.6206627898664369
0.6644966799733342
0.6688510550284164
0.7333745372029806
0.7466947744977732
0.7891493920119169
0.7927134578473428
0.8393794782649215
0.8403669190665574
0.8667936583351055
0.8716646638285946
0.8891053669528118
0.9013131025569818
0.9236539689179972
0.9508056868591892
0.9604762315442822
0.9635577829407611
