1.734723475976807e-17
0.00021251564850554953
0.0005320864134130115
0.001096429996179574
0.0016871413657588968
0.00217320232245922
0.002594438059518426
0.002953070535795769
0.00337962706510583
0.0037356389405336903
0.004245707773202932
0.004442803977937167
0.004711906835996595
0.005218277690530399
0.005531151026786784
0.006782404209631209
0.007377147834032665
0.008674666775266732
0.009287507262939332
0.01011162752123018
0.010927187802482705
0.011163116126384489
0.011928082470382137
0.01235547108431514
0.01262989823443956
0.013029293940656902
0.013551048664139044
0.013793685126816132
0.014458875422519191
0.014707898338540462
0.015067443375487636
0.01525050951217378
0.015344262174740443
0.01573240081754585
0.016110182364096268
0.016147549172050746
0.01672831271183673
0.017566187044244244
0.01789920427366972
0.01802311837034909
0.019270343884557707
0.0195161053403625
0.019979855017850816
0.020309009123693128
0.020581095915211275
0.02076898342317933
0.021020694458893027
0.021394267764923265
0.021740272456498642
0.022363283979752742
