6.938893903907228e-18
0.00021263167001109827
0.0005321036167638352
0.0010968441690458307
0.0016871739489591336
0.0021729198643668807
0.0025953849409526795
0.0029537252259517564
0.003381638401376152
0.0037369369802929073
0.004247035446254131
0.00444232582526612
0.004710688176530489
0.0052188970302555
0.005529909289153347
0.006783822089746301
0.0073754686462720685
0.008674000019730567
0.009285841746964106
0.01010836343026294
0.010931411166580926
0.011160091790760896
0.011931744309935778
0.012369083669201439
0.012634473613587686
0.01303562935766638
0.013553987224147837
0.013795529474989644
0.014458239642232877
0.014715881191071778
0.015072748046637668
0.015247071347537442
0.015344281253159313
0.015732273122608942
0.016111368180105133
0.016152233686154642
0.016735885763442176
0.017570184351681596
0.017906390810450278
0.018023865126217654
0.01927548603780909
0.019518690761149045
0.019971987690231417
0.020311318925008356
0.020585171315476762
0.020766922946323797
0.021022580177708264
0.021396594303885817
0.02174495315555429
0.02235492080930116
