-3.469446951953614e-18
0.004207499914535607
0.013956190992384354
0.03848225684785494
0.06977511782815177
0.07563653554556544
0.09457439670752195
0.10469510795142095
0.14607996724933173
0.16538278924770647
0.1677800694561111
0.19015548400972315
0.19190529787827723
0.1977031438301036
0.2028809411384459
0.22143398885725246
0.23747802117222652
0.2406340443286883
0.24418158019956482
0.2661727756953528
0.28030284779998516
0.2902895345951208
0.3083515953222992
0.31197907066371694
0.31823577679287096
0.33502530102099276
0.34712939754349326
0.3489040731033466
0.3762463339461537
0.3836660392686018
0.38563511622516566
0.3948808127859156
0.40460283635383254
0.4075345760102092
0.42793903368249064
0.4392698710342616
0.465733303006171
0.507822660182874
0.5231237381683476
0.5283386863637224
0.5521538560913154
0.5896120113286851
0.6106729703805535
0.6165017996700668
0.6297358289123776
0.6333042465572335
0.63658072192878
0.6623341376056134
0.6698872780449185
0.6789149861379639
