1.9081958235744878e-17
0.0009142645516243952
0.0012025311631820232
0.0031010054533904437
0.0038594639437752216
0.00563866294559468
0.007235230076349257
0.009388219146155867
0.009910800443273303
0.011878860379364935
0.014155696901211398
0.014611909059854768
0.015453016619816492
0.016092150479230162
0.017567072672745883
0.019074684288260785
0.019522944836862344
0.021043599474234627
0.021517348619728087
0.022936965616161327
0.023443276056725033
0.02365727711607231
0.025735590596473422
0.026632375062544532
0.027824754685218542
0.028126077823362537
0.03017671182489297
0.031362316292775444
0.03162674777947688
0.033501194182648485
0.03415857608406097
0.03556036431964162
0.03688879082806897
0.03696838956442946
0.03736901377183139
0.041221694358305576
0.043210734111857114
0.04534499404789339
0.046306736239242974
0.048815406654062615
0.04911012329276228
0.05041749010186773
0.051402070106864296
0.052013221569065404
0.05259946561073211
0.05453785719276818
0.054644821872897716
0.05573434330196838
0.05702555947362308
0.05743103859164835
