0.0
0.002691216733426557
0.0027677927750203255
0.0029380712998896066
0.00776491945478011
0.008229197951518429
0.008525565704996881
0.008705677137063708
0.008746030081265758
0.015242941382005345
0.016190590657778774
0.016489911192674532
0.016871881190120973
0.01707210672691331
0.01742888616615154
0.01783818315628654
0.0258650878027084
0.02651640903273756
0.02670598275290187
0.027304935738120387
0.028063023064277173
0.028477967992008975
0.028866497301490268
0.029452913114658197
0.029646450424643957
0.03819470988742256
0.038789520711906625
0.039611703645825794
0.040863074330076195
0.041324756710971675
0.04168690992029758
0.04210603787087777
0.04286342409120022
0.04313600053819213
0.04450409832678526
0.045285394577376153
0.05309567414618415
0.05466629879254197
0.05533280782542841
0.055947458352460074
0.0570272575405864
0.05748534333479755
0.058417781049641175
0.05906973631157616
0.05987716248049519
0.060468673199562194
0.06089312449939368
0.06210446567433484
0.06541454360534905
0.07136521499788398
