2.949029909160572e-17
0.004716351058498203
0.0069772865164250564
0.01629620258337266
0.026642221337291015
0.02850370570760069
0.03412925003623221
0.04276493175654522
0.05062504340242409
0.057978277153932174
0.06720618735159375
0.07341053767451412
0.08244652002329335
0.08392936521218498
0.08629354288895177
0.09991950012652531
0.10564487764267039
0.11308403510219255
0.11398231325365049
0.11917660462011347
0.13098995639748343
0.13352999437399662
0.13619319663176171
0.13948861874005608
0.14125654656801026
0.15417855504245956
0.16538530480483357
0.16597021193199
0.1720836164291241
0.17473395334031216
0.17748143958285262
0.1857249633371591
0.1995905624108771
0.2065135363912825
0.21116777466759845
0.2168131949270018
0.2215233003501854
0.22817925683087964
0.23573911190005764
0.24548160749650266
0.2482211761306672
0.25138504105095333
0.2659694138994052
0.26767019555046384
0.26811615159115637
0.28612779526334936
0.2869103762825745
0.28781729285832885
0.29107620276039947
0.29780882728118807
