3.469446951953614e-17
0.002477763395912304
0.0024782496876891505
0.002480547856259346
0.007186329243846096
0.007192283315733775
0.00719608961161426
0.007613310526008056
0.007615699500889214
0.012953795785330543
0.012957161554821397
0.012965556325085921
0.016065170390227375
0.01607274527318385
0.01607784057762457
0.01680048185792042
0.02202956527641118
0.022044119361385846
0.024085657086952275
0.024100967301296905
0.024107209540917787
0.02515466074842486
0.02517011493907534
0.025186251799530303
0.031338900870961674
0.03243402362194641
0.03244903217515468
0.032463560502981936
0.035005258548618835
0.03502839519011025
0.03504520650358337
0.03955131591503337
0.03956908303974119
0.04119753833197289
0.04225726732759773
0.0422753548631868
0.04228943579331384
0.044312477427856906
0.04825569269717584
0.0482702802139619
0.04830044379903788
0.05351010194503287
0.05352697036341721
0.05353801482259309
0.05553588983913967
0.05557443919264526
0.05732866694480091
0.05735365741262937
0.05738543135229276
0.05872993342817239
