-1.734723475976807e-18
0.000805724694097211
0.0009809544395324808
0.0015771417627581524
0.0025793552736227167
0.0029257575956465106
0.004144029320082423
0.005212444644788266
0.005591264839066367
0.006064638767491538
0.007215881349736613
0.007992969122866277
0.008279697455459362
0.008502286943672431
0.009527558087376953
0.011344107865869696
0.011446811005131311
0.01189839901866182
0.01209804554766654
0.013193328228040877
0.013798303320473932
0.013878028225408427
0.013888612165383922
0.014511526708896333
0.014927139685577363
0.017752812808715983
0.017906526400368085
0.01830798805142956
0.019534498878072147
0.01978252545789081
0.020406017947841623
0.021278582265869574
0.021497401106950947
0.021711689373786716
0.023285025692911132
0.024202693856741314
0.024328188856160393
0.02560618289874314
0.02592235606577368
0.027370153942875966
0.027757283210926492
0.02854985581075089
0.029805904614419468
0.03028458379151608
0.030601731592445003
0.0306928656742554
0.031732432723704344
0.032203090733807616
0.03300518101734285
0.03392133963246969
