-3.469446951953614e-18
0.004125409110798506
0.00448275719995681
0.007089275618926796
0.00885740467190369
0.013573339736556203
0.01434980593870642
0.018537757401150677
0.021090831399030133
0.021670420474309282
0.022997234330892527
0.027709075032981645
0.03080811370933311
0.03508423382616911
0.03615803182263216
0.036950263276731246
0.04179440050895
0.044761265842665286
0.045352160482834504
0.04649478489895764
0.0486321847356305
0.05592910034864807
0.05698191885635128
0.058536236145008365
0.06525859413243537
0.06818194832357417
0.0696572621599671
0.07272897017671894
0.0759002064907967
0.07847517976818105
0.0786914569849352
0.07937820324742242
0.08164494422746738
0.08338411388657244
0.08515791502616994
0.09102726832646561
0.09246576341964634
0.10137589464045471
0.10680312015829264
0.1075114192674328
0.10807915340685326
0.10924032319070982
0.11041556003020447
0.11155664872116462
0.115464261906444
0.12095847173476172
0.12126651849794114
0.12144881753416957
0.12151044747420457
0.12987532401893764
