-2.949029909160572e-17
0.006237809625174338
0.017937316232954685
0.023626125722375935
0.03211185983708135
0.04823132212333719
0.07076629389114526
0.07927320032427135
0.08885813300036753
0.10257944946323563
0.11032612676773056
0.1192316736138088
0.12241658625515657
0.12687446098942617
0.14018340351286807
0.14883142777963349
0.15239870528064106
0.1572116654023798
0.16874013195150078
0.17798917619395396
0.17983041228363691
0.20558931111254738
0.2134255550406465
0.2324016422882015
0.24339393329848885
0.2559646229761294
0.2718034203220224
0.27452061206753103
0.29424984102628116
0.30478709870566684
0.3289876877229852
0.3327365627250974
0.33974609486417245
0.34235180520950664
0.3505779937583164
0.35572904421131546
0.363641733509747
0.3681425590373196
0.37975129801331636
0.386449892003574
0.3888995155475931
0.40812380074659255
0.4155970343292104
0.41989643636549867
0.42593523155450086
0.44327559656637966
0.44790735003872567
0.4621063926996834
0.47201844466815673
0.4740637952548066
