1.0408340855860843e-17
0.0014268606140162912
0.0016454170342109602
0.0017160014014995575
0.004208571254106707
0.004317162055695489
0.004874771768891416
0.004965766609611526
0.005660251942914836
0.008047550134012654
0.008946735604625005
0.009143425559411165
0.009565034542731077
0.00991185359397048
0.010640108950119067
0.010899318205617422
0.013775771749181228
0.014853953692503185
0.014911772132236994
0.015440897213479262
0.015595206749649865
0.01580880743923639
0.016934301304893172
0.01801495931069133
0.01852165721182303
0.021277420450062666
0.0216395850663492
0.02165806511475251
0.021965412258411504
0.023074923795540075
0.02389232361349359
0.024113292866468607
0.024476588270838172
0.02511420445906782
0.027343859687719747
0.028100658900404724
0.029326131265587543
0.02994633712617148
0.030372341383249506
0.03124213366759051
0.03215444345429229
0.03245779865100258
0.033201247030971874
0.03353841507703251
0.03442301868190924
0.03524274622085593
0.035523925858389364
0.03861121829047727
0.03937670465880653
0.03957596624251895
