3.469446951953614e-18
0.0015748576334989658
0.0016159450884982267
0.002388467636189452
0.00246082396742414
0.003976583196250896
0.003999979197925694
0.0041252558402433605
0.004267921853475944
0.006156822153688296
0.0065689137704435085
0.008174975915751581
0.008811165019142598
0.00895178801902984
0.00919628604576512
0.009346163341444851
0.009685577349457323
0.010837252052506735
0.011414407598198761
0.012153237318613648
0.012221318342697384
0.014264219499880814
0.014362071200117172
0.015705925922006238
0.01571804757506165
0.016397359993646672
0.01670560137090333
0.016875828777821587
0.017071653120819763
0.01720399614669365
0.017245302308870725
0.020208058516051085
0.020497410810991414
0.02229135607289324
0.022421277557411447
0.023859682466224635
0.024226764354438858
0.02443285146909921
0.02449740906129004
0.02467289982474479
0.025389270088155398
0.02570071072409029
0.025886324344341204
0.027509554671312886
0.027805296718282267
0.0278482798707778
0.028309859872452478
0.028332865791914116
0.028588861272210095
0.03000709370705979
