-1.0408340855860843e-17
0.0006092945822922542
0.003282365994068852
0.00439655311807979
0.00674671993978457
0.007693461930462402
0.011524923371986967
0.013865792695687803
0.015093768686221825
0.020302852335642545
0.020695252746782904
0.02421288705957101
0.02556170695358362
0.028046658430314647
0.029619853366125937
0.030823677440663826
0.034194977803192673
0.03649029008852266
0.03847594032717313
0.03959026381212643
0.04304060111628981
0.04504245313567469
0.046178080335355795
0.04712287920813561
0.04991414563625497
0.05305117623157759
0.0557009255678561
0.060133763238481165
0.060740036965251536
0.06266369201124214
0.06518506845869201
0.06782692917905604
0.06920860571185541
0.07117879794449211
0.07428029663800509
0.0757001266659603
0.07960585911438099
0.08244434018972124
0.08461482925865203
0.08714796324084004
0.08946387544913002
0.09096357019181879
0.09334368261058319
0.09786583701175233
0.10022899927698756
0.10139218937228722
0.10369061176009978
0.10461502790731551
0.10652421332833843
0.10900100051532823
