3.139849491518021e-16
0.000603519040212214
0.0019400761162177548
0.004446767093544824
0.007612867429795405
0.012097247073712505
0.017048998288027993
0.023545509084216765
0.0302289062839255
0.03876301379716981
0.04712311432210779
0.05769904712711211
0.06768387399645248
0.08028295947551932
0.08988117966420543
0.09079842714652533
0.09195223822077102
0.10644643080406412
0.10876885813092094
0.10954197264557575
0.1197303651887608
0.12612661067679537
0.1266241352957322
0.13617487314073787
0.14225385657897893
0.14247251533701244
0.15121700393333073
0.15455101533923152
0.15482408140983447
0.16480920760732415
0.1653001537752741
0.16936184359706782
0.17885469850352614
0.17904566196175745
0.18639770992223195
0.19010910083400717
0.19029863287977553
0.2025145141715787
0.20311756357581573
0.2061525429893184
0.21689197293297705
0.21701089486371017
0.22539759733016299
0.22886195436602938
0.22989585117768932
0.2451853811253244
0.24534568301919468
0.2464853189171647
0.25791853897285927
0.259074020665782
