5.204170427930421e-18
0.0035163723345306066
0.00351695004720411
0.004760390607797916
0.009303487461140613
0.012150723199610055
0.012154138300887041
0.014779304067075531
0.014783032866312005
0.018278343936700518
0.019955376443201833
0.02414097699901248
0.027164343957483447
0.02716922535501249
0.029344637311969825
0.029351957562870887
0.034870047477827654
0.03532185892032042
0.0383985748460104
0.038406279359103734
0.04207464673959439
0.04209517616579301
0.0465830672949773
0.0465993505247861
0.049218999282405605
0.056662034048527994
0.05667418144574502
0.05708188097158292
0.060258634524269945
0.060281850891882184
0.0613513540454193
0.06750912007527546
0.06754930668319702
0.06798809063344782
0.06842523688908973
0.0698203585743972
0.07125652303730831
0.07129952372187603
0.08500742604309626
0.08504206750599008
0.08650877238474385
0.08782613628065646
0.0897137590965264
0.08972043469821019
0.0928048291741521
0.09285459342190157
0.09593003649942014
0.09595381500791345
0.09640872508457181
0.098464673852101
