-1.3518700048287258e-14
1.6616942294817962
3.94342611234598
3.944870073211706
5.509162331987352
9.496302381864458
9.497558642244597
11.183755085791306
13.375696828401603
13.381364335654965
16.394318427692834
18.073754718920163
18.079924422856646
21.4974268148302
23.654193916654663
23.660163518967604
27.074559034364775
27.909336115431206
27.910223770628928
29.218680649387665
34.41896339947706
34.4301821857355
34.66010319659846
37.112258527394296
37.129199742479244
42.70253355825531
42.7754665141262
42.80192179180464
42.91220609655497
48.56926431726868
50.217464491872185
50.22915777658193
50.82925490954589
50.84932735327231
57.34915969889417
57.36256952754082
58.618505226909484
60.22157354551061
60.796433444727825
61.9091412498714
61.917919795113285
68.45352885979145
68.46142776689241
69.63494909386795
69.64121948577218
70.94343079173457
77.46474096009202
77.8672159200263
77.88148024596865
78.10056196778969
