1.734723475976807e-18
0.0011121760628883693
0.0017069386517106055
0.005283973049633173
0.005357902636595958
0.0056916659713382636
0.006039806220927485
0.008099149830024967
0.008263052828731106
0.009921108472025842
0.010470456351312269
0.012109419275765627
0.013603802467213088
0.014371133915880222
0.016259586084927585
0.01720566544981325
0.017666480825939287
0.019895103474572705
0.020586632812093962
0.021039224508724953
0.0239131149406598
0.024371376634725717
0.02630761143894267
0.02666549982833026
0.02685852493027071
0.029491346292415788
0.029684413451492198
0.032775844474969965
0.03359720703793173
0.03366376517553536
0.03567595715373992
0.03574964984418659
0.03622971161421938
0.03776076028985974
0.038154352690809516
0.03975523416423565
0.041301385775968466
0.04337774084510024
0.04485995719019596
0.045113322482951766
0.04574789141192897
0.047037278838151564
0.04854515149258308
0.049841768218067066
0.05206364223496526
0.05245226301108024
0.054002245126702826
0.05538764905950571
0.05563128347750718
0.056253786938229515
