6.938893903907228e-18
0.0022678186194921082
0.0028254757734686477
0.0028406425690184547
0.00622163565804564
0.008405358538162233
0.00844906772036629
0.008465817778660035
0.008516390591090153
0.012860224579965199
0.016370548601331525
0.01682175473154348
0.016872921598455527
0.01690787937914956
0.016911021024572537
0.016939429258465498
0.022618357267699174
0.02577613767348836
0.02739063905889675
0.02756708000068847
0.028151810134180923
0.028156945948250925
0.028158136203544272
0.028158540078890973
0.02819951859537108
0.03419933468757203
0.03624655980923173
0.036335139773857876
0.038796812050034435
0.04201057321719496
0.04215849766662859
0.04218761065418669
0.042190772215740954
0.042193062431530134
0.04219488511146802
0.04219614821988712
0.04311633243665955
0.04988068490617887
0.05078791740000798
0.05094703263537734
0.05737387946239587
0.05885553037191479
0.058904113128076176
0.05895510027773656
0.05898861698744775
0.0589961727583116
0.05900006702852258
0.05900303759459743
0.0590040532220879
0.059031820832889124
