2.949029909160572e-17
0.0002456539933993751
0.0010082448829259807
0.002171292853535945
0.004102512881470725
0.0059579938408785855
0.009292015953684734
0.011773459973797347
0.016302119929347117
0.019738929070486126
0.024622147033323785
0.029211947769961395
0.030282566192126797
0.03081846482691028
0.031172318313528194
0.03177240885593955
0.03278974210118682
0.03297224813971821
0.033202982790203846
0.03341912472083815
0.03465342466308506
0.036796882162107185
0.0373326817728782
0.038365372002344966
0.03927589952571739
0.04114149203377543
0.04262762040298377
0.04285478323602098
0.04370398408694708
0.04625354776247443
0.050582282306728815
0.05063141592750372
0.05192016077980013
0.052229347083523954
0.052325786394906426
0.05802492240577887
0.059287461461147085
0.06279076237334759
0.06307377369771071
0.06405653846484982
0.06523600596668525
0.06850826702706139
0.07251750118841357
0.07518282457348996
0.0757395699180078
0.07766441713743764
0.07968423541379271
0.08199717282954615
0.08826932536435336
0.08874251357323543
