-3.122502256758253e-17
0.0025534831794985988
0.007558602492821127
0.013860437238473041
0.02584906231966414
0.038075506667289837
0.058938259496289634
0.07084365516202125
0.08060959778609425
0.10187898194362412
0.10765683335356614
0.11614853774174312
0.12657719364321002
0.1363646993651083
0.14263426224220585
0.14795180997722576
0.1530501769953878
0.16051114318985157
0.161519757526485
0.1709768821545121
0.1975047118969042
0.19871798445182354
0.22210519430078188
0.2235370631883789
0.23750367987016155
0.23871356742820685
0.24765685102661988
0.25298576342667545
0.2591972737975472
0.2730014317237005
0.28270916920352757
0.29178106648153385
0.2945970028320349
0.3199875739657098
0.32419368236146556
0.3262270565408071
0.3334641886011372
0.3486920396321616
0.36216753991227346
0.3767563185738621
0.37936124903741847
0.38069010532452263
0.4143685140540863
0.4199954685855299
0.4267100421007766
0.43041171085210106
0.4388146516716169
0.44567880695045176
0.4459608332668118
0.4602753817209927
