1.734723475976807e-17
0.0006632935434292397
0.0006775364078341582
0.0026691080772974513
0.002693524419637246
0.006027397415744129
0.006035856605224215
0.010716403008476821
0.010722908567807348
0.01673120244841146
0.016755023542521993
0.024092202851411393
0.024105601674240237
0.032777371758286336
0.03278930431457338
0.04278168649553583
0.042802426425506135
0.054111926248553745
0.05412823291416504
0.06674355637975987
0.06677974466942035
0.08069485946079731
0.08072607956494822
0.095946282365567
0.09597289153088406
0.11249663594780938
0.11250629687824448
0.13032174567717097
0.13033383205126067
0.1494118996546037
0.1494477316336105
0.16977651289337864
0.169819003223816
0.17406083782843287
0.1741435742809484
0.17485915600702187
0.17499244264859198
0.178140406369321
0.17891550015372784
0.17905537901096247
0.17955769681292735
0.17990989380973912
0.18026191268301942
0.18218217436863904
0.18251710953452083
0.18296859125052448
0.18333217429466797
0.18680158746374897
0.1869500079878312
0.18763517437748545
