-5.204170427930421e-18
1.9645112712556728e-05
4.2003242433901605e-05
5.6889084923766875e-05
6.469775668698115e-05
0.00010444236460589555
0.00011009301912155538
0.00012326283150366005
0.00013632987765120966
0.00015592444042302443
0.00017307172738428682
0.00019150886068858286
0.0002115334597292129
0.00022319960947148228
0.00023142212700726604
0.00025008853714930494
0.000258889699539612
0.00027728773183220007
0.0002813120637447479
0.000290638435608127
0.0003018305723812252
0.00033466120781840483
0.0003498252273387882
0.00037577830869940133
0.0003963014186135431
0.0004032819653226709
0.0004116798363958552
0.0004351110125003846
0.0004468614632083829
0.0004667412533304778
0.0004945600949766427
0.0005045370701225824
0.000519327430382615
0.0005327026005611957
0.0005415923774456793
0.0005656973386419413
0.0005832420982347462
0.000601498559538902
0.0006278132802329701
0.0006293416242662813
0.0006507109029913662
0.0006587760309457475
0.0006627703434658218
0.0006794312860752983
0.0006873867022396691
0.0007027859774189626
0.0007173938871347738
0.0007332295471169422
0.000743248170180252
0.0007481874650722056
