1.214306433183765e-17
7.914324525958027e-05
0.0004932963381163447
0.0005813191101412696
0.0009465633588974093
0.0013475131231325942
0.0021350589876487497
0.003017269820287277
0.003092249339453684
0.004246713630064984
0.005057764987948334
0.005874536653704748
0.0060991243320485545
0.0067309027401352885
0.007083072788136356
0.007653960464408619
0.007839886857650477
0.007865195679225239
0.008481083738978915
0.009686590858645221
0.00992523888252578
0.010282550755616104
0.011627004851437814
0.012102069374078131
0.012501356086360165
0.012644733025352897
0.012794115855932936
0.013094825295555208
0.013293153210468504
0.013414573304886145
0.013640024294027638
0.01506168167573564
0.015323871571388923
0.015712903581890293
0.01602026917114912
0.01642873120776006
0.016657188605089565
0.017481235592986415
0.01831803195907522
0.01960776474829619
0.019847486359222878
0.02020320489925488
0.020451914417113574
0.020700058123011844
0.021471481424176528
0.021888433376297728
0.022447214102161973
0.022795937772535184
0.02362127614147086
0.023688973284404946
