-1.0408340855860843e-17
0.003632359286538541
0.007172983402385069
0.008484261636953748
0.010986546973054427
0.014066694843361793
0.01735657548632797
0.021092082076124244
0.023604684475795425
0.029420189395059346
0.03239568208889783
0.03559749269005245
0.03785800211743864
0.041764034952558544
0.04464124654564179
0.04805810721962817
0.05781900032444499
0.05838812551337153
0.061432842942757505
0.06300794919614182
0.06524177775828464
0.06768740453059534
0.07097145662386414
0.07546829288919844
0.07873598745530024
0.0803012968415431
0.08075088485089194
0.08726018063924755
0.08958765704879577
0.09113940218897304
0.09173731056579663
0.09639337891840474
0.10090987054808548
0.1031980614466439
0.10744721041651313
0.1090367456981911
0.11248436690087299
0.11368453119743274
0.12126258549910095
0.12222378153908446
0.12397505755704787
0.1251571232679892
0.130679960249362
0.13341068504371661
0.13644868456248793
0.14359908466497026
0.14509454033979716
0.15421291778609703
0.15600406013107945
0.15739295464742256
