-3.122502256758253e-17
0.015197898385228134
0.018463835722966185
0.024376331396431514
0.041477171025357196
0.051503016755365956
0.06437073445607366
0.06711958647261955
0.06742203142878808
0.08160347177558554
0.10205498099099708
0.11563835162756873
0.11796449325470858
0.12241455606380809
0.13606649472035154
0.14366681090141553
0.1489518745723035
0.15704184723393438
0.1827118604635972
0.1860648692364954
0.19723524245104873
0.2003496194989766
0.2063938326425574
0.22062066782589843
0.23982941576329742
0.24313286391279054
0.24495798645240874
0.2559168646664468
0.26696643279631127
0.2796141724872327
0.28658466018423656
0.30795245461101545
0.30999037790059303
0.31291858118338106
0.3212902462677487
0.3266823688326436
0.3562051103991411
0.3583393475389799
0.3677311834519646
0.37241130022133573
0.3809458365327307
0.38117583062387517
0.40463657935280634
0.41994804738191277
0.4204802726737993
0.43470085092400224
0.4373862868938108
0.44828194791055703
0.45719258167126037
0.4700031506502498
