-2.0816681711721685e-17
0.0013942496417135245
0.0017830068905322401
0.0018637874742005543
0.00381847658212261
0.0045499518522572925
0.004979221380550972
0.005512890512077066
0.005913057118580129
0.007854866257892118
0.008261594444930935
0.008737815867205645
0.010561255766682617
0.010913496025678917
0.011069412348495252
0.01118921306823364
0.012925962896752111
0.01339735318273578
0.013721244356812856
0.015927511606021717
0.0163419002280773
0.01715101646809617
0.017955010000471366
0.018635529171783342
0.019172501673145187
0.019300562988952906
0.019928474110244843
0.020791226663836454
0.021365973904396082
0.021592019299273242
0.02471147404146836
0.025316786945891206
0.025573911496441733
0.026435440004185205
0.026639780936832218
0.027357858097683894
0.02804308371220119
0.028388143158370134
0.028910686925047897
0.029476923478153304
0.030587198385510724
0.03173177711327065
0.032275620315015144
0.03474470735300443
0.03521663398460835
0.035497733263972805
0.036016157739872684
0.03676029893117746
0.03744913307860811
0.03791088423197897
