-5.204170427930421e-18
0.0005337092179072637
0.0036515893091646923
0.005162484312400972
0.0074571143952669085
0.010342344021139658
0.012315911381100003
0.013757391249771574
0.01698257162951685
0.01953916522262948
0.023184886055811656
0.02318740793476022
0.02471458626713542
0.02626047279767204
0.026963716507689896
0.030328564184063517
0.03133313160540617
0.033307594953166646
0.03620649855120729
0.039594091633484145
0.043915699410274685
0.049031846572610754
0.050160402657987366
0.051033050959078126
0.05154236688218405
0.05386581423178347
0.05531519797036886
0.05673934766331274
0.06535578490096311
0.06594455672831305
0.066069697493521
0.06613692920603575
0.06915480778811954
0.06984463195171434
0.06984894106099183
0.07082623104681421
0.07158586270592857
0.07632757691685847
0.0808045748054424
0.08178381231881476
0.08272258649382024
0.08617380726722515
0.08994565506996205
0.0923190351023487
0.09296344653799558
0.09413016727457625
0.09720734219100434
0.09890793038229058
0.10111233447823254
0.10280768138366404
