3.469446951953614e-17
0.001437214527916595
0.0017444387399129131
0.0019972777153110105
0.0025315918280521942
0.002952725786869722
0.004221634544824774
0.004827671111829366
0.004992424103336475
0.005263727381628908
0.0057037801045106955
0.0061346240686476605
0.007214727423492865
0.008404888320083079
0.00956741430272306
0.01028388556171267
0.01080543833272189
0.010845791596466979
0.011120200314855796
0.01176526165947349
0.011842062046786622
0.013019304241604602
0.013934419551229356
0.014916769503545637
0.015774487554018862
0.0160911416954978
0.01611982856582351
0.01629718477282937
0.017713537069021526
0.018700024453197454
0.018770245904630375
0.018918900805753723
0.01981061016207905
0.021638704188211524
0.02249641627244741
0.022793493038760937
0.022802150176827782
0.023196228043797916
0.024524684357195396
0.02509558198318259
0.025298252361207328
0.025788240030399312
0.02642870032243857
0.02667336274979329
0.027705891190315947
0.028070875422528445
0.028518920660546877
0.030355670774866367
0.03109164898464603
0.03190573222082278
