3.469446951953614e-18
0.0012619855029284525
0.0016128385780351286
0.0018979323181112853
0.0026570406414471795
0.003529784555556444
0.004144225563948063
0.004409191931926749
0.004663420915515009
0.004876214350197016
0.005848246014420152
0.005898482228267497
0.008275524115374978
0.008989287880224775
0.009734073861785089
0.01042262323201812
0.010519840945713196
0.010812872383628514
0.010840675464175895
0.010979947756918832
0.012112506378033712
0.012282091299354198
0.0130785831064629
0.014862378562748189
0.015049873822456683
0.015695654696158155
0.015743964232203214
0.016491854558853034
0.017212315085646433
0.01755508893971807
0.01765170916987771
0.01870354132974334
0.020489342885126605
0.02137871782853505
0.022343629729139107
0.022757215631782977
0.023093431441642623
0.02333943601157737
0.023895850699240766
0.024184297095529377
0.024378713347877397
0.025285632001538043
0.025295426444675764
0.025809195017698745
0.026308114503822692
0.02726388830688664
0.027919803572778602
0.028188365891394195
0.028464298053604148
0.02967422131624438
