-1.734723475976807e-18
0.0011294869967163213
0.001611431727162509
0.0018108207398899526
0.002703397793523611
0.002849056929071305
0.003854201705662948
0.004120165005172845
0.004390965255246097
0.004672472135563472
0.004879724184036609
0.005733126912566682
0.005897834660610895
0.00830993590537848
0.009575405407170593
0.009905030190698496
0.010140689585783633
0.010561640759867952
0.010808616579936389
0.010849750894552252
0.010937219673922574
0.011591131272500303
0.011854967714603546
0.012319217573165826
0.013195856856341151
0.014811391454257269
0.015660024287350617
0.015871861452215003
0.016018049347983267
0.016489840457386738
0.017291054120704592
0.01757635824987916
0.01764874312813179
0.0186816145753943
0.021454573315805095
0.021727278972388464
0.022137854845362764
0.022604558898149316
0.02287531212071775
0.023589334631439647
0.0238391200080742
0.024290753946661206
0.024934630421441215
0.025176184476020186
0.025634031148605116
0.025945792297437847
0.026067503305599336
0.026431040254676574
0.027481980690376544
0.027751263256961728
