-2.2551405187698492e-17
0.001360757984905061
0.0018190602175795403
0.0018299666753295533
0.002698661373398246
0.002941444784475571
0.00454677981893767
0.0047968836138405566
0.005051104807457501
0.005745433565569084
0.006793834546997992
0.007113056123049169
0.007205921892837143
0.008231949402672896
0.009140839641797604
0.009749686991647707
0.010571167437901036
0.010682358937389178
0.010807419480539095
0.010835918868926738
0.010885092807256828
0.012889978775968999
0.013083952090191966
0.013292619335591912
0.013782993635738575
0.015311944262020713
0.016103222500320015
0.016279827048552138
0.016449983317034927
0.01721214179541114
0.017464690356941703
0.01781407067083595
0.0187002951827615
0.01913106096572948
0.02199905210441877
0.02253504970028681
0.022775978762668375
0.023835437634988875
0.02426615917126159
0.024436634915293153
0.02465320954861415
0.025275951351109605
0.025370690743365273
0.0255604183209283
0.026140618861773025
0.026492692773895384
0.02732997260608775
0.02780640263967956
0.027840244682467014
0.028348619846357635
