-2.0816681711721685e-17
0.0011427129093740055
0.0014061244914940242
0.0014796358129891378
0.0030766437111322768
0.0055786012736543916
0.0056459019365683195
0.011657665442476773
0.012014444423130802
0.017629280474845056
0.0182073707437609
0.01924699053500798
0.02062172555348729
0.02080317219199259
0.02192987633768005
0.03023189047642602
0.03232557128331418
0.03375442996072735
0.03426359516666571
0.035097253226763554
0.03532235466507612
0.035893674787030844
0.036959865386411696
0.03750879356354932
0.03778924829344369
0.03888410619621944
0.04023040785639244
0.04309365096283886
0.04430766534272844
0.04504629674203359
0.046387511662041726
0.04671481779836274
0.047318476684183194
0.04740598905895248
0.05025036626655484
0.05148752563767649
0.05329896845058583
0.05339172723117886
0.053887159404388214
0.054210794642357805
0.055633893689793774
0.058280122936976896
0.059849203120263615
0.06285118442176481
0.06457039690680605
0.06464937660761821
0.06619180503271715
0.06725174652907899
0.06856530008880066
0.07152695260389239
