0.0
0.001029093619865258
0.0010913509592714657
0.004132232570857597
0.004330203676728662
0.009254719108222896
0.009706836906292938
0.016303323118894313
0.017169168370832828
0.024980251211217393
0.026611847422725994
0.030668295057537237
0.0313464438552776
0.033518633914067605
0.034652707070324584
0.03590481310667762
0.03652355963665295
0.03688032371146024
0.03728417089692413
0.03803841214472259
0.039311603972435105
0.04084414158115503
0.04104064461557677
0.043104687075859675
0.04315944166665098
0.04380004872716991
0.046053222017736956
0.05046761831152782
0.050478856943208306
0.050981275550738885
0.05135402354623252
0.0515154812701235
0.05355793448117894
0.059946215254309605
0.06090151724988948
0.06158894405177808
0.06312834637468431
0.06354281070718615
0.06531805074676597
0.07132977219277462
0.07325327898727363
0.07397664621310657
0.07529524846152891
0.0775440761898816
0.08027658852690453
0.08454443213642417
0.0875858705916012
0.08820653324262967
0.0911357764471323
0.09254144042199099
