-1.734723475976807e-17
0.0015408960306872166
0.0019975976381856313
0.006316130766141093
0.007975075188600153
0.013449102031793237
0.015874842616283136
0.018020944821536954
0.02326490871447895
0.027568956405065848
0.028399561876351932
0.03361591235731999
0.03421594911576652
0.0358978059107874
0.03665429621423633
0.03815302300073255
0.03922708645971847
0.04052911818930208
0.04156534426273115
0.0422865905270427
0.04242642553106913
0.046911756913015315
0.04747918968624024
0.04947800027545418
0.05042790809908935
0.05157839053993467
0.05380237098169654
0.05460413009657413
0.05819275395753442
0.06009498043362869
0.06336197070083455
0.06472036054135444
0.06689880496693505
0.07050412737673169
0.07190128559918635
0.07324974038559982
0.07447167860279114
0.07886438027410232
0.08320613289849337
0.08384929397971608
0.08624838518430863
0.08868756712085694
0.09106122299606209
0.09507142178799519
0.09872846366522443
0.10107797784537964
0.10357557213050074
0.10413962022664358
0.11031669870102498
0.1119517368897189
