3.9898639947466563e-17
0.000708550960717735
0.0011038430906885836
0.0020682665132991333
0.0025980736230460013
0.0039521400152845755
0.004420292314377062
0.005559555937226082
0.005724295381618534
0.007064856864402386
0.007976624759743136
0.008957742202542628
0.009923646268253044
0.010755170054438342
0.011451881829991706
0.012738031235819505
0.013856530645922469
0.014138780315780237
0.016009827207425616
0.01779101711230418
0.017968379512947677
0.018594144515258218
0.01957564038877204
0.021317459863675267
0.021786250477896084
0.022923551898911418
0.02322599667602776
0.02457505695930111
0.025973920016039063
0.026595069995981782
0.027381697566724476
0.02757021619938778
0.028689079361108157
0.029560951991279935
0.03046421403298387
0.030879965304925094
0.03177537465261112
0.03333567662793584
0.03381115121042224
0.03461481731860638
0.036628863493726294
0.036981749117552
0.03836767432126383
0.03955455030909113
0.04149925642647704
0.042737158540908635
0.04369984570548312
0.04431269991726478
0.04784260487114332
0.049408921803695174
