8.673617379884035e-18
0.005714377607373597
0.022853442821322956
0.051408348514617966
0.09134821926064333
0.10568361544955664
0.1110700433261348
0.11188654992079948
0.12812930956641094
0.12908814893613205
0.14268831644617697
0.15652657562930122
0.15769046919157936
0.1962951703977014
0.1976704557735728
0.20537226912615034
0.2473624268195337
0.249104453718498
0.27942961125699073
0.3097485701614192
0.3118847602023859
0.3645888495566837
0.3833874667852003
0.38613465180549467
0.42196416087582234
0.4260098500561126
0.42927048420437036
0.44299553206653497
0.4468093024610507
0.4609530474408242
0.46839502157741597
0.47113352173824996
0.47156276461726543
0.4757717169550917
0.5109002708293625
0.5150349073446907
0.5617085743178256
0.5645062891794584
0.5663965688978835
0.5681665893116098
0.5691810815218277
0.6238366450873682
0.6290870873622568
0.6719281780970314
0.6760092464439841
0.6871336062083542
0.6970865111395469
0.7038670844992516
0.7818063466355349
0.7874051371051458
