-2.0816681711721685e-17
0.044516858941185754
0.06525917458469851
0.08088170750456505
0.13847918092306688
0.16066096703656524
0.1786557346500544
0.22777817201406242
0.24485101489645572
0.2771923194678847
0.30806349276304335
0.34825559506501
0.36834732110789437
0.3708444473152596
0.46521176666983344
0.4766882936597598
0.4971581160707884
0.5094660646709313
0.5661761594581026
0.5885414640068687
0.6000538665291665
0.6147078471382951
0.6630591764594822
0.6942289533305906
0.7406330751919198
0.8300509132839801
0.8316072184682045
0.8585225620133271
0.8603856034862979
0.8739666057142699
0.9037345027911693
0.9373698503779986
0.9737210660216054
0.996154247202669
0.9976149461600843
1.00880933087328
1.1533629577928883
1.1605450698184703
1.1899076755676283
1.2349094293897784
1.2641473287510159
1.2837685770620861
1.2997439487116502
1.3131878971521231
1.3178380823331817
1.3286246859454962
1.3351819861083862
1.4306721006999992
1.4313965034052567
1.5165908800297745
