-7.112366251504909e-17
0.043231076129422306
0.0612404055555422
0.08082355981269738
0.12730273469934414
0.1589577839208049
0.17811757693688146
0.21520214029410334
0.24318410486310732
0.2531151731251204
0.29960470470601674
0.34821046480109547
0.36372664744251315
0.365090082669232
0.44075894938397747
0.4510919509993499
0.46809961597396027
0.5002578429593796
0.5613479451633797
0.5847881475349931
0.5935560685422612
0.5972364305859266
0.6441794598960758
0.6613439324211388
0.7048094323856863
0.7903997949819823
0.8209009233338567
0.8340707311917379
0.8518602924945369
0.8574622288553828
0.890848834961842
0.925497859970038
0.9354708120747693
0.9434167598557244
0.9569109938222436
0.9578599822776143
1.131545993514091
1.1532119644982834
1.1689427483727435
1.1730489891190004
1.21241163176869
1.2523147940798132
1.2762088609744475
1.2774765774456707
1.2845547200549594
1.2892399918082131
1.2975600372292753
1.3417824752646952
1.3616390439025874
1.4946305884056812
