-8.673617379884035e-18
0.04466791323909963
0.06602392970449052
0.08101682473535342
0.1401335086946664
0.16109766220772379
0.17873777476511785
0.23010311096402392
0.24573071616484865
0.2806022590042225
0.3102267890347341
0.34839222498776506
0.3694140052120368
0.3717893265634792
0.4714770946274476
0.4807809692443315
0.5010701558531748
0.5118953450773517
0.5667244934748417
0.5898203488308432
0.6009063250416895
0.6189463398692484
0.6661994428374513
0.7029826603387583
0.7446379266753556
0.8337935498713285
0.8368737139358315
0.8590142404631564
0.8668826252318139
0.8759623651464055
0.9065897108875511
0.9404943010356914
0.9809945337559561
1.002794229149299
1.0083488454222713
1.017309334987851
1.1594161474739377
1.1614648302405572
1.192911689457097
1.2384472498062997
1.278413025228615
1.2845658197788148
1.312178400040778
1.318499546919877
1.3265013778506758
1.3388574595585525
1.340019576334324
1.4432164615225977
1.4456989716345112
1.5198955383477875
