-1.214306433183765e-17
0.0006197146310431088
0.001955369740191854
0.003900265754320833
0.004583999254569884
0.00685755314076676
0.007983402773099649
0.008891454780726804
0.010897504057388785
0.010985721434136205
0.011404220404428315
0.012446284204576162
0.01250238954819038
0.01411298369592076
0.014263070675272249
0.0146607701660559
0.01563854387646265
0.01657371185917461
0.01688028565812697
0.01708127876444801
0.020533334544678344
0.020743130899191588
0.021108211543081845
0.023305979390587032
0.02409488856536908
0.024793183909310013
0.02520260209908564
0.025752142124111012
0.026834458516033603
0.02890487382242196
0.030325893912327706
0.03132108917216763
0.031524975114206766
0.03319636673915147
0.03557710878909532
0.035643043013335186
0.036910979433144954
0.04092844288752928
0.04131421378309972
0.04176659867571078
0.04251157850033965
0.04265050048541993
0.045694560971394585
0.046357023881230856
0.04849946976071772
0.048716987603667494
0.04883175601839144
0.049190679241976995
0.051273237777513615
0.051350999703230586
