1.0408340855860843e-17
0.0006399030586319663
0.002079578346866435
0.00426407930080035
0.004885977037857831
0.007871159155272348
0.009694329545294983
0.011338950751882739
0.01363714851848456
0.014841999839126771
0.015690073163253944
0.017344741370801407
0.01884452497577866
0.019811468794473097
0.02043611630782241
0.021536355343307036
0.022439725646469892
0.023567654888048094
0.023834976411943654
0.02506093934710254
0.025539377268485743
0.025713159766957303
0.027856759755693787
0.028415869755698465
0.028961102770701144
0.029987599556187523
0.0309938480292511
0.03324720514361571
0.03472518196191721
0.036217737237434745
0.038375921975333224
0.038558065785418774
0.038945486829451426
0.03897034899128163
0.04117829117981127
0.04555979950789612
0.04640906486607983
0.04772993620572034
0.04953121920910702
0.050728083529010884
0.05291766029292189
0.05456888729078017
0.054985487665202164
0.05803040388158207
0.06011877697439074
0.0603343026646413
0.06161878407994078
0.06349972207147002
0.06518207631627067
0.06625359829681242
