1.3877787807814457e-17
0.0014467889260533773
0.00186866617402991
0.0019745820604481906
0.002318073807130342
0.003924690291413034
0.004716122517796469
0.004718081864610224
0.00615540957613136
0.006956225008381599
0.0077207613343615086
0.008299567749952943
0.01268041720084342
0.013777139058874987
0.01407765957972469
0.016158455335285142
0.01617914201439094
0.01777483927299557
0.018037168577536344
0.01846902600523717
0.020945627316037337
0.02108512027632961
0.023168837955805786
0.023961999726094155
0.02569011890002284
0.026293550016936125
0.02664488800553306
0.02863459570673669
0.028822255094793275
0.030610090411220293
0.03105612736975962
0.03269271862948012
0.03344054738006127
0.03385912656083118
0.03406813596176947
0.034953190643724465
0.03529916561344867
0.038619587581582585
0.03926398466062476
0.04013361864096263
0.0406508895710629
0.04128849156108721
0.04152821793750569
0.04167498253801577
0.044400049324689814
0.046297158013901364
0.047220742215168046
0.0507060396894417
0.051291603279858544
0.051517413660029314
