8.673617379884035e-18
6.85211362599445e-05
0.0002046096400126641
0.0002715311199061772
0.0005790366235592492
0.0007905094155097134
0.001076363300320569
0.0017006814573562457
0.0017649886516196926
0.0023285968028089864
0.003176070917564288
0.0032856005285001114
0.004302571371995871
0.004797780930498192
0.005021278115084123
0.005084825907454337
0.005226031684000095
0.006532992668898915
0.006929701183223046
0.0079839573124069
0.008619886809414437
0.009173310275498699
0.009698310036433426
0.010469686565389833
0.010713592449053322
0.012184745029645111
0.012482871854595868
0.013936623235650867
0.014169174020357554
0.01540608209403885
0.015619739040030127
0.017058286574384844
0.017359513223121757
0.019465702513170098
0.019605352611902112
0.02111203021525984
0.02138227387177307
0.021600033755530094
0.02164656585450697
0.021764389339875678
0.021808459802931328
0.022017398446523097
0.02267825935332895
0.022808162843618994
0.023076344771486283
0.02312847572748869
0.023537101265458396
0.024044419383283125
0.024352509523706337
0.024522379637180347
