6.938893903907228e-18
0.001904849245018235
0.0030240611992737518
0.0036501101836260326
0.005869473667320839
0.007327526026604482
0.0074117490935061755
0.010656425405078206
0.011102373591973668
0.012717845534637047
0.013916252020336006
0.01465538374324474
0.01642273443485491
0.016479663339987537
0.020345276567962596
0.02268297111061024
0.023406837105842362
0.02386189400192565
0.024767080748618123
0.025254426961956414
0.026388793763502644
0.026738570485838137
0.028929612085306235
0.03351876088783448
0.03367077193587946
0.035366777703348354
0.036770485895957314
0.03868099929763379
0.039044316748957975
0.03937661537846724
0.04068584419738329
0.040922849454728676
0.04199990362107536
0.046816800892805974
0.046944167768370584
0.04912950994938921
0.04952430244466778
0.050383138989230226
0.052331982217978225
0.05304262591772351
0.054840737040393196
0.05491189008019664
0.05876753587464236
0.06047890736130799
0.06091289630776261
0.06252170396299883
0.0641391945742474
0.06480917101359568
0.06587782098947445
0.06756086065255076
