1.9081958235744878e-17
0.0004646200684985391
0.0012891194812236217
0.0029000543463874005
0.003663803057591999
0.003929497343789983
0.0039959759535782985
0.005594267240806083
0.006639402357094629
0.00732821059118941
0.008090689767208501
0.008326172218983725
0.009126180360114521
0.010907049093271582
0.0115647771801315
0.011830924406132684
0.01206038245846624
0.012922032116735807
0.014067646269839017
0.014135135450030993
0.015491507651892758
0.016278044062958553
0.016921712244789146
0.017626391430649722
0.01876620413397595
0.01897786279185147
0.019273926849842804
0.020038914586557495
0.02041454440542259
0.022023324214771295
0.022444641331436845
0.024099671373788926
0.024730517581898183
0.024950699540222374
0.025806613493709024
0.026298694533317256
0.027151810422298805
0.02748507578000694
0.027991260236623516
0.028354124066304026
0.029336871069364376
0.030335013530842482
0.03153161133908788
0.032263049807984175
0.033368946433374166
0.03403791766583055
0.03471030936764938
0.03493378856708588
0.03602389951363396
0.036273077140260145
