8.673617379884035e-18
0.0016210076888657238
0.0016214877592876983
0.005520405391534599
0.005903970615663267
0.011351890080280315
0.011365685864053348
0.014644907153763096
0.017410853157959927
0.01741657617461103
0.018213036405582125
0.01842729243293889
0.01888015877716171
0.01970124342689354
0.019706034295422295
0.021048846694547714
0.02416694370982954
0.026892635765585073
0.026925686883658068
0.02746852838112062
0.032297200684144246
0.03462646197377167
0.03465210265048764
0.03636715917682046
0.03733127354217489
0.038902377438258674
0.03904193210860205
0.03905999252846533
0.047178362629021454
0.04800422858900536
0.04802591338496542
0.051277384011046076
0.05295685607519695
0.05335210257619399
0.05341803938918913
0.054668222943668264
0.05488975805593558
0.05491588980158648
0.05819036770088563
0.058620609039812595
0.05913973127951223
0.06003134575034203
0.060051419555182124
0.06141722245658853
0.06244724978913609
0.062657401359497
0.06583032874216276
0.0682032684748825
0.06824041704908547
0.06898924530234309
