-2.2551405187698492e-17
0.0002834985490030254
0.0008531995490602805
0.0012967710930693425
0.0019278930264407489
0.0022747242141544464
0.0026858904765634985
0.0031494939040356256
0.0032177134923310462
0.0036111364274013843
0.004415411195570668
0.0050535860748742705
0.0055873097724421904
0.006184934566167531
0.0066239129505182934
0.0067970735684454876
0.006949616670273185
0.007793640687893242
0.008218006081129532
0.008282587156217143
0.008507647866920895
0.009152489710852378
0.010147719595045927
0.010508549028794433
0.010730803583733002
0.011106011877988696
0.011324575818806843
0.011925077416878831
0.012251648345530964
0.012679221204261898
0.013498243731934942
0.013725352232184547
0.014061571537322471
0.01472546596114284
0.014779507779267386
0.015422194350135815
0.015461488539940319
0.016061991603721466
0.016155753899242287
0.017046974717419103
0.017407239468725084
0.01763323835676825
0.017779533704119194
0.019341382191848874
0.019494674909951867
0.01978489312964793
0.020112527076375154
0.020582500945359905
0.020975748583727895
0.021278832043400787
