9.71445146547012e-17
0.032226979005494004
0.032237844253275125
0.08502315159194108
0.09297938853306964
0.09302876190814131
0.1128094616392715
0.13116863981963256
0.1312276236220184
0.17870369962021507
0.17872784096094543
0.2286383406299411
0.22880504197165016
0.23623495973156525
0.23630642204183105
0.2892507261460181
0.28948150606787215
0.35866840364006636
0.3729787690570934
0.3730551541950716
0.3761872463933388
0.39917334127313514
0.39930374350450526
0.4244429107347538
0.42469148626025466
0.448361046455702
0.4486064442233008
0.4948324104318753
0.4953091158233822
0.5364916251996251
0.5368033069548812
0.5789362904507825
0.5791134292805767
0.5837682256174406
0.5843657597517745
0.6228819726191546
0.6231429156807846
0.7252722958082749
0.7254846657018609
0.7674636637894029
0.7679184542441057
0.7880064304139985
0.7883438405329682
0.7988345414305871
0.8299677231830516
0.8368042119660751
0.8369980850624353
0.8665394076913954
0.8670203967790624
0.8916069883687202
