0.0
0.0006763845795399303
0.0008646968953674606
0.0015700802349058272
0.002779825585872935
0.003292409750352863
0.004851191957054787
0.00629551507219016
0.008143554430599676
0.008384038958197374
0.008415815445548437
0.009441097033243409
0.010329497728259416
0.010849777504104886
0.012785239790449916
0.01432730487811342
0.014394912688101799
0.014656940873336013
0.016551413234480644
0.01730494532057708
0.017327679711211526
0.0193599735436445
0.01966765965397592
0.019961751282494132
0.02046527897398811
0.020512852885779934
0.021640024731680314
0.024621880037487692
0.025093042495708956
0.025600140587056563
0.026552445016102065
0.027196834964822336
0.02816428285116767
0.028417606622687407
0.029340165253193433
0.02983415614761125
0.03033868812495011
0.030414920675309494
0.03260312965176224
0.03383351941834776
0.03386713345053292
0.034261875368329586
0.03543812318349226
0.03602334348801944
0.037563656092672204
0.03942630891029414
0.04006957611407624
0.04064656666195263
0.041788323446785264
0.042602683825886785
