1.0408340855860843e-17
0.000754829472384002
0.0010779230589809587
0.0017813952649211283
0.001834530586260005
0.003081993575020866
0.003965471039780911
0.0039699392043594725
0.004307615224242507
0.005067985538424281
0.005268402931919344
0.006688096795654885
0.006884563176385623
0.007105123269336993
0.00781915258853639
0.00859583370422949
0.00968747174207594
0.010313010553361807
0.010438542756780718
0.0105164331204391
0.010597400634298452
0.012149270966572699
0.012705365999266754
0.012872698403880988
0.013346035163625142
0.014002531179682977
0.014746697032572266
0.014975439979776716
0.01661070567809929
0.017195933948046117
0.01793390246152371
0.018087326214061228
0.018163011266300808
0.018647967863104624
0.01956238877242976
0.02009472384765683
0.020116377072601062
0.020308878598314567
0.02045821493734481
0.021144243703524725
0.022556828608444164
0.0235761329387848
0.02514887795165619
0.02532027885112785
0.0254596564891292
0.025787117128217178
0.02685348620016098
0.027476556022304546
0.027571270128720307
0.027654997822781288
