-1.5612511283791264e-17
0.003985272907626666
0.003987608870624784
0.00686758325184854
0.010911253127331192
0.010925191414686201
0.01728416190630689
0.017413673773130772
0.017424143910817008
0.020451234097106287
0.020468127950728394
0.029731392495242558
0.031236338837564548
0.03126214304332831
0.03333112861808696
0.0333402896069208
0.03609096630598029
0.03683833022686561
0.04811409083008491
0.04813529386930504
0.048364293181177125
0.048398487441498876
0.051888131934243194
0.051911302999105506
0.0573941485777572
0.05814654684234701
0.05818001841757483
0.06604098572802358
0.06708676065210059
0.06713001087804836
0.07007153094445401
0.07589991317932887
0.07591905754983036
0.0806745829540739
0.08067824045683297
0.08334988806188273
0.08341564152125615
0.08819677587289414
0.09052892543981986
0.09055989927112021
0.09108612402380038
0.09112694584829624
0.09672700898882063
0.10263873731676774
0.10586397518343638
0.11248585863624828
0.11253636899838403
0.11340279912769412
0.11588039959306605
0.11593180185918116
