-1.214306433183765e-17
0.0016936312757520888
0.01104004848247537
0.013130397534172953
0.016711656194303974
0.02223957822668196
0.02454077657430484
0.026350316667963357
0.03521402524640608
0.04026765033080394
0.0424448029272221
0.04270232430381619
0.0459914142925816
0.05155617764264053
0.0538115326667924
0.05888024943976743
0.0666320557737755
0.07603441366497266
0.07760034657654546
0.07877506162933748
0.08229849986938002
0.08283126879254418
0.08950123660961307
0.09047383873498549
0.09285594289766154
0.09333191076022194
0.09680722292259887
0.10470400098994126
0.11056815231197178
0.1250106430179661
0.13205274064969102
0.13621319132600546
0.13674553177530901
0.13754521728637303
0.14763221133195548
0.14847881220060613
0.15091393783212523
0.15146910010302753
0.15239353159108168
0.15336433143061046
0.15606985705716278
0.15802722696095164
0.16108943416878968
0.16230019312208557
0.16838708180673828
0.1842236121504596
0.18527244741694884
0.18709752784045547
0.194956055757297
0.19759288436712857
