-8.673617379884035e-18
0.0013614900692211166
0.002676859355754211
0.002865878069485763
0.003699654385052535
0.00642296319712307
0.00738480606802199
0.008190003099453827
0.008660196325961914
0.009674276132403877
0.011683277636783047
0.013211863977962373
0.01459570600587806
0.015096215276753108
0.017137685388275106
0.01718211779949127
0.017202432669047578
0.019640578486220826
0.02304060885908616
0.02433858731287307
0.02450905997648966
0.026449058864222462
0.026766649367740362
0.027136380974089422
0.027574529149828365
0.02825542727977972
0.02925605489563121
0.03039424209325922
0.0324816791180718
0.03255095228715397
0.033537086571757226
0.03758094855149878
0.03894225588546531
0.040885996955891624
0.041781036433534924
0.04182354426476777
0.043101461619339566
0.04469733178901413
0.045070522671121035
0.04554866879883484
0.04655399053310488
0.05189774862535323
0.05203894972216622
0.05290306783340435
0.05304744673248033
0.05533615568585295
0.055731209506285274
0.05652141736134491
0.05765435767654085
0.05792022773836459
