2.2551405187698492e-17
0.00034326634298576485
0.0003436308752384973
0.0012917887901846645
0.001374731722780435
0.0017627101133778304
0.0019141227245781205
0.0021125156588931698
0.002115533107640873
0.0022691544304360937
0.002269590739879021
0.0028884877652450604
0.002889982444076315
0.0032143227310753395
0.0032208122909341535
0.0032518366226365475
0.003452730006927947
0.004776879065805609
0.0049958545810387285
0.005024956499057834
0.005027900269136123
0.005172994933238553
0.005173901433531506
0.006619825580569028
0.007275284811557819
0.007277364717014753
0.007498178300303944
0.007561299213583754
0.007570151959327578
0.007640648274432534
0.007799427726965366
0.007887244909455473
0.007893941080701293
0.007991489399467542
0.008021984906846158
0.008236214675464251
0.00878024596048744
0.008933099996958184
0.008987389953513088
0.010128168634514568
0.010132139269161141
0.010237688198610028
0.010405200459419022
0.01059074009975623
0.010599687941488618
0.010769881145894127
0.01077765117725755
0.011659635926042784
0.011662771199124919
0.012733239737074927
