1.0408340855860843e-17
0.0028738493297006795
0.007262852983030503
0.013834789113840089
0.014226179632001028
0.017681772924545452
0.022512493786669585
0.023889482061516587
0.02927600529225481
0.032659856226882236
0.03364245924965138
0.04016158281465777
0.04424549181823159
0.04936703025921824
0.05111928616851668
0.05517321284189613
0.0552497314882922
0.0601033746087118
0.06268044169038516
0.06341499015688373
0.06863431784793761
0.07119957306371338
0.07356466334085875
0.07877890560661537
0.07950127284925507
0.08199335990939141
0.09128117515582132
0.09460537092154793
0.09502841165711505
0.10258891016134575
0.10428197911795692
0.10629678135494659
0.10697346795720337
0.10846958579414108
0.1161974147333643
0.11817229685687687
0.12425927762037177
0.1267448908209047
0.12940729512077354
0.13752644504807127
0.13785531022503364
0.14261977809338944
0.14375984348380713
0.14572981539899846
0.1540457590043244
0.15541987860775924
0.15838504845094548
0.16672271235998515
0.17075589722855294
0.17264174046907682
