-8.673617379884035e-18
0.00015975510659055163
0.0007286402023616509
0.0015224230790424325
0.002604368609905724
0.0039530519940429425
0.005610317801352982
0.007710483710325849
0.009520368384668134
0.011598864184321196
0.014337330314341123
0.014688164612499189
0.015753072026300094
0.01692551285176625
0.018952016379114332
0.01943073998348588
0.022013133086294143
0.02234904176192732
0.024260492144530223
0.025451571343787685
0.028376129865190704
0.029417270635585697
0.030209642452314958
0.03239161998918521
0.0351293590789178
0.03565196975649944
0.036931724124024554
0.038393428205257735
0.0388939180016195
0.03978798015249664
0.04121070590488376
0.04222606478834356
0.04335026609932322
0.04425940417096402
0.04553277438919558
0.0461968303423648
0.04756588378273727
0.04957787891288636
0.05026007000776844
0.05136011266750223
0.05215690778445995
0.05322351922431235
0.054006201157096374
0.05482673490508463
0.05639688408945983
0.057441176070070994
0.058774468058561576
0.060572467234927284
0.06170699933789841
0.06223995096468086
