5.204170427930421e-18
0.008858707401099982
0.018570608354415805
0.031442757359745346
0.032608852852408804
0.03326170015859826
0.06639035374839304
0.06778540843118686
0.07357713026651208
0.07507356564408633
0.07621520805388594
0.0858242991103043
0.0985089009362005
0.10392423256358639
0.11485674302944406
0.11704974095322958
0.12347619935057046
0.12591059935242105
0.14418576384621332
0.1442510957920983
0.15824228475457294
0.16164235334405871
0.1665600606679956
0.18336477037973717
0.18400895547257132
0.19318752915893683
0.19991040114970876
0.21061936619456287
0.21653329298832316
0.24726709326394108
0.24796597084536953
0.25630318642110234
0.26331579649049247
0.26458024080261044
0.2773320727937347
0.28010274022209736
0.28235822363070956
0.28574476353204686
0.29103953069953736
0.3013802066155595
0.3201023223682818
0.33170679405942843
0.3341816734404156
0.3362483084732018
0.35066265187494067
0.35536281090073996
0.3597063115752827
0.3750329573356353
0.3760075802322872
0.3790859367190251
