6.938893903907228e-18
0.0004155119146206591
0.0004157069195432142
0.0005649853651944672
0.0012044855357046923
0.0012057940685981268
0.0014501559148371434
0.0014514620630306629
0.001998132253965737
0.0021672817593646563
0.002388572445985091
0.0023916847013566375
0.003045461912962717
0.003048261987343516
0.003122038127447744
0.0031290282683208784
0.004142814812672858
0.004154378848731998
0.004161109675780716
0.004405135119852171
0.004412583702189197
0.005078652224850667
0.00507915963148379
0.005423100638483147
0.005427755640017686
0.005846722069721149
0.0058569951646155905
0.00628487542799608
0.006292194109684181
0.006510156650034982
0.006515188787349821
0.0069365233409965105
0.007451110352658821
0.007453919433122938
0.008318129314934994
0.008326094782250269
0.008707395802880146
0.008719761559656246
0.008877435187704513
0.008879782674533236
0.008904666032752225
0.00890574040318748
0.00943461952529145
0.009448506598752961
0.009513557710365524
0.009529422044156374
0.00964090303041172
0.01064772714591585
0.010863580475197155
0.010888649521790568
