1.734723475976807e-17
0.03506597613043807
0.16941400836515402
0.18715063203539722
0.4114824315683419
0.6978661412915538
1.0614732896217218
1.2205242717463118
1.2801118270140763
1.421915997569054
1.487810174307053
1.5277486160944904
1.6939461528177306
1.6948680477341913
1.803813025867328
1.9209431678788709
1.9696948697258447
1.9942308580835182
2.1136510888468796
2.1740093399193636
2.2884323392643675
2.3617356941559473
2.6634984697663677
2.719949546327147
2.874329598281186
3.169506533845771
3.2380950863252256
3.3197479452247842
3.4284766513280442
3.512208996153741
3.8081213253541457
3.922968643986823
4.3205417615348045
4.436737941517708
4.49911334519121
4.812461552387536
5.022087209744727
5.120563487164957
5.260816666030097
5.2800589809929495
5.483895864499047
5.663092144581928
5.685723442618026
5.772084843572697
5.893307813244779
5.953424920917147
6.022148343492135
6.124269775650263
6.236971599722801
6.296655744274278
