-1.9081958235744878e-17
0.0017403976593286276
0.0021462502625700583
0.0038825165045405056
0.0038912883288470517
0.006958558537987958
0.008580302474053449
0.009094423657848195
0.00911458255613184
0.010309806806941353
0.01033160437061323
0.015516866705661032
0.015549564001187835
0.015646080076667776
0.017771751978412915
0.017809096497033453
0.019290921662241188
0.02100847246362976
0.021056733813216516
0.02418565384910821
0.0242352369386429
0.026206669230523144
0.026264592522794165
0.027787892784247627
0.02990093896682288
0.02996458250430195
0.03425208167901886
0.03485994376625349
0.03493712293163909
0.035957744302043675
0.03603478623894435
0.036304039335501505
0.03637706761391193
0.04114337672193079
0.04123661023283252
0.04336274898144586
0.045465554964501526
0.04554952652305687
0.046957648337664484
0.04705726415327918
0.049776351405379636
0.04987627354965051
0.05185341770882243
0.051958550638214564
0.05344043002368646
0.05512944612523283
0.055238456071071314
0.060301799710707725
0.060420399626357014
0.06184854135903645
