-1.734723475976807e-18
0.008952934079538627
0.012340644170039787
0.015653047244657194
0.03650391165518003
0.050375897709897186
0.05846961228637509
0.05961404817104599
0.08982631586237516
0.09674025277527559
0.09995523737677561
0.1022390642627599
0.1029694382986638
0.13513579144085608
0.1365983705434847
0.14210058090825775
0.15599398537007161
0.1715658554865579
0.17911746153351535
0.18713972551387592
0.19324102781565386
0.19815318932513262
0.199669142300628
0.200419399262035
0.22070334404347594
0.2346826413128559
0.24713549950531744
0.24879366765183836
0.24939677185625247
0.2851452817114193
0.309385778289495
0.31157029409746956
0.3119778217596586
0.3196480944267794
0.3329589075437676
0.3511492279333664
0.35485992620672335
0.37820044533111524
0.3784571679073247
0.38107342674415423
0.3830050736129377
0.38495355033649464
0.3916759846838542
0.3969672955832866
0.41515317043220945
0.42271594879145613
0.4390331103161645
0.44328324613239234
0.44622338467619793
0.47290760348505667
