-6.938893903907228e-18
0.0007220353618967307
0.0025494693530176693
0.0034341992869242853
0.0036113068807530364
0.005517097138798065
0.007559532907075858
0.007812732005144882
0.008928291866937778
0.010531767058123831
0.011375783484564193
0.012366325682940977
0.012552858958634354
0.014021013536348924
0.01466985495165775
0.01656606713720591
0.017045131718418878
0.02037614118143699
0.02117997022389781
0.021542427116410946
0.02189711133090544
0.02209841172545364
0.02360690233682665
0.024943980156043294
0.026337126402027504
0.026653976997109495
0.027586933322434927
0.03016840145773786
0.03181616023990126
0.03316738206918537
0.033400193427821356
0.03383762628870234
0.03680699529531538
0.03836164173867458
0.039094257732287155
0.04033167845499655
0.04107331406125343
0.04370725134133955
0.043814304228359045
0.04382806763891972
0.04425128383818763
0.04477953415967609
0.04767806237278916
0.04801136566372625
0.04893155477241102
0.050106708155460006
0.051818112553866195
0.05222421096617869
0.05367476359161772
0.05464666593153012
