-1.734723475976807e-18
0.0011084733315514794
0.0011105048897134678
0.004041422848597858
0.00466922452371636
0.005855625497505039
0.0071717045069571595
0.0071802308547243305
0.009405390559163026
0.009417273399726112
0.010745200081974807
0.011676114573270545
0.014737529138379701
0.01692547752802373
0.017806127198945407
0.017810323215874627
0.022732188141317847
0.02278153042410183
0.02652980224077759
0.027119709445324935
0.028121330309458153
0.030511315054197963
0.033114938758140505
0.033880647970089245
0.03395194330832363
0.03499445980037278
0.03511741425947585
0.03712523007873633
0.03758232150246093
0.03777995343016973
0.03795683336451659
0.03799098382196527
0.04038316099407043
0.04155250577232264
0.04167552148935758
0.04222073876239858
0.0426128865698216
0.0428467406689873
0.04944501839057355
0.04974756129372991
0.0498057987758774
0.053047908879807835
0.05848281820771246
0.05860521476990186
0.06579661210442564
0.06592154153122962
0.06790574766880199
0.07063627819320564
0.0737991792635956
0.07444406984322254
