-1.214306433183765e-17
0.0002520995092640931
0.00025217547262025054
0.0008755849326093738
0.0010005842970496979
0.0018911219807240236
0.001892674181185508
0.002748288100511585
0.0033104280596435755
0.004128605625616982
0.004137111360450342
0.004690033636749705
0.0060013892359681385
0.00601187460645705
0.006038736410689813
0.006065488589555206
0.007617532891512907
0.007663472422054717
0.0076705778349294065
0.007737159549606925
0.00969002100603743
0.009732053406803791
0.00976383242976822
0.009931782893567333
0.0115653825693926
0.012555919794406697
0.012572441434454075
0.01392649174529023
0.014620338781194437
0.014988221802820998
0.0151701933241953
0.01517806022594964
0.015498679572693944
0.015502976169891486
0.015512726115068308
0.015735257345724014
0.02405827211673365
0.024142462419636607
0.024185739439697596
0.02443891301921746
0.024447820707856026
0.02473750169666722
0.024759664715904538
0.024859771776535658
0.024979250156945673
0.02500241633726264
0.02501231035946329
0.025077401626804025
0.025830482158517763
0.025917523308733897
