6.591949208711867e-17
0.014444833360961149
0.03079608886971312
0.04989524818037495
0.05375255645173504
0.06029754476602201
0.08430055835969068
0.09927557010838538
0.10861549059421936
0.11891337816704971
0.13515552451237287
0.1457689658357671
0.16796124594244566
0.1742541898483316
0.18604789474441608
0.21418109767685867
0.22106753544303484
0.25311595124688857
0.2619415558211737
0.27562938130848313
0.2828072186102484
0.2928054425652129
0.31354409906390385
0.32226684757543617
0.3244489455704982
0.3505354802082616
0.3612857543505178
0.37481754790806404
0.40031452985895016
0.40845890791301037
0.4163802505899231
0.43121777669756833
0.4368428790412694
0.47881857530283695
0.4823832724242341
0.49976281795275834
0.5085039678177937
0.5166892716604352
0.5248298622351777
0.5296370782596722
0.5461791799531581
0.574586974505705
0.5764670827388473
0.5827135428528081
0.6067361372414368
0.6297954350215649
0.6426871044857271
0.6641323305286573
0.6688392278637361
0.6822954188365509
