-3.469446951953614e-18
0.0004242484274750175
0.0008842046035924794
0.0008844877610681024
0.0013691173142486822
0.0022885733349142165
0.0022890019899709894
0.002680844734131667
0.0026823258306660908
0.002688407349133703
0.004163968640498851
0.004165485778053642
0.004340331893491067
0.005139415964845278
0.005144026955420811
0.005282095975756955
0.005380554503818169
0.006402063128828515
0.006404783261783368
0.006491219791963954
0.00801072666112715
0.008013622772402347
0.008799038245296214
0.008812262865832728
0.008861407048377528
0.008958951182357228
0.008965424944527645
0.008967355695383915
0.00918529699001682
0.011135645814450935
0.011136684940971404
0.01206711237872988
0.012068563854934848
0.012218153466264
0.01282965776967032
0.012837857897438137
0.013084495570807748
0.013099227295908721
0.01354708348613153
0.013562468952361734
0.014562894810091908
0.014566659294633402
0.015594195887967338
0.01566657409788752
0.015678487193045133
0.01685081874617625
0.016855971600998866
0.01800215777269592
0.018279775297720055
0.01852135529356578
