8.673617379884035e-18
0.0004293662945757202
0.0007710759698348283
0.0007712662988783175
0.0014583044180724522
0.0014584856277362786
0.0019003150194983366
0.002508361297469326
0.0025102941624364026
0.0032407633728490162
0.0032418649079201303
0.0032580734646810387
0.0036496351743966586
0.0036504618527007718
0.005152239455747535
0.005152879628602612
0.005518388606132343
0.005519020163682565
0.005768367365053094
0.005881670895773914
0.00588274463659357
0.006247166001180764
0.006253013161614659
0.008244399876599822
0.008411405814647112
0.008415181599571437
0.008579102545823501
0.008580827413653137
0.008677700872960393
0.008679624546504021
0.009445448365723265
0.009447372244479483
0.00981599720556583
0.009819429208502985
0.011672749210984433
0.011673866337155928
0.011887361117509336
0.012076484455270287
0.012079521334084456
0.012285058359594177
0.012294835703695587
0.012749751922848612
0.012750703932963866
0.013920131796654354
0.013921333806128694
0.01435168007529621
0.014359404624534921
0.015583158668440763
0.015776148518682816
0.01578424041321312
