1.734723475976807e-18
0.0061906042846459255
0.006196844223579341
0.007796598066195206
0.013075636092628034
0.016712457558728598
0.016745331755576312
0.01886350109446097
0.03215574858787845
0.03906545085073085
0.03910963789560765
0.04210143815573503
0.04870601775325783
0.05849354232828873
0.07634325235328183
0.07641589133187351
0.09519714172953167
0.10318021340505587
0.118087007522425
0.11867737706036262
0.11889819060846678
0.12014306715716767
0.12040512000775445
0.12840203481365522
0.16301942499924485
0.16317675647373836
0.17826005474477302
0.18672706804089864
0.2010041921806693
0.20755681171549664
0.21246317596807712
0.2147081418166386
0.2148669490227141
0.22559873371017486
0.22756597418955674
0.24300897380743208
0.2434641955173505
0.24605281310572552
0.24619729890933523
0.2722675160592829
0.27444801946411124
0.28937427198750376
0.2967483290019026
0.3001501612904679
0.30080509854109744
0.30402510812490785
0.33873666133044755
0.33897979537460965
0.34371195191662024
0.3438845494828552
