-1.734723475976807e-17
0.00043004536167298886
0.001665196809668831
0.0037921022421098967
0.006540360805569046
0.010029296738899544
0.014230033089060125
0.018798437362183285
0.019396034422647222
0.019418787342896454
0.021138679196119094
0.021350666327368283
0.022545097088159403
0.02272118708140663
0.024865587725757234
0.025760057221141275
0.026004643934493532
0.028720667270579897
0.02901608820056866
0.03129697632257719
0.03360263761421699
0.03397147614955436
0.03844535510479622
0.03869435494408145
0.0391466265286637
0.04493626009288519
0.045494805456304126
0.04757872660362784
0.051804981661386855
0.05236696093666653
0.05692842705878246
0.05984506408552288
0.06041273469992641
0.06720201416363261
0.06858225596132442
0.06924293826969266
0.07407314713395467
0.07417062173424964
0.0779648230644243
0.07817281687272
0.07857477014617367
0.07888007260807171
0.08070742821361311
0.08086171107688289
0.08157941600151297
0.08422718538700208
0.08532052857851542
0.08665919072360521
0.0877205903604611
0.08794646148684952
