-2.7755575615628914e-17
0.00012504940824579515
0.0008937275318847276
0.0011262735278374288
0.0021383393623129483
0.00407767188134584
0.00432385784615766
0.00451006687209171
0.005814979288358188
0.0063937461241275004
0.006483693872007963
0.00655755827421081
0.006792641940875898
0.007621925444784914
0.007934145731878327
0.00804522213319211
0.008834799729841464
0.009879957630906223
0.010311083372523082
0.01106646755671869
0.012102169197698414
0.01348670648061547
0.014495219928735982
0.014564941579386077
0.01559600762289035
0.01570634391600624
0.01617319781090159
0.017046000907918538
0.018456741631015357
0.018576268977577234
0.01864484987125034
0.018857856740682986
0.019828169618527326
0.02015672256660119
0.020979614721573232
0.021611626266638227
0.02172794029774694
0.022538292183237642
0.02273287691697961
0.023062271359669845
0.02331927028948093
0.023782670305330086
0.024557998725832385
0.025008867496416252
0.025480358482371936
0.02633094217187717
0.02768610741980592
0.027829679294334636
0.028984878808746492
0.029463889945714646
